5.553500e+01 3.207700e+19 8.674440e+03 4.253190e+03 1.420770e+03 4.982900e+03 7.891820e+02 0.000000e+00 0.000000e+00 0.000000e+00 0.000000e+00 0.000000e+00 0.000000e+00 0.000000e+00 0.000000e+00 0.000000e+00 -1.000000e+00 2.000000e-01 3.220000e-01 0.000000e+00 
5.553500e+01 3.207700e+19 8.674440e+03 4.253190e+03 1.420770e+03 4.982900e+03 7.891820e+02 0.000000e+00 1.844220e-06 0.000000e+00 0.000000e+00 3.456050e-11 0.000000e+00 0.000000e+00 0.000000e+00 -0.000000e+00 -1.000000e+00 2.091900e-01 3.234550e-01 0.000000e+00 
5.407500e+01 3.123370e+19 8.495400e+03 4.392350e+03 1.489070e+03 5.007170e+03 7.541400e+02 0.000000e+00 3.688440e-06 0.000000e+00 0.000000e+00 0.000000e+00 0.000000e+00 0.000000e+00 0.000000e+00 -0.000000e+00 -1.000000e+00 2.183890e-01 3.248480e-01 0.000000e+00 
5.113000e+01 2.953270e+19 8.333620e+03 4.314790e+03 1.444120e+03 5.042410e+03 7.422160e+02 0.000000e+00 5.525880e-06 0.000000e+00 0.000000e+00 0.000000e+00 0.000000e+00 0.000000e+00 0.000000e+00 -0.000000e+00 -1.000000e+00 2.275910e-01 3.262180e-01 0.000000e+00 
5.113000e+01 2.953270e+19 8.333620e+03 4.314790e+03 1.444120e+03 5.042410e+03 7.422160e+02 0.000000e+00 7.351380e-06 0.000000e+00 0.000000e+00 -3.375050e-11 0.000000e+00 0.000000e+00 0.000000e+00 -0.000000e+00 -1.000000e+00 2.367960e-01 3.275730e-01 0.000000e+00 
5.058000e+01 2.921500e+19 8.081980e+03 4.299790e+03 1.464430e+03 5.091890e+03 6.648010e+02 0.000000e+00 9.141100e-06 0.000000e+00 0.000000e+00 -1.728030e-11 0.000000e+00 0.000000e+00 0.000000e+00 0.000000e+00 -1.000000e+00 2.460200e-01 3.287920e-01 0.000000e+00 
5.123500e+01 2.959330e+19 8.089450e+03 4.360060e+03 1.400170e+03 5.152770e+03 7.402430e+02 0.000000e+00 1.049740e-05 0.000000e+00 0.000000e+00 0.000000e+00 0.000000e+00 0.000000e+00 0.000000e+00 -0.000000e+00 -1.000000e+00 2.520420e-01 3.296750e-01 0.000000e+00 
5.123500e+01 2.959330e+19 8.089450e+03 4.360060e+03 1.400170e+03 5.152770e+03 7.402430e+02 0.000000e+00 1.053320e-05 0.000000e+00 0.000000e+00 1.728030e-11 0.000000e+00 0.000000e+00 0.000000e+00 0.000000e+00 -1.000000e+00 2.589360e-01 3.306660e-01 0.000000e+00 
5.123500e+01 2.959330e+19 8.089450e+03 4.360060e+03 1.400170e+03 5.152770e+03 7.402430e+02 0.000000e+00 1.056890e-05 0.000000e+00 0.000000e+00 -1.728030e-11 0.000000e+00 0.000000e+00 0.000000e+00 -0.000000e+00 -1.000000e+00 2.591210e-01 3.306920e-01 0.000000e+00 
5.123500e+01 2.959330e+19 8.089450e+03 4.360060e+03 1.400170e+03 5.152770e+03 7.402430e+02 0.000000e+00 1.060470e-05 0.000000e+00 0.000000e+00 0.000000e+00 0.000000e+00 0.000000e+00 0.000000e+00 -0.000000e+00 -1.000000e+00 2.593050e-01 3.307190e-01 0.000000e+00 
5.123500e+01 2.959330e+19 8.089450e+03 4.360060e+03 1.400170e+03 5.152770e+03 7.402430e+02 0.000000e+00 1.064040e-05 0.000000e+00 0.000000e+00 -1.728030e-11 0.000000e+00 0.000000e+00 0.000000e+00 0.000000e+00 -1.000000e+00 2.594890e-01 3.307450e-01 0.000000e+00 
5.123500e+01 2.959330e+19 8.089450e+03 4.360060e+03 1.400170e+03 5.152770e+03 7.402430e+02 0.000000e+00 1.067620e-05 0.000000e+00 0.000000e+00 -1.728030e-11 0.000000e+00 0.000000e+00 0.000000e+00 0.000000e+00 -1.000000e+00 2.596730e-01 3.307720e-01 0.000000e+00 
5.123500e+01 2.959330e+19 8.089450e+03 4.360060e+03 1.400170e+03 5.152770e+03 7.402430e+02 0.000000e+00 1.071190e-05 0.000000e+00 0.000000e+00 -1.728030e-11 0.000000e+00 0.000000e+00 0.000000e+00 0.000000e+00 -1.000000e+00 2.598570e-01 3.307980e-01 0.000000e+00 
5.123500e+01 2.959330e+19 8.089450e+03 4.360060e+03 1.400170e+03 5.152770e+03 7.402430e+02 0.000000e+00 1.074760e-05 0.000000e+00 0.000000e+00 -1.728030e-11 0.000000e+00 0.000000e+00 0.000000e+00 -0.000000e+00 -1.000000e+00 2.600420e-01 3.308240e-01 0.000000e+00 
5.123500e+01 2.959330e+19 8.089450e+03 4.360060e+03 1.400170e+03 5.152770e+03 7.402430e+02 0.000000e+00 1.078340e-05 0.000000e+00 0.000000e+00 -1.728030e-11 0.000000e+00 0.000000e+00 0.000000e+00 0.000000e+00 -1.000000e+00 2.602260e-01 3.308510e-01 0.000000e+00 
5.123500e+01 2.959330e+19 8.089450e+03 4.360060e+03 1.400170e+03 5.152770e+03 7.402430e+02 0.000000e+00 1.081910e-05 0.000000e+00 0.000000e+00 0.000000e+00 0.000000e+00 0.000000e+00 0.000000e+00 -0.000000e+00 -1.000000e+00 2.604100e-01 3.308770e-01 0.000000e+00 
5.123500e+01 2.959330e+19 8.089450e+03 4.360060e+03 1.400170e+03 5.152770e+03 7.402430e+02 0.000000e+00 1.085490e-05 0.000000e+00 0.000000e+00 0.000000e+00 0.000000e+00 0.000000e+00 0.000000e+00 0.000000e+00 -1.000000e+00 2.605940e-01 3.309040e-01 0.000000e+00 
5.123500e+01 2.959330e+19 8.089450e+03 4.360060e+03 1.400170e+03 5.152770e+03 7.402430e+02 0.000000e+00 1.089060e-05 0.000000e+00 0.000000e+00 -8.640130e-12 0.000000e+00 0.000000e+00 0.000000e+00 -0.000000e+00 -1.000000e+00 2.607780e-01 3.309300e-01 0.000000e+00 
5.123500e+01 2.959330e+19 8.089450e+03 4.360060e+03 1.400170e+03 5.152770e+03 7.402430e+02 0.000000e+00 1.092640e-05 0.000000e+00 0.000000e+00 -1.728030e-11 0.000000e+00 0.000000e+00 0.000000e+00 0.000000e+00 -1.000000e+00 2.609620e-01 3.309570e-01 0.000000e+00 
5.123500e+01 2.959330e+19 8.089450e+03 4.360060e+03 1.400170e+03 5.152770e+03 7.402430e+02 0.000000e+00 1.096210e-05 0.000000e+00 0.000000e+00 -8.640130e-12 0.000000e+00 0.000000e+00 0.000000e+00 -0.000000e+00 -1.000000e+00 2.611470e-01 3.309830e-01 0.000000e+00 
5.123500e+01 2.959330e+19 8.089450e+03 4.360060e+03 1.400170e+03 5.152770e+03 7.402430e+02 0.000000e+00 1.099790e-05 0.000000e+00 0.000000e+00 3.456050e-11 0.000000e+00 0.000000e+00 0.000000e+00 0.000000e+00 -1.000000e+00 2.613310e-01 3.310100e-01 0.000000e+00 
5.123500e+01 2.959330e+19 8.089450e+03 4.360060e+03 1.400170e+03 5.152770e+03 7.402430e+02 0.000000e+00 1.103360e-05 0.000000e+00 0.000000e+00 -2.592040e-11 0.000000e+00 0.000000e+00 0.000000e+00 0.000000e+00 -1.000000e+00 2.615150e-01 3.310360e-01 0.000000e+00 
5.123500e+01 2.959330e+19 8.089450e+03 4.360060e+03 1.400170e+03 5.152770e+03 7.402430e+02 0.000000e+00 1.106940e-05 0.000000e+00 0.000000e+00 3.456050e-11 0.000000e+00 0.000000e+00 0.000000e+00 -0.000000e+00 -1.000000e+00 2.616990e-01 3.310630e-01 0.000000e+00 
5.123500e+01 2.959330e+19 8.089450e+03 4.360060e+03 1.400170e+03 5.152770e+03 7.402430e+02 0.000000e+00 1.110510e-05 0.000000e+00 0.000000e+00 -3.024050e-11 0.000000e+00 0.000000e+00 0.000000e+00 0.000000e+00 -1.000000e+00 2.618830e-01 3.310890e-01 0.000000e+00 
5.123500e+01 2.959330e+19 8.089450e+03 4.360060e+03 1.400170e+03 5.152770e+03 7.402430e+02 0.000000e+00 1.114090e-05 0.000000e+00 0.000000e+00 3.024050e-11 0.000000e+00 0.000000e+00 0.000000e+00 -0.000000e+00 -1.000000e+00 2.620680e-01 3.311160e-01 0.000000e+00 
5.123500e+01 2.959330e+19 8.089450e+03 4.360060e+03 1.400170e+03 5.152770e+03 7.402430e+02 0.000000e+00 1.117660e-05 0.000000e+00 0.000000e+00 4.320070e-12 0.000000e+00 0.000000e+00 0.000000e+00 -0.000000e+00 -1.000000e+00 2.622520e-01 3.311420e-01 0.000000e+00 
5.123500e+01 2.959330e+19 8.089450e+03 4.360060e+03 1.400170e+03 5.152770e+03 7.402430e+02 0.000000e+00 1.121230e-05 0.000000e+00 0.000000e+00 3.024050e-11 0.000000e+00 0.000000e+00 0.000000e+00 0.000000e+00 -1.000000e+00 2.624360e-01 3.311680e-01 0.000000e+00 
5.123500e+01 2.959330e+19 8.089450e+03 4.360060e+03 1.400170e+03 5.152770e+03 7.402430e+02 0.000000e+00 1.124810e-05 0.000000e+00 0.000000e+00 4.320070e-12 0.000000e+00 0.000000e+00 0.000000e+00 0.000000e+00 -1.000000e+00 2.626200e-01 3.311950e-01 0.000000e+00 
5.123500e+01 2.959330e+19 8.089450e+03 4.360060e+03 1.400170e+03 5.152770e+03 7.402430e+02 0.000000e+00 1.128380e-05 0.000000e+00 0.000000e+00 4.320070e-12 0.000000e+00 0.000000e+00 0.000000e+00 0.000000e+00 -1.000000e+00 2.628040e-01 3.312210e-01 0.000000e+00 
5.123500e+01 2.959330e+19 8.089450e+03 4.360060e+03 1.400170e+03 5.152770e+03 7.402430e+02 0.000000e+00 1.131960e-05 0.000000e+00 0.000000e+00 3.240050e-12 0.000000e+00 0.000000e+00 0.000000e+00 -0.000000e+00 -1.000000e+00 2.629890e-01 3.312480e-01 0.000000e+00 
1.930600e+02 2.787790e+19 7.896270e+03 4.331240e+03 1.415770e+03 5.141710e+03 6.390740e+02 0.000000e+00 1.135530e-05 0.000000e+00 0.000000e+00 0.000000e+00 0.000000e+00 0.000000e+00 0.000000e+00 -0.000000e+00 -1.000000e+00 2.631730e-01 3.312730e-01 0.000000e+00 
1.930600e+02 2.787790e+19 7.896270e+03 4.331240e+03 1.415770e+03 5.141710e+03 6.390740e+02 0.000000e+00 1.494680e-05 0.000000e+00 0.000000e+00 -8.640130e-12 0.000000e+00 0.000000e+00 0.000000e+00 -0.000000e+00 -1.000000e+00 2.816390e-01 3.335680e-01 0.000000e+00 
1.837700e+02 2.653640e+19 7.647940e+03 4.313990e+03 1.385510e+03 5.183660e+03 5.630220e+02 0.000000e+00 1.853820e-05 0.000000e+00 0.000000e+00 0.000000e+00 0.000000e+00 0.000000e+00 0.000000e+00 -0.000000e+00 -1.000000e+00 3.001220e-01 3.357210e-01 0.000000e+00 
1.758500e+02 2.539270e+19 7.367450e+03 4.274950e+03 1.416930e+03 5.213240e+03 4.881600e+02 0.000000e+00 2.210690e-05 0.000000e+00 0.000000e+00 0.000000e+00 0.000000e+00 0.000000e+00 0.000000e+00 -0.000000e+00 -1.000000e+00 3.186290e-01 3.376510e-01 0.000000e+00 
1.758500e+02 2.539270e+19 7.367450e+03 4.274950e+03 1.416930e+03 5.213240e+03 4.881600e+02 0.000000e+00 2.566080e-05 0.000000e+00 0.000000e+00 4.320070e-12 0.000000e+00 0.000000e+00 0.000000e+00 -0.000000e+00 -1.000000e+00 3.371560e-01 3.393860e-01 0.000000e+00 
1.684900e+02 2.433000e+19 7.246040e+03 4.279190e+03 1.400230e+03 5.239780e+03 4.373620e+02 0.000000e+00 2.900010e-05 0.000000e+00 0.000000e+00 0.000000e+00 0.000000e+00 0.000000e+00 0.000000e+00 0.000000e+00 -1.000000e+00 3.556980e-01 3.409520e-01 0.000000e+00 
1.742350e+02 2.515950e+19 7.176240e+03 4.246970e+03 1.413150e+03 5.350260e+03 5.353930e+02 0.000000e+00 3.253920e-05 0.000000e+00 0.000000e+00 0.000000e+00 0.000000e+00 0.000000e+00 0.000000e+00 0.000000e+00 -1.000000e+00 3.742340e-01 3.425880e-01 0.000000e+00 
1.742350e+02 2.515950e+19 7.176240e+03 4.246970e+03 1.413150e+03 5.350260e+03 5.353930e+02 0.000000e+00 3.599990e-05 0.000000e+00 0.000000e+00 -2.160030e-12 0.000000e+00 0.000000e+00 0.000000e+00 -0.000000e+00 -1.000000e+00 3.927500e-01 3.444410e-01 0.000000e+00 
1.673400e+02 2.416390e+19 6.945530e+03 4.194690e+03 1.401060e+03 5.376260e+03 4.782470e+02 0.000000e+00 3.919510e-05 0.000000e+00 0.000000e+00 8.640130e-12 0.000000e+00 0.000000e+00 0.000000e+00 -0.000000e+00 -1.000000e+00 4.112830e-01 3.461090e-01 0.000000e+00 
1.620050e+02 2.339350e+19 6.861100e+03 4.185510e+03 1.393700e+03 5.402980e+03 4.404790e+02 0.000000e+00 4.264270e-05 0.000000e+00 0.000000e+00 0.000000e+00 0.000000e+00 0.000000e+00 0.000000e+00 -0.000000e+00 -1.000000e+00 4.298240e-01 3.476900e-01 0.000000e+00 
1.570650e+02 2.268020e+19 6.750980e+03 4.134040e+03 1.381560e+03 5.425480e+03 3.884380e+02 0.000000e+00 4.607530e-05 0.000000e+00 0.000000e+00 0.000000e+00 0.000000e+00 0.000000e+00 0.000000e+00 -0.000000e+00 -1.000000e+00 4.483700e-01 3.492020e-01 0.000000e+00 
1.570650e+02 2.268020e+19 6.750980e+03 4.134040e+03 1.381560e+03 5.425480e+03 3.884380e+02 0.000000e+00 4.949630e-05 0.000000e+00 0.000000e+00 -8.640130e-12 0.000000e+00 0.000000e+00 0.000000e+00 -0.000000e+00 -1.000000e+00 4.669310e-01 3.505310e-01 0.000000e+00 
1.528200e+02 2.206720e+19 6.596470e+03 4.156510e+03 1.372420e+03 5.430820e+03 3.634710e+02 0.000000e+00 5.185390e-05 0.000000e+00 0.000000e+00 1.728030e-11 0.000000e+00 0.000000e+00 0.000000e+00 -0.000000e+00 -1.000000e+00 4.809690e-01 3.515030e-01 0.000000e+00 
1.528200e+02 2.206720e+19 6.596470e+03 4.156510e+03 1.372420e+03 5.430820e+03 3.634710e+02 0.000000e+00 5.527260e-05 0.000000e+00 0.000000e+00 3.780060e-12 0.000000e+00 0.000000e+00 0.000000e+00 -0.000000e+00 -1.000000e+00 4.995360e-01 3.527460e-01 0.000000e+00 
1.490600e+02 2.152430e+19 6.540230e+03 4.142260e+03 1.425590e+03 5.448450e+03 3.310810e+02 0.000000e+00 5.869140e-05 0.000000e+00 0.000000e+00 0.000000e+00 0.000000e+00 0.000000e+00 0.000000e+00 -0.000000e+00 -1.000000e+00 5.181090e-01 3.538860e-01 0.000000e+00 
1.434350e+02 2.071200e+19 6.480720e+03 4.155750e+03 1.390840e+03 5.455930e+03 3.011030e+02 0.000000e+00 6.021850e-05 0.000000e+00 0.000000e+00 0.000000e+00 0.000000e+00 0.000000e+00 0.000000e+00 -0.000000e+00 -1.000000e+00 5.273420e-01 3.544470e-01 0.000000e+00 
1.434350e+02 2.071200e+19 6.480720e+03 4.155750e+03 1.390840e+03 5.455930e+03 3.011030e+02 0.000000e+00 6.362400e-05 0.000000e+00 0.000000e+00 8.640130e-12 0.000000e+00 0.000000e+00 0.000000e+00 -0.000000e+00 -1.000000e+00 5.459220e-01 3.554720e-01 0.000000e+00 
1.396100e+02 2.015970e+19 6.392040e+03 4.130740e+03 1.433880e+03 5.461640e+03 2.654180e+02 0.000000e+00 6.488850e-05 0.000000e+00 0.000000e+00 0.000000e+00 0.000000e+00 0.000000e+00 0.000000e+00 -0.000000e+00 -1.000000e+00 5.535400e-01 3.558920e-01 0.000000e+00 
1.396100e+02 2.015970e+19 6.392040e+03 4.130740e+03 1.433880e+03 5.461640e+03 2.654180e+02 0.000000e+00 6.829150e-05 0.000000e+00 0.000000e+00 0.000000e+00 0.000000e+00 0.000000e+00 0.000000e+00 -0.000000e+00 -1.000000e+00 5.721260e-01 3.567960e-01 0.000000e+00 
1.354050e+02 1.955250e+19 6.401870e+03 4.137680e+03 1.429700e+03 5.468060e+03 2.419390e+02 0.000000e+00 7.072560e-05 0.000000e+00 0.000000e+00 -1.728030e-11 0.000000e+00 0.000000e+00 0.000000e+00 -0.000000e+00 -1.000000e+00 5.866050e-01 3.574680e-01 0.000000e+00 
1.354050e+02 1.955250e+19 6.401870e+03 4.137680e+03 1.429700e+03 5.468060e+03 2.419390e+02 0.000000e+00 7.079360e-05 0.000000e+00 0.000000e+00 0.000000e+00 0.000000e+00 0.000000e+00 0.000000e+00 -0.000000e+00 -1.000000e+00 5.999010e-01 3.580560e-01 0.000000e+00 
1.354050e+02 1.955250e+19 6.401870e+03 4.137680e+03 1.429700e+03 5.468060e+03 2.419390e+02 0.000000e+00 7.086160e-05 0.000000e+00 0.000000e+00 1.728030e-11 0.000000e+00 0.000000e+00 0.000000e+00 0.000000e+00 -1.000000e+00 6.002730e-01 3.580730e-01 0.000000e+00 
1.354050e+02 1.955250e+19 6.401870e+03 4.137680e+03 1.429700e+03 5.468060e+03 2.419390e+02 0.000000e+00 7.092960e-05 0.000000e+00 0.000000e+00 0.000000e+00 0.000000e+00 0.000000e+00 0.000000e+00 -0.000000e+00 -1.000000e+00 6.006450e-01 3.580890e-01 0.000000e+00 
1.354050e+02 1.955250e+19 6.401870e+03 4.137680e+03 1.429700e+03 5.468060e+03 2.419390e+02 0.000000e+00 7.099760e-05 0.000000e+00 0.000000e+00 1.296020e-11 0.000000e+00 0.000000e+00 0.000000e+00 -0.000000e+00 -1.000000e+00 6.010170e-01 3.581050e-01 0.000000e+00 
1.354050e+02 1.955250e+19 6.401870e+03 4.137680e+03 1.429700e+03 5.468060e+03 2.419390e+02 0.000000e+00 7.106550e-05 0.000000e+00 0.000000e+00 0.000000e+00 0.000000e+00 0.000000e+00 0.000000e+00 -0.000000e+00 -1.000000e+00 6.013890e-01 3.581220e-01 0.000000e+00 
1.354050e+02 1.955250e+19 6.401870e+03 4.137680e+03 1.429700e+03 5.468060e+03 2.419390e+02 0.000000e+00 7.113350e-05 0.000000e+00 0.000000e+00 8.640130e-12 0.000000e+00 0.000000e+00 0.000000e+00 0.000000e+00 -1.000000e+00 6.017610e-01 3.581380e-01 0.000000e+00 
1.354050e+02 1.955250e+19 6.401870e+03 4.137680e+03 1.429700e+03 5.468060e+03 2.419390e+02 0.000000e+00 7.120150e-05 0.000000e+00 0.000000e+00 -4.320070e-12 0.000000e+00 0.000000e+00 0.000000e+00 -0.000000e+00 -1.000000e+00 6.021320e-01 3.581550e-01 0.000000e+00 
1.354050e+02 1.955250e+19 6.401870e+03 4.137680e+03 1.429700e+03 5.468060e+03 2.419390e+02 0.000000e+00 7.126950e-05 0.000000e+00 0.000000e+00 -4.320070e-12 0.000000e+00 0.000000e+00 0.000000e+00 -0.000000e+00 -1.000000e+00 6.025040e-01 3.581710e-01 0.000000e+00 
1.354050e+02 1.955250e+19 6.401870e+03 4.137680e+03 1.429700e+03 5.468060e+03 2.419390e+02 0.000000e+00 7.133750e-05 0.000000e+00 0.000000e+00 -1.728030e-11 0.000000e+00 0.000000e+00 0.000000e+00 -0.000000e+00 -1.000000e+00 6.028760e-01 3.581880e-01 0.000000e+00 
1.354050e+02 1.955250e+19 6.401870e+03 4.137680e+03 1.429700e+03 5.468060e+03 2.419390e+02 0.000000e+00 7.140550e-05 0.000000e+00 0.000000e+00 -6.480100e-12 0.000000e+00 0.000000e+00 0.000000e+00 -0.000000e+00 -1.000000e+00 6.032480e-01 3.582040e-01 0.000000e+00 
1.354050e+02 1.955250e+19 6.401870e+03 4.137680e+03 1.429700e+03 5.468060e+03 2.419390e+02 0.000000e+00 7.147350e-05 0.000000e+00 0.000000e+00 1.512020e-11 0.000000e+00 0.000000e+00 0.000000e+00 0.000000e+00 -1.000000e+00 6.036200e-01 3.582210e-01 0.000000e+00 
1.354050e+02 1.955250e+19 6.401870e+03 4.137680e+03 1.429700e+03 5.468060e+03 2.419390e+02 0.000000e+00 7.154150e-05 0.000000e+00 0.000000e+00 -8.640130e-12 0.000000e+00 0.000000e+00 0.000000e+00 -0.000000e+00 -1.000000e+00 6.039910e-01 3.582370e-01 0.000000e+00 
1.354050e+02 1.955250e+19 6.401870e+03 4.137680e+03 1.429700e+03 5.468060e+03 2.419390e+02 0.000000e+00 7.160950e-05 0.000000e+00 0.000000e+00 2.160030e-12 0.000000e+00 0.000000e+00 0.000000e+00 -0.000000e+00 -1.000000e+00 6.043630e-01 3.582530e-01 0.000000e+00 
1.354050e+02 1.955250e+19 6.401870e+03 4.137680e+03 1.429700e+03 5.468060e+03 2.419390e+02 0.000000e+00 7.167750e-05 0.000000e+00 0.000000e+00 1.242020e-11 0.000000e+00 0.000000e+00 0.000000e+00 -0.000000e+00 -1.000000e+00 6.047350e-01 3.582700e-01 0.000000e+00 
1.354050e+02 1.955250e+19 6.401870e+03 4.137680e+03 1.429700e+03 5.468060e+03 2.419390e+02 0.000000e+00 7.174550e-05 0.000000e+00 0.000000e+00 1.026020e-11 0.000000e+00 0.000000e+00 0.000000e+00 -0.000000e+00 -1.000000e+00 6.051070e-01 3.582860e-01 0.000000e+00 
1.333700e+02 1.925860e+19 6.330910e+03 4.086110e+03 1.398330e+03 5.474360e+03 2.275680e+02 0.000000e+00 7.181350e-05 0.000000e+00 0.000000e+00 0.000000e+00 0.000000e+00 0.000000e+00 0.000000e+00 -0.000000e+00 -1.000000e+00 6.054790e-01 3.583020e-01 0.000000e+00 
1.333700e+02 1.925860e+19 6.330910e+03 4.086110e+03 1.398330e+03 5.474360e+03 2.275680e+02 0.000000e+00 7.188140e-05 0.000000e+00 0.000000e+00 0.000000e+00 0.000000e+00 0.000000e+00 0.000000e+00 -0.000000e+00 -1.000000e+00 6.058500e-01 3.583180e-01 0.000000e+00 
1.333700e+02 1.925860e+19 6.330910e+03 4.086110e+03 1.398330e+03 5.474360e+03 2.275680e+02 0.000000e+00 7.194930e-05 0.000000e+00 0.000000e+00 0.000000e+00 0.000000e+00 0.000000e+00 0.000000e+00 0.000000e+00 -1.000000e+00 6.062220e-01 3.583330e-01 0.000000e+00 
1.333700e+02 1.925860e+19 6.330910e+03 4.086110e+03 1.398330e+03 5.474360e+03 2.275680e+02 0.000000e+00 7.201730e-05 0.000000e+00 0.000000e+00 0.000000e+00 0.000000e+00 0.000000e+00 0.000000e+00 -0.000000e+00 -1.000000e+00 6.065940e-01 3.583490e-01 0.000000e+00 
1.333700e+02 1.925860e+19 6.330910e+03 4.086110e+03 1.398330e+03 5.474360e+03 2.275680e+02 0.000000e+00 7.208520e-05 0.000000e+00 0.000000e+00 0.000000e+00 0.000000e+00 0.000000e+00 0.000000e+00 -0.000000e+00 -1.000000e+00 6.069660e-01 3.583640e-01 0.000000e+00 
1.333700e+02 1.925860e+19 6.330910e+03 4.086110e+03 1.398330e+03 5.474360e+03 2.275680e+02 0.000000e+00 7.215310e-05 0.000000e+00 0.000000e+00 0.000000e+00 0.000000e+00 0.000000e+00 0.000000e+00 0.000000e+00 -1.000000e+00 6.073380e-01 3.583800e-01 0.000000e+00 
1.333700e+02 1.925860e+19 6.330910e+03 4.086110e+03 1.398330e+03 5.474360e+03 2.275680e+02 0.000000e+00 7.222100e-05 0.000000e+00 0.000000e+00 0.000000e+00 0.000000e+00 0.000000e+00 0.000000e+00 0.000000e+00 -1.000000e+00 6.077100e-01 3.583950e-01 0.000000e+00 
1.333700e+02 1.925860e+19 6.330910e+03 4.086110e+03 1.398330e+03 5.474360e+03 2.275680e+02 0.000000e+00 7.228900e-05 0.000000e+00 0.000000e+00 0.000000e+00 0.000000e+00 0.000000e+00 0.000000e+00 -0.000000e+00 -1.000000e+00 6.080810e-01 3.584110e-01 0.000000e+00 
1.333700e+02 1.925860e+19 6.330910e+03 4.086110e+03 1.398330e+03 5.474360e+03 2.275680e+02 0.000000e+00 7.235690e-05 0.000000e+00 0.000000e+00 0.000000e+00 0.000000e+00 0.000000e+00 0.000000e+00 0.000000e+00 -1.000000e+00 6.084530e-01 3.584260e-01 0.000000e+00 
1.333700e+02 1.925860e+19 6.330910e+03 4.086110e+03 1.398330e+03 5.474360e+03 2.275680e+02 0.000000e+00 7.242480e-05 0.000000e+00 0.000000e+00 0.000000e+00 0.000000e+00 0.000000e+00 0.000000e+00 -0.000000e+00 -1.000000e+00 6.088250e-01 3.584410e-01 0.000000e+00 
1.333700e+02 1.925860e+19 6.330910e+03 4.086110e+03 1.398330e+03 5.474360e+03 2.275680e+02 0.000000e+00 7.249270e-05 0.000000e+00 0.000000e+00 0.000000e+00 0.000000e+00 0.000000e+00 0.000000e+00 -0.000000e+00 -1.000000e+00 6.091970e-01 3.584570e-01 0.000000e+00 
1.333700e+02 1.925860e+19 6.330910e+03 4.086110e+03 1.398330e+03 5.474360e+03 2.275680e+02 0.000000e+00 7.256070e-05 0.000000e+00 0.000000e+00 0.000000e+00 0.000000e+00 0.000000e+00 0.000000e+00 0.000000e+00 -1.000000e+00 6.095690e-01 3.584720e-01 0.000000e+00 
1.333700e+02 1.925860e+19 6.330910e+03 4.086110e+03 1.398330e+03 5.474360e+03 2.275680e+02 0.000000e+00 7.262860e-05 0.000000e+00 0.000000e+00 0.000000e+00 0.000000e+00 0.000000e+00 0.000000e+00 0.000000e+00 -1.000000e+00 6.099410e-01 3.584880e-01 0.000000e+00 
1.333700e+02 1.925860e+19 6.330910e+03 4.086110e+03 1.398330e+03 5.474360e+03 2.275680e+02 0.000000e+00 7.269650e-05 0.000000e+00 0.000000e+00 0.000000e+00 0.000000e+00 0.000000e+00 0.000000e+00 -0.000000e+00 -1.000000e+00 6.103120e-01 3.585030e-01 0.000000e+00 
1.333700e+02 1.925860e+19 6.330910e+03 4.086110e+03 1.398330e+03 5.474360e+03 2.275680e+02 0.000000e+00 7.276440e-05 0.000000e+00 0.000000e+00 0.000000e+00 0.000000e+00 0.000000e+00 0.000000e+00 0.000000e+00 -1.000000e+00 6.106840e-01 3.585190e-01 0.000000e+00 
1.333700e+02 1.925860e+19 6.330910e+03 4.086110e+03 1.398330e+03 5.474360e+03 2.275680e+02 0.000000e+00 7.283240e-05 0.000000e+00 0.000000e+00 0.000000e+00 0.000000e+00 0.000000e+00 0.000000e+00 -0.000000e+00 -1.000000e+00 6.110560e-01 3.585340e-01 0.000000e+00 
1.333700e+02 1.925860e+19 6.330910e+03 4.086110e+03 1.398330e+03 5.474360e+03 2.275680e+02 0.000000e+00 7.290030e-05 0.000000e+00 0.000000e+00 0.000000e+00 0.000000e+00 0.000000e+00 0.000000e+00 -0.000000e+00 -1.000000e+00 6.114280e-01 3.585500e-01 0.000000e+00 
1.333700e+02 1.925860e+19 6.330910e+03 4.086110e+03 1.398330e+03 5.474360e+03 2.275680e+02 0.000000e+00 7.296820e-05 0.000000e+00 0.000000e+00 0.000000e+00 0.000000e+00 0.000000e+00 0.000000e+00 0.000000e+00 -1.000000e+00 6.118000e-01 3.585650e-01 0.000000e+00 
1.333700e+02 1.925860e+19 6.330910e+03 4.086110e+03 1.398330e+03 5.474360e+03 2.275680e+02 0.000000e+00 7.303610e-05 0.000000e+00 0.000000e+00 -1.728030e-11 0.000000e+00 0.000000e+00 0.000000e+00 0.000000e+00 -1.000000e+00 6.121720e-01 3.585810e-01 0.000000e+00 
1.333700e+02 1.925860e+19 6.330910e+03 4.086110e+03 1.398330e+03 5.474360e+03 2.275680e+02 0.000000e+00 7.310410e-05 0.000000e+00 0.000000e+00 0.000000e+00 0.000000e+00 0.000000e+00 0.000000e+00 -0.000000e+00 -1.000000e+00 6.125440e-01 3.585960e-01 0.000000e+00 
1.333700e+02 1.925860e+19 6.330910e+03 4.086110e+03 1.398330e+03 5.474360e+03 2.275680e+02 0.000000e+00 7.317200e-05 0.000000e+00 0.000000e+00 0.000000e+00 0.000000e+00 0.000000e+00 0.000000e+00 0.000000e+00 -1.000000e+00 6.129150e-01 3.586110e-01 0.000000e+00 
1.333700e+02 1.925860e+19 6.330910e+03 4.086110e+03 1.398330e+03 5.474360e+03 2.275680e+02 0.000000e+00 7.323990e-05 0.000000e+00 0.000000e+00 0.000000e+00 0.000000e+00 0.000000e+00 0.000000e+00 -0.000000e+00 -1.000000e+00 6.132870e-01 3.586270e-01 0.000000e+00 
1.333700e+02 1.925860e+19 6.330910e+03 4.086110e+03 1.398330e+03 5.474360e+03 2.275680e+02 0.000000e+00 7.330780e-05 0.000000e+00 0.000000e+00 0.000000e+00 0.000000e+00 0.000000e+00 0.000000e+00 -0.000000e+00 -1.000000e+00 6.136590e-01 3.586420e-01 0.000000e+00 
1.333700e+02 1.925860e+19 6.330910e+03 4.086110e+03 1.398330e+03 5.474360e+03 2.275680e+02 0.000000e+00 7.337580e-05 0.000000e+00 0.000000e+00 -1.728030e-11 0.000000e+00 0.000000e+00 0.000000e+00 0.000000e+00 -1.000000e+00 6.140310e-01 3.586580e-01 0.000000e+00 
1.333700e+02 1.925860e+19 6.330910e+03 4.086110e+03 1.398330e+03 5.474360e+03 2.275680e+02 0.000000e+00 7.344370e-05 0.000000e+00 0.000000e+00 -1.728030e-11 0.000000e+00 0.000000e+00 0.000000e+00 0.000000e+00 -1.000000e+00 6.144030e-01 3.586730e-01 0.000000e+00 
1.333700e+02 1.925860e+19 6.330910e+03 4.086110e+03 1.398330e+03 5.474360e+03 2.275680e+02 0.000000e+00 7.351160e-05 0.000000e+00 0.000000e+00 0.000000e+00 0.000000e+00 0.000000e+00 0.000000e+00 -0.000000e+00 -1.000000e+00 6.147750e-01 3.586890e-01 0.000000e+00 
1.333700e+02 1.925860e+19 6.330910e+03 4.086110e+03 1.398330e+03 5.474360e+03 2.275680e+02 0.000000e+00 7.357950e-05 0.000000e+00 0.000000e+00 0.000000e+00 0.000000e+00 0.000000e+00 0.000000e+00 0.000000e+00 -1.000000e+00 6.151460e-01 3.587040e-01 0.000000e+00 
1.333700e+02 1.925860e+19 6.330910e+03 4.086110e+03 1.398330e+03 5.474360e+03 2.275680e+02 0.000000e+00 7.364750e-05 0.000000e+00 0.000000e+00 1.728030e-11 0.000000e+00 0.000000e+00 0.000000e+00 -0.000000e+00 -1.000000e+00 6.155180e-01 3.587200e-01 0.000000e+00 
1.333700e+02 1.925860e+19 6.330910e+03 4.086110e+03 1.398330e+03 5.474360e+03 2.275680e+02 0.000000e+00 7.371540e-05 0.000000e+00 0.000000e+00 0.000000e+00 0.000000e+00 0.000000e+00 0.000000e+00 -0.000000e+00 -1.000000e+00 6.158900e-01 3.587350e-01 0.000000e+00 
1.333700e+02 1.925860e+19 6.330910e+03 4.086110e+03 1.398330e+03 5.474360e+03 2.275680e+02 0.000000e+00 7.378330e-05 0.000000e+00 0.000000e+00 -1.728030e-11 0.000000e+00 0.000000e+00 0.000000e+00 0.000000e+00 -1.000000e+00 6.162620e-01 3.587510e-01 0.000000e+00 
1.333700e+02 1.925860e+19 6.330910e+03 4.086110e+03 1.398330e+03 5.474360e+03 2.275680e+02 0.000000e+00 7.385120e-05 0.000000e+00 0.000000e+00 0.000000e+00 0.000000e+00 0.000000e+00 0.000000e+00 0.000000e+00 -1.000000e+00 6.166340e-01 3.587660e-01 0.000000e+00 
1.333700e+02 1.925860e+19 6.330910e+03 4.086110e+03 1.398330e+03 5.474360e+03 2.275680e+02 0.000000e+00 7.391920e-05 0.000000e+00 0.000000e+00 0.000000e+00 0.000000e+00 0.000000e+00 0.000000e+00 -0.000000e+00 -1.000000e+00 6.170060e-01 3.587820e-01 0.000000e+00 
1.333700e+02 1.925860e+19 6.330910e+03 4.086110e+03 1.398330e+03 5.474360e+03 2.275680e+02 0.000000e+00 7.398710e-05 0.000000e+00 0.000000e+00 0.000000e+00 0.000000e+00 0.000000e+00 0.000000e+00 0.000000e+00 -1.000000e+00 6.173780e-01 3.587970e-01 0.000000e+00 
1.333700e+02 1.925860e+19 6.330910e+03 4.086110e+03 1.398330e+03 5.474360e+03 2.275680e+02 0.000000e+00 7.405500e-05 0.000000e+00 0.000000e+00 -1.728030e-11 0.000000e+00 0.000000e+00 0.000000e+00 -0.000000e+00 -1.000000e+00 6.177490e-01 3.588120e-01 0.000000e+00 
1.333700e+02 1.925860e+19 6.330910e+03 4.086110e+03 1.398330e+03 5.474360e+03 2.275680e+02 0.000000e+00 7.412290e-05 0.000000e+00 0.000000e+00 0.000000e+00 0.000000e+00 0.000000e+00 0.000000e+00 -0.000000e+00 -1.000000e+00 6.181210e-01 3.588280e-01 0.000000e+00 
1.333700e+02 1.925860e+19 6.330910e+03 4.086110e+03 1.398330e+03 5.474360e+03 2.275680e+02 0.000000e+00 7.419080e-05 0.000000e+00 0.000000e+00 0.000000e+00 0.000000e+00 0.000000e+00 0.000000e+00 0.000000e+00 -1.000000e+00 6.184930e-01 3.588430e-01 0.000000e+00 
1.333700e+02 1.925860e+19 6.330910e+03 4.086110e+03 1.398330e+03 5.474360e+03 2.275680e+02 0.000000e+00 7.425880e-05 0.000000e+00 0.000000e+00 0.000000e+00 0.000000e+00 0.000000e+00 0.000000e+00 0.000000e+00 -1.000000e+00 6.188650e-01 3.588590e-01 0.000000e+00 
1.333700e+02 1.925860e+19 6.330910e+03 4.086110e+03 1.398330e+03 5.474360e+03 2.275680e+02 0.000000e+00 7.432670e-05 0.000000e+00 0.000000e+00 0.000000e+00 0.000000e+00 0.000000e+00 0.000000e+00 -0.000000e+00 -1.000000e+00 6.192370e-01 3.588740e-01 0.000000e+00 
1.333700e+02 1.925860e+19 6.330910e+03 4.086110e+03 1.398330e+03 5.474360e+03 2.275680e+02 0.000000e+00 7.439460e-05 0.000000e+00 0.000000e+00 0.000000e+00 0.000000e+00 0.000000e+00 0.000000e+00 0.000000e+00 -1.000000e+00 6.196090e-01 3.588900e-01 0.000000e+00 
1.333700e+02 1.925860e+19 6.330910e+03 4.086110e+03 1.398330e+03 5.474360e+03 2.275680e+02 0.000000e+00 7.446250e-05 0.000000e+00 0.000000e+00 0.000000e+00 0.000000e+00 0.000000e+00 0.000000e+00 -0.000000e+00 -1.000000e+00 6.199800e-01 3.589050e-01 0.000000e+00 
1.333700e+02 1.925860e+19 6.330910e+03 4.086110e+03 1.398330e+03 5.474360e+03 2.275680e+02 0.000000e+00 7.453050e-05 0.000000e+00 0.000000e+00 0.000000e+00 0.000000e+00 0.000000e+00 0.000000e+00 -0.000000e+00 -1.000000e+00 6.203520e-01 3.589210e-01 0.000000e+00 
1.333700e+02 1.925860e+19 6.330910e+03 4.086110e+03 1.398330e+03 5.474360e+03 2.275680e+02 0.000000e+00 7.459840e-05 0.000000e+00 0.000000e+00 0.000000e+00 0.000000e+00 0.000000e+00 0.000000e+00 0.000000e+00 -1.000000e+00 6.207240e-01 3.589360e-01 0.000000e+00 
1.333700e+02 1.925860e+19 6.330910e+03 4.086110e+03 1.398330e+03 5.474360e+03 2.275680e+02 0.000000e+00 7.466630e-05 0.000000e+00 0.000000e+00 0.000000e+00 0.000000e+00 0.000000e+00 0.000000e+00 0.000000e+00 -1.000000e+00 6.210960e-01 3.589520e-01 0.000000e+00 
1.333700e+02 1.925860e+19 6.330910e+03 4.086110e+03 1.398330e+03 5.474360e+03 2.275680e+02 0.000000e+00 7.473420e-05 0.000000e+00 0.000000e+00 0.000000e+00 0.000000e+00 0.000000e+00 0.000000e+00 -0.000000e+00 -1.000000e+00 6.214680e-01 3.589670e-01 0.000000e+00 
1.333700e+02 1.925860e+19 6.330910e+03 4.086110e+03 1.398330e+03 5.474360e+03 2.275680e+02 0.000000e+00 7.480220e-05 0.000000e+00 0.000000e+00 -8.640130e-12 0.000000e+00 0.000000e+00 0.000000e+00 0.000000e+00 -1.000000e+00 6.218400e-01 3.589820e-01 0.000000e+00 
1.333700e+02 1.925860e+19 6.330910e+03 4.086110e+03 1.398330e+03 5.474360e+03 2.275680e+02 0.000000e+00 7.487010e-05 0.000000e+00 0.000000e+00 8.640130e-12 0.000000e+00 0.000000e+00 0.000000e+00 0.000000e+00 -1.000000e+00 6.222110e-01 3.589980e-01 0.000000e+00 
1.333700e+02 1.925860e+19 6.330910e+03 4.086110e+03 1.398330e+03 5.474360e+03 2.275680e+02 0.000000e+00 7.493800e-05 0.000000e+00 0.000000e+00 8.640130e-12 0.000000e+00 0.000000e+00 0.000000e+00 -0.000000e+00 -1.000000e+00 6.225830e-01 3.590130e-01 0.000000e+00 
1.333700e+02 1.925860e+19 6.330910e+03 4.086110e+03 1.398330e+03 5.474360e+03 2.275680e+02 0.000000e+00 7.500590e-05 0.000000e+00 0.000000e+00 0.000000e+00 0.000000e+00 0.000000e+00 0.000000e+00 0.000000e+00 -1.000000e+00 6.229550e-01 3.590290e-01 0.000000e+00 
1.333700e+02 1.925860e+19 6.330910e+03 4.086110e+03 1.398330e+03 5.474360e+03 2.275680e+02 0.000000e+00 7.507390e-05 0.000000e+00 0.000000e+00 0.000000e+00 0.000000e+00 0.000000e+00 0.000000e+00 -0.000000e+00 -1.000000e+00 6.233270e-01 3.590440e-01 0.000000e+00 
1.333700e+02 1.925860e+19 6.330910e+03 4.086110e+03 1.398330e+03 5.474360e+03 2.275680e+02 0.000000e+00 7.514180e-05 0.000000e+00 0.000000e+00 0.000000e+00 0.000000e+00 0.000000e+00 0.000000e+00 -0.000000e+00 -1.000000e+00 6.236990e-01 3.590600e-01 0.000000e+00 
1.333700e+02 1.925860e+19 6.330910e+03 4.086110e+03 1.398330e+03 5.474360e+03 2.275680e+02 0.000000e+00 7.520970e-05 0.000000e+00 0.000000e+00 8.640130e-12 0.000000e+00 0.000000e+00 0.000000e+00 0.000000e+00 -1.000000e+00 6.240710e-01 3.590750e-01 0.000000e+00 
1.333700e+02 1.925860e+19 6.330910e+03 4.086110e+03 1.398330e+03 5.474360e+03 2.275680e+02 0.000000e+00 7.527760e-05 0.000000e+00 0.000000e+00 0.000000e+00 0.000000e+00 0.000000e+00 0.000000e+00 0.000000e+00 -1.000000e+00 6.244430e-01 3.590910e-01 0.000000e+00 
1.333700e+02 1.925860e+19 6.330910e+03 4.086110e+03 1.398330e+03 5.474360e+03 2.275680e+02 0.000000e+00 7.534560e-05 0.000000e+00 0.000000e+00 0.000000e+00 0.000000e+00 0.000000e+00 0.000000e+00 -0.000000e+00 -1.000000e+00 6.248140e-01 3.591060e-01 0.000000e+00 
1.333700e+02 1.925860e+19 6.330910e+03 4.086110e+03 1.398330e+03 5.474360e+03 2.275680e+02 0.000000e+00 7.541350e-05 0.000000e+00 0.000000e+00 0.000000e+00 0.000000e+00 0.000000e+00 0.000000e+00 0.000000e+00 -1.000000e+00 6.251860e-01 3.591220e-01 0.000000e+00 
1.333700e+02 1.925860e+19 6.330910e+03 4.086110e+03 1.398330e+03 5.474360e+03 2.275680e+02 0.000000e+00 7.548140e-05 0.000000e+00 0.000000e+00 8.640130e-12 0.000000e+00 0.000000e+00 0.000000e+00 -0.000000e+00 -1.000000e+00 6.255580e-01 3.591370e-01 0.000000e+00 
1.333700e+02 1.925860e+19 6.330910e+03 4.086110e+03 1.398330e+03 5.474360e+03 2.275680e+02 0.000000e+00 7.554930e-05 0.000000e+00 0.000000e+00 -8.640130e-12 0.000000e+00 0.000000e+00 0.000000e+00 -0.000000e+00 -1.000000e+00 6.259300e-01 3.591520e-01 0.000000e+00 
1.333700e+02 1.925860e+19 6.330910e+03 4.086110e+03 1.398330e+03 5.474360e+03 2.275680e+02 0.000000e+00 7.561730e-05 0.000000e+00 0.000000e+00 -8.640130e-12 0.000000e+00 0.000000e+00 0.000000e+00 0.000000e+00 -1.000000e+00 6.263020e-01 3.591680e-01 0.000000e+00 
1.333700e+02 1.925860e+19 6.330910e+03 4.086110e+03 1.398330e+03 5.474360e+03 2.275680e+02 0.000000e+00 7.568520e-05 0.000000e+00 0.000000e+00 4.320070e-12 0.000000e+00 0.000000e+00 0.000000e+00 0.000000e+00 -1.000000e+00 6.266740e-01 3.591830e-01 0.000000e+00 
1.333700e+02 1.925860e+19 6.330910e+03 4.086110e+03 1.398330e+03 5.474360e+03 2.275680e+02 0.000000e+00 7.575310e-05 0.000000e+00 0.000000e+00 0.000000e+00 0.000000e+00 0.000000e+00 0.000000e+00 -0.000000e+00 -1.000000e+00 6.270450e-01 3.591990e-01 0.000000e+00 
1.333700e+02 1.925860e+19 6.330910e+03 4.086110e+03 1.398330e+03 5.474360e+03 2.275680e+02 0.000000e+00 7.582100e-05 0.000000e+00 0.000000e+00 1.296020e-11 0.000000e+00 0.000000e+00 0.000000e+00 0.000000e+00 -1.000000e+00 6.274170e-01 3.592140e-01 0.000000e+00 
1.333700e+02 1.925860e+19 6.330910e+03 4.086110e+03 1.398330e+03 5.474360e+03 2.275680e+02 0.000000e+00 7.588900e-05 0.000000e+00 0.000000e+00 8.640130e-12 0.000000e+00 0.000000e+00 0.000000e+00 -0.000000e+00 -1.000000e+00 6.277890e-01 3.592300e-01 0.000000e+00 
1.333700e+02 1.925860e+19 6.330910e+03 4.086110e+03 1.398330e+03 5.474360e+03 2.275680e+02 0.000000e+00 7.595690e-05 0.000000e+00 0.000000e+00 -8.640130e-12 0.000000e+00 0.000000e+00 0.000000e+00 -0.000000e+00 -1.000000e+00 6.281610e-01 3.592450e-01 0.000000e+00 
1.333700e+02 1.925860e+19 6.330910e+03 4.086110e+03 1.398330e+03 5.474360e+03 2.275680e+02 0.000000e+00 7.602480e-05 0.000000e+00 0.000000e+00 8.640130e-12 0.000000e+00 0.000000e+00 0.000000e+00 0.000000e+00 -1.000000e+00 6.285330e-01 3.592610e-01 0.000000e+00 
1.333700e+02 1.925860e+19 6.330910e+03 4.086110e+03 1.398330e+03 5.474360e+03 2.275680e+02 0.000000e+00 7.609270e-05 0.000000e+00 0.000000e+00 -1.296020e-11 0.000000e+00 0.000000e+00 0.000000e+00 0.000000e+00 -1.000000e+00 6.289050e-01 3.592760e-01 0.000000e+00 
1.333700e+02 1.925860e+19 6.330910e+03 4.086110e+03 1.398330e+03 5.474360e+03 2.275680e+02 0.000000e+00 7.616070e-05 0.000000e+00 0.000000e+00 6.480100e-12 0.000000e+00 0.000000e+00 0.000000e+00 -0.000000e+00 -1.000000e+00 6.292760e-01 3.592920e-01 0.000000e+00 
1.333700e+02 1.925860e+19 6.330910e+03 4.086110e+03 1.398330e+03 5.474360e+03 2.275680e+02 0.000000e+00 7.622860e-05 0.000000e+00 0.000000e+00 1.080020e-11 0.000000e+00 0.000000e+00 0.000000e+00 0.000000e+00 -1.000000e+00 6.296480e-01 3.593070e-01 0.000000e+00 
1.333700e+02 1.925860e+19 6.330910e+03 4.086110e+03 1.398330e+03 5.474360e+03 2.275680e+02 0.000000e+00 7.629650e-05 0.000000e+00 0.000000e+00 -8.640130e-12 0.000000e+00 0.000000e+00 0.000000e+00 -0.000000e+00 -1.000000e+00 6.300200e-01 3.593230e-01 0.000000e+00 
1.333700e+02 1.925860e+19 6.330910e+03 4.086110e+03 1.398330e+03 5.474360e+03 2.275680e+02 0.000000e+00 7.636440e-05 0.000000e+00 0.000000e+00 -1.404020e-11 0.000000e+00 0.000000e+00 0.000000e+00 -0.000000e+00 -1.000000e+00 6.303920e-01 3.593380e-01 0.000000e+00 
1.333700e+02 1.925860e+19 6.330910e+03 4.086110e+03 1.398330e+03 5.474360e+03 2.275680e+02 0.000000e+00 7.643240e-05 0.000000e+00 0.000000e+00 2.160030e-12 0.000000e+00 0.000000e+00 0.000000e+00 0.000000e+00 -1.000000e+00 6.307640e-01 3.593530e-01 0.000000e+00 
1.333700e+02 1.925860e+19 6.330910e+03 4.086110e+03 1.398330e+03 5.474360e+03 2.275680e+02 0.000000e+00 7.650030e-05 0.000000e+00 0.000000e+00 -3.780060e-12 0.000000e+00 0.000000e+00 0.000000e+00 0.000000e+00 -1.000000e+00 6.311360e-01 3.593690e-01 0.000000e+00 
1.333700e+02 1.925860e+19 6.330910e+03 4.086110e+03 1.398330e+03 5.474360e+03 2.275680e+02 0.000000e+00 7.656820e-05 0.000000e+00 0.000000e+00 1.289270e-11 0.000000e+00 0.000000e+00 0.000000e+00 -0.000000e+00 -1.000000e+00 6.315080e-01 3.593840e-01 0.000000e+00 
1.297100e+02 1.873010e+19 6.283520e+03 4.121500e+03 1.407900e+03 5.486780e+03 2.077620e+02 0.000000e+00 7.663610e-05 0.000000e+00 0.000000e+00 0.000000e+00 0.000000e+00 0.000000e+00 0.000000e+00 -0.000000e+00 -1.000000e+00 6.318790e-01 3.593990e-01 0.000000e+00 
1.297100e+02 1.873010e+19 6.283520e+03 4.121500e+03 1.407900e+03 5.486780e+03 2.077620e+02 0.000000e+00 7.670390e-05 0.000000e+00 0.000000e+00 0.000000e+00 0.000000e+00 0.000000e+00 0.000000e+00 0.000000e+00 -1.000000e+00 6.322510e-01 3.594130e-01 0.000000e+00 
1.297100e+02 1.873010e+19 6.283520e+03 4.121500e+03 1.407900e+03 5.486780e+03 2.077620e+02 0.000000e+00 7.677170e-05 0.000000e+00 0.000000e+00 0.000000e+00 0.000000e+00 0.000000e+00 0.000000e+00 -0.000000e+00 -1.000000e+00 6.326230e-01 3.594270e-01 0.000000e+00 
1.297100e+02 1.873010e+19 6.283520e+03 4.121500e+03 1.407900e+03 5.486780e+03 2.077620e+02 0.000000e+00 7.683950e-05 0.000000e+00 0.000000e+00 0.000000e+00 0.000000e+00 0.000000e+00 0.000000e+00 0.000000e+00 -1.000000e+00 6.329950e-01 3.594410e-01 0.000000e+00 
1.297100e+02 1.873010e+19 6.283520e+03 4.121500e+03 1.407900e+03 5.486780e+03 2.077620e+02 0.000000e+00 7.690730e-05 0.000000e+00 0.000000e+00 0.000000e+00 0.000000e+00 0.000000e+00 0.000000e+00 -0.000000e+00 -1.000000e+00 6.333670e-01 3.594550e-01 0.000000e+00 
1.297100e+02 1.873010e+19 6.283520e+03 4.121500e+03 1.407900e+03 5.486780e+03 2.077620e+02 0.000000e+00 7.697500e-05 0.000000e+00 0.000000e+00 0.000000e+00 0.000000e+00 0.000000e+00 0.000000e+00 0.000000e+00 -1.000000e+00 6.337390e-01 3.594690e-01 0.000000e+00 
1.297100e+02 1.873010e+19 6.283520e+03 4.121500e+03 1.407900e+03 5.486780e+03 2.077620e+02 0.000000e+00 7.704280e-05 0.000000e+00 0.000000e+00 0.000000e+00 0.000000e+00 0.000000e+00 0.000000e+00 -0.000000e+00 -1.000000e+00 6.341110e-01 3.594830e-01 0.000000e+00 
1.297100e+02 1.873010e+19 6.283520e+03 4.121500e+03 1.407900e+03 5.486780e+03 2.077620e+02 0.000000e+00 7.711060e-05 0.000000e+00 0.000000e+00 0.000000e+00 0.000000e+00 0.000000e+00 0.000000e+00 0.000000e+00 -1.000000e+00 6.344830e-01 3.594970e-01 0.000000e+00 
1.297100e+02 1.873010e+19 6.283520e+03 4.121500e+03 1.407900e+03 5.486780e+03 2.077620e+02 0.000000e+00 7.717840e-05 0.000000e+00 0.000000e+00 0.000000e+00 0.000000e+00 0.000000e+00 0.000000e+00 -0.000000e+00 -1.000000e+00 6.348550e-01 3.595110e-01 0.000000e+00 
1.297100e+02 1.873010e+19 6.283520e+03 4.121500e+03 1.407900e+03 5.486780e+03 2.077620e+02 0.000000e+00 7.724620e-05 0.000000e+00 0.000000e+00 0.000000e+00 0.000000e+00 0.000000e+00 0.000000e+00 0.000000e+00 -1.000000e+00 6.352260e-01 3.595250e-01 0.000000e+00 
1.297100e+02 1.873010e+19 6.283520e+03 4.121500e+03 1.407900e+03 5.486780e+03 2.077620e+02 0.000000e+00 7.731390e-05 0.000000e+00 0.000000e+00 3.456050e-11 0.000000e+00 0.000000e+00 0.000000e+00 -0.000000e+00 -1.000000e+00 6.355980e-01 3.595390e-01 0.000000e+00 
1.297100e+02 1.873010e+19 6.283520e+03 4.121500e+03 1.407900e+03 5.486780e+03 2.077620e+02 0.000000e+00 7.738170e-05 0.000000e+00 0.000000e+00 0.000000e+00 0.000000e+00 0.000000e+00 0.000000e+00 0.000000e+00 -1.000000e+00 6.359700e-01 3.595530e-01 0.000000e+00 
1.297100e+02 1.873010e+19 6.283520e+03 4.121500e+03 1.407900e+03 5.486780e+03 2.077620e+02 0.000000e+00 7.744950e-05 0.000000e+00 0.000000e+00 0.000000e+00 0.000000e+00 0.000000e+00 0.000000e+00 -0.000000e+00 -1.000000e+00 6.363420e-01 3.595680e-01 0.000000e+00 
1.297100e+02 1.873010e+19 6.283520e+03 4.121500e+03 1.407900e+03 5.486780e+03 2.077620e+02 0.000000e+00 7.751730e-05 0.000000e+00 0.000000e+00 -3.456050e-11 0.000000e+00 0.000000e+00 0.000000e+00 0.000000e+00 -1.000000e+00 6.367140e-01 3.595820e-01 0.000000e+00 
1.297100e+02 1.873010e+19 6.283520e+03 4.121500e+03 1.407900e+03 5.486780e+03 2.077620e+02 0.000000e+00 7.758510e-05 0.000000e+00 0.000000e+00 0.000000e+00 0.000000e+00 0.000000e+00 0.000000e+00 -0.000000e+00 -1.000000e+00 6.370860e-01 3.595960e-01 0.000000e+00 
1.297100e+02 1.873010e+19 6.283520e+03 4.121500e+03 1.407900e+03 5.486780e+03 2.077620e+02 0.000000e+00 7.765280e-05 0.000000e+00 0.000000e+00 0.000000e+00 0.000000e+00 0.000000e+00 0.000000e+00 0.000000e+00 -1.000000e+00 6.374580e-01 3.596100e-01 0.000000e+00 
1.297100e+02 1.873010e+19 6.283520e+03 4.121500e+03 1.407900e+03 5.486780e+03 2.077620e+02 0.000000e+00 7.772060e-05 0.000000e+00 0.000000e+00 0.000000e+00 0.000000e+00 0.000000e+00 0.000000e+00 -0.000000e+00 -1.000000e+00 6.378300e-01 3.596240e-01 0.000000e+00 
1.297100e+02 1.873010e+19 6.283520e+03 4.121500e+03 1.407900e+03 5.486780e+03 2.077620e+02 0.000000e+00 7.778840e-05 0.000000e+00 0.000000e+00 0.000000e+00 0.000000e+00 0.000000e+00 0.000000e+00 -0.000000e+00 -1.000000e+00 6.382020e-01 3.596380e-01 0.000000e+00 
1.297100e+02 1.873010e+19 6.283520e+03 4.121500e+03 1.407900e+03 5.486780e+03 2.077620e+02 0.000000e+00 7.785620e-05 0.000000e+00 0.000000e+00 0.000000e+00 0.000000e+00 0.000000e+00 0.000000e+00 0.000000e+00 -1.000000e+00 6.385740e-01 3.596520e-01 0.000000e+00 
1.297100e+02 1.873010e+19 6.283520e+03 4.121500e+03 1.407900e+03 5.486780e+03 2.077620e+02 0.000000e+00 7.792400e-05 0.000000e+00 0.000000e+00 0.000000e+00 0.000000e+00 0.000000e+00 0.000000e+00 -0.000000e+00 -1.000000e+00 6.389460e-01 3.596660e-01 0.000000e+00 
1.297100e+02 1.873010e+19 6.283520e+03 4.121500e+03 1.407900e+03 5.486780e+03 2.077620e+02 0.000000e+00 7.799170e-05 0.000000e+00 0.000000e+00 0.000000e+00 0.000000e+00 0.000000e+00 0.000000e+00 0.000000e+00 -1.000000e+00 6.393170e-01 3.596800e-01 0.000000e+00 
1.297100e+02 1.873010e+19 6.283520e+03 4.121500e+03 1.407900e+03 5.486780e+03 2.077620e+02 0.000000e+00 7.805950e-05 0.000000e+00 0.000000e+00 1.728030e-11 0.000000e+00 0.000000e+00 0.000000e+00 -0.000000e+00 -1.000000e+00 6.396890e-01 3.596940e-01 0.000000e+00 
1.297100e+02 1.873010e+19 6.283520e+03 4.121500e+03 1.407900e+03 5.486780e+03 2.077620e+02 0.000000e+00 7.812730e-05 0.000000e+00 0.000000e+00 0.000000e+00 0.000000e+00 0.000000e+00 0.000000e+00 0.000000e+00 -1.000000e+00 6.400610e-01 3.597080e-01 0.000000e+00 
1.297100e+02 1.873010e+19 6.283520e+03 4.121500e+03 1.407900e+03 5.486780e+03 2.077620e+02 0.000000e+00 7.819510e-05 0.000000e+00 0.000000e+00 0.000000e+00 0.000000e+00 0.000000e+00 0.000000e+00 -0.000000e+00 -1.000000e+00 6.404330e-01 3.597220e-01 0.000000e+00 
1.297100e+02 1.873010e+19 6.283520e+03 4.121500e+03 1.407900e+03 5.486780e+03 2.077620e+02 0.000000e+00 7.826290e-05 0.000000e+00 0.000000e+00 0.000000e+00 0.000000e+00 0.000000e+00 0.000000e+00 0.000000e+00 -1.000000e+00 6.408050e-01 3.597370e-01 0.000000e+00 
1.297100e+02 1.873010e+19 6.283520e+03 4.121500e+03 1.407900e+03 5.486780e+03 2.077620e+02 0.000000e+00 7.833060e-05 0.000000e+00 0.000000e+00 0.000000e+00 0.000000e+00 0.000000e+00 0.000000e+00 -0.000000e+00 -1.000000e+00 6.411770e-01 3.597510e-01 0.000000e+00 
1.297100e+02 1.873010e+19 6.283520e+03 4.121500e+03 1.407900e+03 5.486780e+03 2.077620e+02 0.000000e+00 7.839840e-05 0.000000e+00 0.000000e+00 0.000000e+00 0.000000e+00 0.000000e+00 0.000000e+00 0.000000e+00 -1.000000e+00 6.415490e-01 3.597650e-01 0.000000e+00 
1.297100e+02 1.873010e+19 6.283520e+03 4.121500e+03 1.407900e+03 5.486780e+03 2.077620e+02 0.000000e+00 7.846620e-05 0.000000e+00 0.000000e+00 0.000000e+00 0.000000e+00 0.000000e+00 0.000000e+00 -0.000000e+00 -1.000000e+00 6.419210e-01 3.597790e-01 0.000000e+00 
1.297100e+02 1.873010e+19 6.283520e+03 4.121500e+03 1.407900e+03 5.486780e+03 2.077620e+02 0.000000e+00 7.853400e-05 0.000000e+00 0.000000e+00 0.000000e+00 0.000000e+00 0.000000e+00 0.000000e+00 0.000000e+00 -1.000000e+00 6.422930e-01 3.597930e-01 0.000000e+00 
1.297100e+02 1.873010e+19 6.283520e+03 4.121500e+03 1.407900e+03 5.486780e+03 2.077620e+02 0.000000e+00 7.860180e-05 0.000000e+00 0.000000e+00 0.000000e+00 0.000000e+00 0.000000e+00 0.000000e+00 -0.000000e+00 -1.000000e+00 6.426640e-01 3.598070e-01 0.000000e+00 
1.297100e+02 1.873010e+19 6.283520e+03 4.121500e+03 1.407900e+03 5.486780e+03 2.077620e+02 0.000000e+00 7.866960e-05 0.000000e+00 0.000000e+00 0.000000e+00 0.000000e+00 0.000000e+00 0.000000e+00 0.000000e+00 -1.000000e+00 6.430360e-01 3.598210e-01 0.000000e+00 
1.297100e+02 1.873010e+19 6.283520e+03 4.121500e+03 1.407900e+03 5.486780e+03 2.077620e+02 0.000000e+00 7.873730e-05 0.000000e+00 0.000000e+00 0.000000e+00 0.000000e+00 0.000000e+00 0.000000e+00 -0.000000e+00 -1.000000e+00 6.434080e-01 3.598350e-01 0.000000e+00 
1.297100e+02 1.873010e+19 6.283520e+03 4.121500e+03 1.407900e+03 5.486780e+03 2.077620e+02 0.000000e+00 7.880510e-05 0.000000e+00 0.000000e+00 0.000000e+00 0.000000e+00 0.000000e+00 0.000000e+00 0.000000e+00 -1.000000e+00 6.437800e-01 3.598490e-01 0.000000e+00 
1.297100e+02 1.873010e+19 6.283520e+03 4.121500e+03 1.407900e+03 5.486780e+03 2.077620e+02 0.000000e+00 7.887290e-05 0.000000e+00 0.000000e+00 0.000000e+00 0.000000e+00 0.000000e+00 0.000000e+00 -0.000000e+00 -1.000000e+00 6.441520e-01 3.598630e-01 0.000000e+00 
1.297100e+02 1.873010e+19 6.283520e+03 4.121500e+03 1.407900e+03 5.486780e+03 2.077620e+02 0.000000e+00 7.894070e-05 0.000000e+00 0.000000e+00 -1.728030e-11 0.000000e+00 0.000000e+00 0.000000e+00 0.000000e+00 -1.000000e+00 6.445240e-01 3.598770e-01 0.000000e+00 
1.297100e+02 1.873010e+19 6.283520e+03 4.121500e+03 1.407900e+03 5.486780e+03 2.077620e+02 0.000000e+00 7.900850e-05 0.000000e+00 0.000000e+00 0.000000e+00 0.000000e+00 0.000000e+00 0.000000e+00 -0.000000e+00 -1.000000e+00 6.448960e-01 3.598910e-01 0.000000e+00 
1.297100e+02 1.873010e+19 6.283520e+03 4.121500e+03 1.407900e+03 5.486780e+03 2.077620e+02 0.000000e+00 7.907620e-05 0.000000e+00 0.000000e+00 0.000000e+00 0.000000e+00 0.000000e+00 0.000000e+00 0.000000e+00 -1.000000e+00 6.452680e-01 3.599060e-01 0.000000e+00 
1.297100e+02 1.873010e+19 6.283520e+03 4.121500e+03 1.407900e+03 5.486780e+03 2.077620e+02 0.000000e+00 7.914400e-05 0.000000e+00 0.000000e+00 0.000000e+00 0.000000e+00 0.000000e+00 0.000000e+00 -0.000000e+00 -1.000000e+00 6.456400e-01 3.599200e-01 0.000000e+00 
1.297100e+02 1.873010e+19 6.283520e+03 4.121500e+03 1.407900e+03 5.486780e+03 2.077620e+02 0.000000e+00 7.921180e-05 0.000000e+00 0.000000e+00 0.000000e+00 0.000000e+00 0.000000e+00 0.000000e+00 0.000000e+00 -1.000000e+00 6.460120e-01 3.599340e-01 0.000000e+00 
1.297100e+02 1.873010e+19 6.283520e+03 4.121500e+03 1.407900e+03 5.486780e+03 2.077620e+02 0.000000e+00 7.927960e-05 0.000000e+00 0.000000e+00 0.000000e+00 0.000000e+00 0.000000e+00 0.000000e+00 0.000000e+00 -1.000000e+00 6.463830e-01 3.599480e-01 0.000000e+00 
1.297100e+02 1.873010e+19 6.283520e+03 4.121500e+03 1.407900e+03 5.486780e+03 2.077620e+02 0.000000e+00 7.934740e-05 0.000000e+00 0.000000e+00 0.000000e+00 0.000000e+00 0.000000e+00 0.000000e+00 -0.000000e+00 -1.000000e+00 6.467550e-01 3.599620e-01 0.000000e+00 
1.297100e+02 1.873010e+19 6.283520e+03 4.121500e+03 1.407900e+03 5.486780e+03 2.077620e+02 0.000000e+00 7.941510e-05 0.000000e+00 0.000000e+00 0.000000e+00 0.000000e+00 0.000000e+00 0.000000e+00 0.000000e+00 -1.000000e+00 6.471270e-01 3.599760e-01 0.000000e+00 
1.297100e+02 1.873010e+19 6.283520e+03 4.121500e+03 1.407900e+03 5.486780e+03 2.077620e+02 0.000000e+00 7.948290e-05 0.000000e+00 0.000000e+00 0.000000e+00 0.000000e+00 0.000000e+00 0.000000e+00 -0.000000e+00 -1.000000e+00 6.474990e-01 3.599900e-01 0.000000e+00 
1.297100e+02 1.873010e+19 6.283520e+03 4.121500e+03 1.407900e+03 5.486780e+03 2.077620e+02 0.000000e+00 7.955070e-05 0.000000e+00 0.000000e+00 0.000000e+00 0.000000e+00 0.000000e+00 0.000000e+00 0.000000e+00 -1.000000e+00 6.478710e-01 3.600040e-01 0.000000e+00 
1.297100e+02 1.873010e+19 6.283520e+03 4.121500e+03 1.407900e+03 5.486780e+03 2.077620e+02 0.000000e+00 7.961850e-05 0.000000e+00 0.000000e+00 -8.640130e-12 0.000000e+00 0.000000e+00 0.000000e+00 -0.000000e+00 -1.000000e+00 6.482430e-01 3.600180e-01 0.000000e+00 
1.297100e+02 1.873010e+19 6.283520e+03 4.121500e+03 1.407900e+03 5.486780e+03 2.077620e+02 0.000000e+00 7.968630e-05 0.000000e+00 0.000000e+00 0.000000e+00 0.000000e+00 0.000000e+00 0.000000e+00 0.000000e+00 -1.000000e+00 6.486150e-01 3.600320e-01 0.000000e+00 
1.297100e+02 1.873010e+19 6.283520e+03 4.121500e+03 1.407900e+03 5.486780e+03 2.077620e+02 0.000000e+00 7.975400e-05 0.000000e+00 0.000000e+00 0.000000e+00 0.000000e+00 0.000000e+00 0.000000e+00 -0.000000e+00 -1.000000e+00 6.489870e-01 3.600460e-01 0.000000e+00 
1.297100e+02 1.873010e+19 6.283520e+03 4.121500e+03 1.407900e+03 5.486780e+03 2.077620e+02 0.000000e+00 7.982180e-05 0.000000e+00 0.000000e+00 -8.640130e-12 0.000000e+00 0.000000e+00 0.000000e+00 0.000000e+00 -1.000000e+00 6.493590e-01 3.600600e-01 0.000000e+00 
1.297100e+02 1.873010e+19 6.283520e+03 4.121500e+03 1.407900e+03 5.486780e+03 2.077620e+02 0.000000e+00 7.988960e-05 0.000000e+00 0.000000e+00 8.640130e-12 0.000000e+00 0.000000e+00 0.000000e+00 -0.000000e+00 -1.000000e+00 6.497310e-01 3.600750e-01 0.000000e+00 
1.297100e+02 1.873010e+19 6.283520e+03 4.121500e+03 1.407900e+03 5.486780e+03 2.077620e+02 0.000000e+00 7.995740e-05 0.000000e+00 0.000000e+00 0.000000e+00 0.000000e+00 0.000000e+00 0.000000e+00 0.000000e+00 -1.000000e+00 6.501020e-01 3.600890e-01 0.000000e+00 
1.297100e+02 1.873010e+19 6.283520e+03 4.121500e+03 1.407900e+03 5.486780e+03 2.077620e+02 0.000000e+00 8.002520e-05 0.000000e+00 0.000000e+00 0.000000e+00 0.000000e+00 0.000000e+00 0.000000e+00 -0.000000e+00 -1.000000e+00 6.504740e-01 3.601030e-01 0.000000e+00 
1.297100e+02 1.873010e+19 6.283520e+03 4.121500e+03 1.407900e+03 5.486780e+03 2.077620e+02 0.000000e+00 8.009290e-05 0.000000e+00 0.000000e+00 8.640130e-12 0.000000e+00 0.000000e+00 0.000000e+00 0.000000e+00 -1.000000e+00 6.508460e-01 3.601170e-01 0.000000e+00 
1.297100e+02 1.873010e+19 6.283520e+03 4.121500e+03 1.407900e+03 5.486780e+03 2.077620e+02 0.000000e+00 8.016070e-05 0.000000e+00 0.000000e+00 0.000000e+00 0.000000e+00 0.000000e+00 0.000000e+00 -0.000000e+00 -1.000000e+00 6.512180e-01 3.601310e-01 0.000000e+00 
1.297100e+02 1.873010e+19 6.283520e+03 4.121500e+03 1.407900e+03 5.486780e+03 2.077620e+02 0.000000e+00 8.022850e-05 0.000000e+00 0.000000e+00 1.728030e-11 0.000000e+00 0.000000e+00 0.000000e+00 0.000000e+00 -1.000000e+00 6.515900e-01 3.601450e-01 0.000000e+00 
1.297100e+02 1.873010e+19 6.283520e+03 4.121500e+03 1.407900e+03 5.486780e+03 2.077620e+02 0.000000e+00 8.029630e-05 0.000000e+00 0.000000e+00 -8.640130e-12 0.000000e+00 0.000000e+00 0.000000e+00 -0.000000e+00 -1.000000e+00 6.519620e-01 3.601590e-01 0.000000e+00 
1.297100e+02 1.873010e+19 6.283520e+03 4.121500e+03 1.407900e+03 5.486780e+03 2.077620e+02 0.000000e+00 8.036410e-05 0.000000e+00 0.000000e+00 -8.640130e-12 0.000000e+00 0.000000e+00 0.000000e+00 0.000000e+00 -1.000000e+00 6.523340e-01 3.601730e-01 0.000000e+00 
1.297100e+02 1.873010e+19 6.283520e+03 4.121500e+03 1.407900e+03 5.486780e+03 2.077620e+02 0.000000e+00 8.043190e-05 0.000000e+00 0.000000e+00 1.728030e-11 0.000000e+00 0.000000e+00 0.000000e+00 -0.000000e+00 -1.000000e+00 6.527060e-01 3.601870e-01 0.000000e+00 
1.297100e+02 1.873010e+19 6.283520e+03 4.121500e+03 1.407900e+03 5.486780e+03 2.077620e+02 0.000000e+00 8.049960e-05 0.000000e+00 0.000000e+00 1.296020e-11 0.000000e+00 0.000000e+00 0.000000e+00 0.000000e+00 -1.000000e+00 6.530780e-01 3.602010e-01 0.000000e+00 
1.297100e+02 1.873010e+19 6.283520e+03 4.121500e+03 1.407900e+03 5.486780e+03 2.077620e+02 0.000000e+00 8.056740e-05 0.000000e+00 0.000000e+00 -1.296020e-11 0.000000e+00 0.000000e+00 0.000000e+00 -0.000000e+00 -1.000000e+00 6.534500e-01 3.602150e-01 0.000000e+00 
1.297100e+02 1.873010e+19 6.283520e+03 4.121500e+03 1.407900e+03 5.486780e+03 2.077620e+02 0.000000e+00 8.063520e-05 0.000000e+00 0.000000e+00 1.728030e-11 0.000000e+00 0.000000e+00 0.000000e+00 0.000000e+00 -1.000000e+00 6.538210e-01 3.602290e-01 0.000000e+00 
1.297100e+02 1.873010e+19 6.283520e+03 4.121500e+03 1.407900e+03 5.486780e+03 2.077620e+02 0.000000e+00 8.070300e-05 0.000000e+00 0.000000e+00 -4.320070e-12 0.000000e+00 0.000000e+00 0.000000e+00 0.000000e+00 -1.000000e+00 6.541930e-01 3.602430e-01 0.000000e+00 
1.297100e+02 1.873010e+19 6.283520e+03 4.121500e+03 1.407900e+03 5.486780e+03 2.077620e+02 0.000000e+00 8.077080e-05 0.000000e+00 0.000000e+00 -4.320070e-12 0.000000e+00 0.000000e+00 0.000000e+00 -0.000000e+00 -1.000000e+00 6.545650e-01 3.602580e-01 0.000000e+00 
1.297100e+02 1.873010e+19 6.283520e+03 4.121500e+03 1.407900e+03 5.486780e+03 2.077620e+02 0.000000e+00 8.083850e-05 0.000000e+00 0.000000e+00 4.320070e-12 0.000000e+00 0.000000e+00 0.000000e+00 0.000000e+00 -1.000000e+00 6.549370e-01 3.602720e-01 0.000000e+00 
1.297100e+02 1.873010e+19 6.283520e+03 4.121500e+03 1.407900e+03 5.486780e+03 2.077620e+02 0.000000e+00 8.090630e-05 0.000000e+00 0.000000e+00 -4.320070e-12 0.000000e+00 0.000000e+00 0.000000e+00 -0.000000e+00 -1.000000e+00 6.553090e-01 3.602860e-01 0.000000e+00 
1.297100e+02 1.873010e+19 6.283520e+03 4.121500e+03 1.407900e+03 5.486780e+03 2.077620e+02 0.000000e+00 8.097410e-05 0.000000e+00 0.000000e+00 -6.480100e-12 0.000000e+00 0.000000e+00 0.000000e+00 0.000000e+00 -1.000000e+00 6.556810e-01 3.603000e-01 0.000000e+00 
1.297100e+02 1.873010e+19 6.283520e+03 4.121500e+03 1.407900e+03 5.486780e+03 2.077620e+02 0.000000e+00 8.104190e-05 0.000000e+00 0.000000e+00 -1.080020e-11 0.000000e+00 0.000000e+00 0.000000e+00 -0.000000e+00 -1.000000e+00 6.560530e-01 3.603140e-01 0.000000e+00 
1.297100e+02 1.873010e+19 6.283520e+03 4.121500e+03 1.407900e+03 5.486780e+03 2.077620e+02 0.000000e+00 8.110970e-05 0.000000e+00 0.000000e+00 -1.512020e-11 0.000000e+00 0.000000e+00 0.000000e+00 0.000000e+00 -1.000000e+00 6.564250e-01 3.603280e-01 0.000000e+00 
1.297100e+02 1.873010e+19 6.283520e+03 4.121500e+03 1.407900e+03 5.486780e+03 2.077620e+02 0.000000e+00 8.117740e-05 0.000000e+00 0.000000e+00 1.188020e-11 0.000000e+00 0.000000e+00 0.000000e+00 -0.000000e+00 -1.000000e+00 6.567970e-01 3.603420e-01 0.000000e+00 
1.297100e+02 1.873010e+19 6.283520e+03 4.121500e+03 1.407900e+03 5.486780e+03 2.077620e+02 0.000000e+00 8.124520e-05 0.000000e+00 0.000000e+00 -7.560120e-12 0.000000e+00 0.000000e+00 0.000000e+00 0.000000e+00 -1.000000e+00 6.571690e-01 3.603560e-01 0.000000e+00 
1.297100e+02 1.873010e+19 6.283520e+03 4.121500e+03 1.407900e+03 5.486780e+03 2.077620e+02 0.000000e+00 8.131300e-05 0.000000e+00 0.000000e+00 0.000000e+00 0.000000e+00 0.000000e+00 0.000000e+00 -0.000000e+00 -1.000000e+00 6.575400e-01 3.603700e-01 0.000000e+00 
1.297100e+02 1.873010e+19 6.283520e+03 4.121500e+03 1.407900e+03 5.486780e+03 2.077620e+02 0.000000e+00 8.138080e-05 0.000000e+00 0.000000e+00 1.125580e-11 0.000000e+00 0.000000e+00 0.000000e+00 -0.000000e+00 -1.000000e+00 6.579120e-01 3.603840e-01 0.000000e+00 
1.263050e+02 1.823840e+19 6.274070e+03 4.126540e+03 1.423880e+03 5.465480e+03 1.936930e+02 0.000000e+00 8.144860e-05 0.000000e+00 0.000000e+00 0.000000e+00 0.000000e+00 0.000000e+00 0.000000e+00 -0.000000e+00 -1.000000e+00 6.582840e-01 3.603980e-01 0.000000e+00 
1.263050e+02 1.823840e+19 6.274070e+03 4.126540e+03 1.423880e+03 5.465480e+03 1.936930e+02 0.000000e+00 8.485110e-05 0.000000e+00 0.000000e+00 0.000000e+00 0.000000e+00 0.000000e+00 0.000000e+00 -0.000000e+00 -1.000000e+00 6.768810e-01 3.610570e-01 0.000000e+00 
1.242450e+02 1.794100e+19 6.269980e+03 4.068320e+03 1.402960e+03 5.485120e+03 1.697360e+02 0.000000e+00 8.724030e-05 0.000000e+00 0.000000e+00 0.000000e+00 0.000000e+00 0.000000e+00 0.000000e+00 -0.000000e+00 -1.000000e+00 6.911570e-01 3.615310e-01 0.000000e+00 
1.242450e+02 1.794100e+19 6.269980e+03 4.068320e+03 1.402960e+03 5.485120e+03 1.697360e+02 0.000000e+00 9.063110e-05 0.000000e+00 0.000000e+00 -1.620030e-11 0.000000e+00 0.000000e+00 0.000000e+00 -0.000000e+00 -1.000000e+00 7.097560e-01 3.621060e-01 0.000000e+00 
1.212900e+02 1.751430e+19 6.155490e+03 4.078510e+03 1.362390e+03 5.482460e+03 1.559080e+02 0.000000e+00 9.402190e-05 0.000000e+00 0.000000e+00 8.640130e-12 0.000000e+00 0.000000e+00 0.000000e+00 -0.000000e+00 -1.000000e+00 7.283560e-01 3.626400e-01 0.000000e+00 
1.199450e+02 1.732010e+19 6.164950e+03 4.055830e+03 1.378270e+03 5.478250e+03 1.413000e+02 0.000000e+00 9.729470e-05 0.000000e+00 0.000000e+00 0.000000e+00 0.000000e+00 0.000000e+00 0.000000e+00 -0.000000e+00 -1.000000e+00 7.469570e-01 3.631440e-01 0.000000e+00 
1.170000e+02 1.689480e+19 6.105140e+03 4.074650e+03 1.418470e+03 5.482380e+03 1.420100e+02 0.000000e+00 1.006900e-04 0.000000e+00 0.000000e+00 0.000000e+00 0.000000e+00 0.000000e+00 0.000000e+00 0.000000e+00 -1.000000e+00 7.655590e-01 3.636240e-01 0.000000e+00 
1.170000e+02 1.689480e+19 6.105140e+03 4.074650e+03 1.418470e+03 5.482380e+03 1.420100e+02 0.000000e+00 1.040830e-04 0.000000e+00 0.000000e+00 8.640130e-12 0.000000e+00 0.000000e+00 0.000000e+00 -0.000000e+00 -1.000000e+00 7.841610e-01 3.641060e-01 0.000000e+00 
1.146300e+02 1.655260e+19 6.164490e+03 4.025180e+03 1.387270e+03 5.481150e+03 1.164690e+02 0.000000e+00 1.074760e-04 0.000000e+00 0.000000e+00 0.000000e+00 0.000000e+00 0.000000e+00 0.000000e+00 -0.000000e+00 -1.000000e+00 8.027650e-01 3.645100e-01 0.000000e+00 
1.127500e+02 1.628110e+19 6.083760e+03 3.986070e+03 1.348260e+03 5.489390e+03 1.088510e+02 0.000000e+00 1.108710e-04 0.000000e+00 0.000000e+00 0.000000e+00 0.000000e+00 0.000000e+00 0.000000e+00 -0.000000e+00 -1.000000e+00 8.213680e-01 3.648980e-01 0.000000e+00 
1.127500e+02 1.628110e+19 6.083760e+03 3.986070e+03 1.348260e+03 5.489390e+03 1.088510e+02 0.000000e+00 1.142600e-04 0.000000e+00 0.000000e+00 2.160030e-12 0.000000e+00 0.000000e+00 0.000000e+00 -0.000000e+00 -1.000000e+00 8.399730e-01 3.652670e-01 0.000000e+00 








