2.048350e+02 2.957820e+19 9.538930e+03 2.879430e+03 9.238340e+02 5.676520e+03 1.200770e+03 0.000000e+00 0.000000e+00 0.000000e+00 0.000000e+00 0.000000e+00 0.000000e+00 0.000000e+00 0.000000e+00 0.000000e+00 -1.000000e+00 2.000000e-01 5.060000e-01 0.000000e+00 
2.056700e+02 2.969870e+19 9.259030e+03 2.976920e+03 9.751490e+02 5.684340e+03 1.186310e+03 0.000000e+00 3.207070e-06 0.000000e+00 0.000000e+00 0.000000e+00 0.000000e+00 0.000000e+00 0.000000e+00 -0.000000e+00 -1.000000e+00 2.182100e-01 5.098260e-01 0.000000e+00 
2.056700e+02 2.969870e+19 9.259030e+03 2.976920e+03 9.751490e+02 5.684340e+03 1.186310e+03 0.000000e+00 6.411620e-06 0.000000e+00 0.000000e+00 1.242020e-11 0.000000e+00 0.000000e+00 0.000000e+00 -0.000000e+00 -1.000000e+00 2.364260e-01 5.136280e-01 0.000000e+00 
2.075050e+02 2.996370e+19 8.994710e+03 3.071300e+03 9.867140e+02 5.696860e+03 1.178790e+03 0.000000e+00 9.616180e-06 0.000000e+00 0.000000e+00 0.000000e+00 0.000000e+00 0.000000e+00 0.000000e+00 -0.000000e+00 -1.000000e+00 2.546480e-01 5.174010e-01 0.000000e+00 
2.093100e+02 3.022440e+19 8.793880e+03 3.158300e+03 1.030520e+03 5.704210e+03 1.175070e+03 0.000000e+00 1.281480e-05 0.000000e+00 0.000000e+00 0.000000e+00 0.000000e+00 0.000000e+00 0.000000e+00 -0.000000e+00 -1.000000e+00 2.728710e-01 5.211640e-01 0.000000e+00 
2.093100e+02 3.022440e+19 8.793880e+03 3.158300e+03 1.030520e+03 5.704210e+03 1.175070e+03 0.000000e+00 1.287870e-05 0.000000e+00 0.000000e+00 4.320070e-12 0.000000e+00 0.000000e+00 0.000000e+00 -0.000000e+00 -1.000000e+00 2.866650e-01 5.240050e-01 0.000000e+00 
2.093100e+02 3.022440e+19 8.793880e+03 3.158300e+03 1.030520e+03 5.704210e+03 1.175070e+03 0.000000e+00 1.294260e-05 0.000000e+00 0.000000e+00 -8.640130e-12 0.000000e+00 0.000000e+00 0.000000e+00 0.000000e+00 -1.000000e+00 2.870300e-01 5.240810e-01 0.000000e+00 
2.093100e+02 3.022440e+19 8.793880e+03 3.158300e+03 1.030520e+03 5.704210e+03 1.175070e+03 0.000000e+00 1.300650e-05 0.000000e+00 0.000000e+00 -1.296020e-11 0.000000e+00 0.000000e+00 0.000000e+00 0.000000e+00 -1.000000e+00 2.873940e-01 5.241560e-01 0.000000e+00 
2.093100e+02 3.022440e+19 8.793880e+03 3.158300e+03 1.030520e+03 5.704210e+03 1.175070e+03 0.000000e+00 1.307040e-05 0.000000e+00 0.000000e+00 2.160030e-12 0.000000e+00 0.000000e+00 0.000000e+00 0.000000e+00 -1.000000e+00 2.877590e-01 5.242310e-01 0.000000e+00 
2.093100e+02 3.022440e+19 8.793880e+03 3.158300e+03 1.030520e+03 5.704210e+03 1.175070e+03 0.000000e+00 1.313430e-05 0.000000e+00 0.000000e+00 -2.160030e-12 0.000000e+00 0.000000e+00 0.000000e+00 -0.000000e+00 -1.000000e+00 2.881230e-01 5.243060e-01 0.000000e+00 
2.093100e+02 3.022440e+19 8.793880e+03 3.158300e+03 1.030520e+03 5.704210e+03 1.175070e+03 0.000000e+00 1.319820e-05 0.000000e+00 0.000000e+00 4.320070e-12 0.000000e+00 0.000000e+00 0.000000e+00 0.000000e+00 -1.000000e+00 2.884880e-01 5.243810e-01 0.000000e+00 
2.093100e+02 3.022440e+19 8.793880e+03 3.158300e+03 1.030520e+03 5.704210e+03 1.175070e+03 0.000000e+00 1.326210e-05 0.000000e+00 0.000000e+00 0.000000e+00 0.000000e+00 0.000000e+00 0.000000e+00 -0.000000e+00 -1.000000e+00 2.888520e-01 5.244560e-01 0.000000e+00 
2.093100e+02 3.022440e+19 8.793880e+03 3.158300e+03 1.030520e+03 5.704210e+03 1.175070e+03 0.000000e+00 1.332600e-05 0.000000e+00 0.000000e+00 -4.590070e-12 0.000000e+00 0.000000e+00 0.000000e+00 -0.000000e+00 -1.000000e+00 2.892170e-01 5.245310e-01 0.000000e+00 
2.089500e+02 3.017240e+19 8.477650e+03 3.123660e+03 1.028700e+03 5.717410e+03 1.144680e+03 0.000000e+00 1.338990e-05 0.000000e+00 0.000000e+00 0.000000e+00 0.000000e+00 0.000000e+00 0.000000e+00 -0.000000e+00 -1.000000e+00 2.895810e-01 5.246060e-01 0.000000e+00 
2.040750e+02 2.946840e+19 8.482950e+03 2.996000e+03 9.534060e+02 5.793970e+03 1.153870e+03 0.000000e+00 1.658120e-05 0.000000e+00 0.000000e+00 0.000000e+00 0.000000e+00 0.000000e+00 0.000000e+00 -0.000000e+00 -1.000000e+00 3.078290e-01 5.282490e-01 0.000000e+00 
2.057550e+02 2.971100e+19 8.175590e+03 2.964380e+03 9.817710e+02 5.816980e+03 1.139060e+03 0.000000e+00 1.950400e-05 0.000000e+00 0.000000e+00 0.000000e+00 0.000000e+00 0.000000e+00 0.000000e+00 -0.000000e+00 -1.000000e+00 3.260840e-01 5.318540e-01 0.000000e+00 
2.061500e+02 2.976810e+19 7.988600e+03 3.032250e+03 9.872160e+02 5.830810e+03 1.114020e+03 0.000000e+00 2.264330e-05 0.000000e+00 0.000000e+00 0.000000e+00 0.000000e+00 0.000000e+00 0.000000e+00 -0.000000e+00 -1.000000e+00 3.443460e-01 5.354300e-01 0.000000e+00 
2.061500e+02 2.976810e+19 7.988600e+03 3.032250e+03 9.872160e+02 5.830810e+03 1.114020e+03 0.000000e+00 2.270600e-05 0.000000e+00 0.000000e+00 1.728030e-11 0.000000e+00 0.000000e+00 0.000000e+00 -0.000000e+00 -1.000000e+00 3.626230e-01 5.389220e-01 0.000000e+00 
2.061500e+02 2.976810e+19 7.988600e+03 3.032250e+03 9.872160e+02 5.830810e+03 1.114020e+03 0.000000e+00 2.276870e-05 0.000000e+00 0.000000e+00 0.000000e+00 0.000000e+00 0.000000e+00 0.000000e+00 0.000000e+00 -1.000000e+00 3.629890e-01 5.389920e-01 0.000000e+00 
2.061500e+02 2.976810e+19 7.988600e+03 3.032250e+03 9.872160e+02 5.830810e+03 1.114020e+03 0.000000e+00 2.283140e-05 0.000000e+00 0.000000e+00 -1.728030e-11 0.000000e+00 0.000000e+00 0.000000e+00 0.000000e+00 -1.000000e+00 3.633540e-01 5.390620e-01 0.000000e+00 
2.061500e+02 2.976810e+19 7.988600e+03 3.032250e+03 9.872160e+02 5.830810e+03 1.114020e+03 0.000000e+00 2.289410e-05 0.000000e+00 0.000000e+00 0.000000e+00 0.000000e+00 0.000000e+00 0.000000e+00 0.000000e+00 -1.000000e+00 3.637200e-01 5.391320e-01 0.000000e+00 
2.061500e+02 2.976810e+19 7.988600e+03 3.032250e+03 9.872160e+02 5.830810e+03 1.114020e+03 0.000000e+00 2.295680e-05 0.000000e+00 0.000000e+00 4.320070e-12 0.000000e+00 0.000000e+00 0.000000e+00 -0.000000e+00 -1.000000e+00 3.640860e-01 5.392020e-01 0.000000e+00 
2.061500e+02 2.976810e+19 7.988600e+03 3.032250e+03 9.872160e+02 5.830810e+03 1.114020e+03 0.000000e+00 2.301950e-05 0.000000e+00 0.000000e+00 1.296020e-11 0.000000e+00 0.000000e+00 0.000000e+00 0.000000e+00 -1.000000e+00 3.644510e-01 5.392720e-01 0.000000e+00 
2.061500e+02 2.976810e+19 7.988600e+03 3.032250e+03 9.872160e+02 5.830810e+03 1.114020e+03 0.000000e+00 2.308210e-05 0.000000e+00 0.000000e+00 -1.728030e-11 0.000000e+00 0.000000e+00 0.000000e+00 -0.000000e+00 -1.000000e+00 3.648170e-01 5.393410e-01 0.000000e+00 
2.061500e+02 2.976810e+19 7.988600e+03 3.032250e+03 9.872160e+02 5.830810e+03 1.114020e+03 0.000000e+00 2.314480e-05 0.000000e+00 0.000000e+00 1.728030e-11 0.000000e+00 0.000000e+00 0.000000e+00 -0.000000e+00 -1.000000e+00 3.651820e-01 5.394110e-01 0.000000e+00 
2.061500e+02 2.976810e+19 7.988600e+03 3.032250e+03 9.872160e+02 5.830810e+03 1.114020e+03 0.000000e+00 2.320750e-05 0.000000e+00 0.000000e+00 1.296020e-11 0.000000e+00 0.000000e+00 0.000000e+00 -0.000000e+00 -1.000000e+00 3.655480e-01 5.394810e-01 0.000000e+00 
2.061500e+02 2.976810e+19 7.988600e+03 3.032250e+03 9.872160e+02 5.830810e+03 1.114020e+03 0.000000e+00 2.327020e-05 0.000000e+00 0.000000e+00 -1.728030e-11 0.000000e+00 0.000000e+00 0.000000e+00 0.000000e+00 -1.000000e+00 3.659130e-01 5.395510e-01 0.000000e+00 
2.061500e+02 2.976810e+19 7.988600e+03 3.032250e+03 9.872160e+02 5.830810e+03 1.114020e+03 0.000000e+00 2.333290e-05 0.000000e+00 0.000000e+00 2.160030e-12 0.000000e+00 0.000000e+00 0.000000e+00 0.000000e+00 -1.000000e+00 3.662790e-01 5.396210e-01 0.000000e+00 
2.061500e+02 2.976810e+19 7.988600e+03 3.032250e+03 9.872160e+02 5.830810e+03 1.114020e+03 0.000000e+00 2.339560e-05 0.000000e+00 0.000000e+00 1.512020e-11 0.000000e+00 0.000000e+00 0.000000e+00 0.000000e+00 -1.000000e+00 3.666440e-01 5.396910e-01 0.000000e+00 
2.061500e+02 2.976810e+19 7.988600e+03 3.032250e+03 9.872160e+02 5.830810e+03 1.114020e+03 0.000000e+00 2.345830e-05 0.000000e+00 0.000000e+00 4.320070e-12 0.000000e+00 0.000000e+00 0.000000e+00 -0.000000e+00 -1.000000e+00 3.670100e-01 5.397600e-01 0.000000e+00 
2.061500e+02 2.976810e+19 7.988600e+03 3.032250e+03 9.872160e+02 5.830810e+03 1.114020e+03 0.000000e+00 2.352100e-05 0.000000e+00 0.000000e+00 -4.320070e-12 0.000000e+00 0.000000e+00 0.000000e+00 0.000000e+00 -1.000000e+00 3.673760e-01 5.398300e-01 0.000000e+00 
2.061500e+02 2.976810e+19 7.988600e+03 3.032250e+03 9.872160e+02 5.830810e+03 1.114020e+03 0.000000e+00 2.358370e-05 0.000000e+00 0.000000e+00 1.080020e-12 0.000000e+00 0.000000e+00 0.000000e+00 0.000000e+00 -1.000000e+00 3.677410e-01 5.399000e-01 0.000000e+00 
2.061500e+02 2.976810e+19 7.988600e+03 3.032250e+03 9.872160e+02 5.830810e+03 1.114020e+03 0.000000e+00 2.364640e-05 0.000000e+00 0.000000e+00 7.020110e-12 0.000000e+00 0.000000e+00 0.000000e+00 -0.000000e+00 -1.000000e+00 3.681070e-01 5.399700e-01 0.000000e+00 
2.044400e+02 2.952110e+19 7.731100e+03 3.079030e+03 1.024260e+03 5.845030e+03 1.098380e+03 0.000000e+00 2.370910e-05 0.000000e+00 0.000000e+00 0.000000e+00 0.000000e+00 0.000000e+00 0.000000e+00 -0.000000e+00 -1.000000e+00 3.684720e-01 5.400390e-01 0.000000e+00 
2.044400e+02 2.952110e+19 7.731100e+03 3.079030e+03 1.024260e+03 5.845030e+03 1.098380e+03 0.000000e+00 2.683790e-05 0.000000e+00 0.000000e+00 8.640130e-12 0.000000e+00 0.000000e+00 0.000000e+00 -0.000000e+00 -1.000000e+00 3.867600e-01 5.434760e-01 0.000000e+00 
2.027200e+02 2.927280e+19 7.490470e+03 3.115700e+03 1.051460e+03 5.839310e+03 1.080020e+03 0.000000e+00 2.980870e-05 0.000000e+00 0.000000e+00 0.000000e+00 0.000000e+00 0.000000e+00 0.000000e+00 -0.000000e+00 -1.000000e+00 4.050530e-01 5.468870e-01 0.000000e+00 
2.027200e+02 2.927280e+19 7.490470e+03 3.115700e+03 1.051460e+03 5.839310e+03 1.080020e+03 0.000000e+00 2.987140e-05 0.000000e+00 0.000000e+00 1.296020e-11 0.000000e+00 0.000000e+00 0.000000e+00 0.000000e+00 -1.000000e+00 4.183490e-01 5.493460e-01 0.000000e+00 
2.027200e+02 2.927280e+19 7.490470e+03 3.115700e+03 1.051460e+03 5.839310e+03 1.080020e+03 0.000000e+00 2.993400e-05 0.000000e+00 0.000000e+00 1.728030e-11 0.000000e+00 0.000000e+00 0.000000e+00 0.000000e+00 -1.000000e+00 4.187150e-01 5.494130e-01 0.000000e+00 
2.027200e+02 2.927280e+19 7.490470e+03 3.115700e+03 1.051460e+03 5.839310e+03 1.080020e+03 0.000000e+00 2.999670e-05 0.000000e+00 0.000000e+00 -1.080020e-11 0.000000e+00 0.000000e+00 0.000000e+00 -0.000000e+00 -1.000000e+00 4.190810e-01 5.494810e-01 0.000000e+00 
2.027200e+02 2.927280e+19 7.490470e+03 3.115700e+03 1.051460e+03 5.839310e+03 1.080020e+03 0.000000e+00 3.005940e-05 0.000000e+00 0.000000e+00 -4.320070e-12 0.000000e+00 0.000000e+00 0.000000e+00 0.000000e+00 -1.000000e+00 4.194470e-01 5.495490e-01 0.000000e+00 
2.027200e+02 2.927280e+19 7.490470e+03 3.115700e+03 1.051460e+03 5.839310e+03 1.080020e+03 0.000000e+00 3.012200e-05 0.000000e+00 0.000000e+00 -1.512020e-11 0.000000e+00 0.000000e+00 0.000000e+00 -0.000000e+00 -1.000000e+00 4.198130e-01 5.496170e-01 0.000000e+00 
2.027200e+02 2.927280e+19 7.490470e+03 3.115700e+03 1.051460e+03 5.839310e+03 1.080020e+03 0.000000e+00 3.018470e-05 0.000000e+00 0.000000e+00 -1.512020e-11 0.000000e+00 0.000000e+00 0.000000e+00 0.000000e+00 -1.000000e+00 4.201790e-01 5.496840e-01 0.000000e+00 
2.027200e+02 2.927280e+19 7.490470e+03 3.115700e+03 1.051460e+03 5.839310e+03 1.080020e+03 0.000000e+00 3.024740e-05 0.000000e+00 0.000000e+00 -7.560120e-12 0.000000e+00 0.000000e+00 0.000000e+00 -0.000000e+00 -1.000000e+00 4.205450e-01 5.497520e-01 0.000000e+00 
2.027200e+02 2.927280e+19 7.490470e+03 3.115700e+03 1.051460e+03 5.839310e+03 1.080020e+03 0.000000e+00 3.031000e-05 0.000000e+00 0.000000e+00 -2.700040e-13 0.000000e+00 0.000000e+00 0.000000e+00 -0.000000e+00 -1.000000e+00 4.209110e-01 5.498200e-01 0.000000e+00 
2.037300e+02 2.941860e+19 7.311490e+03 3.156450e+03 1.018470e+03 5.866570e+03 1.051100e+03 0.000000e+00 3.037270e-05 0.000000e+00 0.000000e+00 -3.456050e-11 0.000000e+00 0.000000e+00 0.000000e+00 -0.000000e+00 -1.000000e+00 4.212770e-01 5.498860e-01 0.000000e+00 
2.037300e+02 2.941860e+19 7.311490e+03 3.156450e+03 1.018470e+03 5.866570e+03 1.051100e+03 0.000000e+00 3.043520e-05 0.000000e+00 0.000000e+00 0.000000e+00 0.000000e+00 0.000000e+00 0.000000e+00 0.000000e+00 -1.000000e+00 4.216430e-01 5.499520e-01 0.000000e+00 
2.037300e+02 2.941860e+19 7.311490e+03 3.156450e+03 1.018470e+03 5.866570e+03 1.051100e+03 0.000000e+00 3.049760e-05 0.000000e+00 0.000000e+00 0.000000e+00 0.000000e+00 0.000000e+00 0.000000e+00 -0.000000e+00 -1.000000e+00 4.220090e-01 5.500170e-01 0.000000e+00 
2.037300e+02 2.941860e+19 7.311490e+03 3.156450e+03 1.018470e+03 5.866570e+03 1.051100e+03 0.000000e+00 3.056000e-05 0.000000e+00 0.000000e+00 0.000000e+00 0.000000e+00 0.000000e+00 0.000000e+00 0.000000e+00 -1.000000e+00 4.223760e-01 5.500830e-01 0.000000e+00 
2.037300e+02 2.941860e+19 7.311490e+03 3.156450e+03 1.018470e+03 5.866570e+03 1.051100e+03 0.000000e+00 3.062250e-05 0.000000e+00 0.000000e+00 0.000000e+00 0.000000e+00 0.000000e+00 0.000000e+00 -0.000000e+00 -1.000000e+00 4.227420e-01 5.501490e-01 0.000000e+00 
2.037300e+02 2.941860e+19 7.311490e+03 3.156450e+03 1.018470e+03 5.866570e+03 1.051100e+03 0.000000e+00 3.068490e-05 0.000000e+00 0.000000e+00 0.000000e+00 0.000000e+00 0.000000e+00 0.000000e+00 -0.000000e+00 -1.000000e+00 4.231080e-01 5.502140e-01 0.000000e+00 
2.037300e+02 2.941860e+19 7.311490e+03 3.156450e+03 1.018470e+03 5.866570e+03 1.051100e+03 0.000000e+00 3.074740e-05 0.000000e+00 0.000000e+00 0.000000e+00 0.000000e+00 0.000000e+00 0.000000e+00 0.000000e+00 -1.000000e+00 4.234750e-01 5.502800e-01 0.000000e+00 
2.037300e+02 2.941860e+19 7.311490e+03 3.156450e+03 1.018470e+03 5.866570e+03 1.051100e+03 0.000000e+00 3.080980e-05 0.000000e+00 0.000000e+00 0.000000e+00 0.000000e+00 0.000000e+00 0.000000e+00 -0.000000e+00 -1.000000e+00 4.238410e-01 5.503460e-01 0.000000e+00 
2.037300e+02 2.941860e+19 7.311490e+03 3.156450e+03 1.018470e+03 5.866570e+03 1.051100e+03 0.000000e+00 3.087230e-05 0.000000e+00 0.000000e+00 0.000000e+00 0.000000e+00 0.000000e+00 0.000000e+00 -0.000000e+00 -1.000000e+00 4.242070e-01 5.504110e-01 0.000000e+00 
2.037300e+02 2.941860e+19 7.311490e+03 3.156450e+03 1.018470e+03 5.866570e+03 1.051100e+03 0.000000e+00 3.093470e-05 0.000000e+00 0.000000e+00 0.000000e+00 0.000000e+00 0.000000e+00 0.000000e+00 -0.000000e+00 -1.000000e+00 4.245740e-01 5.504770e-01 0.000000e+00 
2.037300e+02 2.941860e+19 7.311490e+03 3.156450e+03 1.018470e+03 5.866570e+03 1.051100e+03 0.000000e+00 3.099710e-05 0.000000e+00 0.000000e+00 0.000000e+00 0.000000e+00 0.000000e+00 0.000000e+00 0.000000e+00 -1.000000e+00 4.249400e-01 5.505430e-01 0.000000e+00 
2.037300e+02 2.941860e+19 7.311490e+03 3.156450e+03 1.018470e+03 5.866570e+03 1.051100e+03 0.000000e+00 3.105960e-05 0.000000e+00 0.000000e+00 0.000000e+00 0.000000e+00 0.000000e+00 0.000000e+00 -0.000000e+00 -1.000000e+00 4.253060e-01 5.506080e-01 0.000000e+00 
2.037300e+02 2.941860e+19 7.311490e+03 3.156450e+03 1.018470e+03 5.866570e+03 1.051100e+03 0.000000e+00 3.112200e-05 0.000000e+00 0.000000e+00 0.000000e+00 0.000000e+00 0.000000e+00 0.000000e+00 -0.000000e+00 -1.000000e+00 4.256730e-01 5.506740e-01 0.000000e+00 
2.037300e+02 2.941860e+19 7.311490e+03 3.156450e+03 1.018470e+03 5.866570e+03 1.051100e+03 0.000000e+00 3.118450e-05 0.000000e+00 0.000000e+00 0.000000e+00 0.000000e+00 0.000000e+00 0.000000e+00 -0.000000e+00 -1.000000e+00 4.260390e-01 5.507390e-01 0.000000e+00 
2.037300e+02 2.941860e+19 7.311490e+03 3.156450e+03 1.018470e+03 5.866570e+03 1.051100e+03 0.000000e+00 3.124690e-05 0.000000e+00 0.000000e+00 3.456050e-11 0.000000e+00 0.000000e+00 0.000000e+00 -0.000000e+00 -1.000000e+00 4.264050e-01 5.508050e-01 0.000000e+00 
2.037300e+02 2.941860e+19 7.311490e+03 3.156450e+03 1.018470e+03 5.866570e+03 1.051100e+03 0.000000e+00 3.130940e-05 0.000000e+00 0.000000e+00 0.000000e+00 0.000000e+00 0.000000e+00 0.000000e+00 -0.000000e+00 -1.000000e+00 4.267720e-01 5.508710e-01 0.000000e+00 
2.037300e+02 2.941860e+19 7.311490e+03 3.156450e+03 1.018470e+03 5.866570e+03 1.051100e+03 0.000000e+00 3.137180e-05 0.000000e+00 0.000000e+00 0.000000e+00 0.000000e+00 0.000000e+00 0.000000e+00 0.000000e+00 -1.000000e+00 4.271380e-01 5.509360e-01 0.000000e+00 
2.037300e+02 2.941860e+19 7.311490e+03 3.156450e+03 1.018470e+03 5.866570e+03 1.051100e+03 0.000000e+00 3.143420e-05 0.000000e+00 0.000000e+00 0.000000e+00 0.000000e+00 0.000000e+00 0.000000e+00 0.000000e+00 -1.000000e+00 4.275040e-01 5.510020e-01 0.000000e+00 
2.037300e+02 2.941860e+19 7.311490e+03 3.156450e+03 1.018470e+03 5.866570e+03 1.051100e+03 0.000000e+00 3.149670e-05 0.000000e+00 0.000000e+00 0.000000e+00 0.000000e+00 0.000000e+00 0.000000e+00 -0.000000e+00 -1.000000e+00 4.278710e-01 5.510680e-01 0.000000e+00 
2.037300e+02 2.941860e+19 7.311490e+03 3.156450e+03 1.018470e+03 5.866570e+03 1.051100e+03 0.000000e+00 3.155910e-05 0.000000e+00 0.000000e+00 0.000000e+00 0.000000e+00 0.000000e+00 0.000000e+00 -0.000000e+00 -1.000000e+00 4.282370e-01 5.511330e-01 0.000000e+00 
2.037300e+02 2.941860e+19 7.311490e+03 3.156450e+03 1.018470e+03 5.866570e+03 1.051100e+03 0.000000e+00 3.162160e-05 0.000000e+00 0.000000e+00 0.000000e+00 0.000000e+00 0.000000e+00 0.000000e+00 -0.000000e+00 -1.000000e+00 4.286030e-01 5.511990e-01 0.000000e+00 
2.037300e+02 2.941860e+19 7.311490e+03 3.156450e+03 1.018470e+03 5.866570e+03 1.051100e+03 0.000000e+00 3.168400e-05 0.000000e+00 0.000000e+00 0.000000e+00 0.000000e+00 0.000000e+00 0.000000e+00 0.000000e+00 -1.000000e+00 4.289700e-01 5.512650e-01 0.000000e+00 
2.037300e+02 2.941860e+19 7.311490e+03 3.156450e+03 1.018470e+03 5.866570e+03 1.051100e+03 0.000000e+00 3.174650e-05 0.000000e+00 0.000000e+00 0.000000e+00 0.000000e+00 0.000000e+00 0.000000e+00 -0.000000e+00 -1.000000e+00 4.293360e-01 5.513300e-01 0.000000e+00 
2.037300e+02 2.941860e+19 7.311490e+03 3.156450e+03 1.018470e+03 5.866570e+03 1.051100e+03 0.000000e+00 3.180890e-05 0.000000e+00 0.000000e+00 -1.728030e-11 0.000000e+00 0.000000e+00 0.000000e+00 -0.000000e+00 -1.000000e+00 4.297020e-01 5.513960e-01 0.000000e+00 
2.037300e+02 2.941860e+19 7.311490e+03 3.156450e+03 1.018470e+03 5.866570e+03 1.051100e+03 0.000000e+00 3.187130e-05 0.000000e+00 0.000000e+00 1.728030e-11 0.000000e+00 0.000000e+00 0.000000e+00 0.000000e+00 -1.000000e+00 4.300690e-01 5.514610e-01 0.000000e+00 
2.037300e+02 2.941860e+19 7.311490e+03 3.156450e+03 1.018470e+03 5.866570e+03 1.051100e+03 0.000000e+00 3.193380e-05 0.000000e+00 0.000000e+00 0.000000e+00 0.000000e+00 0.000000e+00 0.000000e+00 -0.000000e+00 -1.000000e+00 4.304350e-01 5.515270e-01 0.000000e+00 
2.037300e+02 2.941860e+19 7.311490e+03 3.156450e+03 1.018470e+03 5.866570e+03 1.051100e+03 0.000000e+00 3.199620e-05 0.000000e+00 0.000000e+00 0.000000e+00 0.000000e+00 0.000000e+00 0.000000e+00 0.000000e+00 -1.000000e+00 4.308010e-01 5.515930e-01 0.000000e+00 
2.037300e+02 2.941860e+19 7.311490e+03 3.156450e+03 1.018470e+03 5.866570e+03 1.051100e+03 0.000000e+00 3.205870e-05 0.000000e+00 0.000000e+00 0.000000e+00 0.000000e+00 0.000000e+00 0.000000e+00 -0.000000e+00 -1.000000e+00 4.311680e-01 5.516580e-01 0.000000e+00 
2.037300e+02 2.941860e+19 7.311490e+03 3.156450e+03 1.018470e+03 5.866570e+03 1.051100e+03 0.000000e+00 3.212110e-05 0.000000e+00 0.000000e+00 -1.728030e-11 0.000000e+00 0.000000e+00 0.000000e+00 -0.000000e+00 -1.000000e+00 4.315340e-01 5.517240e-01 0.000000e+00 
2.037300e+02 2.941860e+19 7.311490e+03 3.156450e+03 1.018470e+03 5.866570e+03 1.051100e+03 0.000000e+00 3.218360e-05 0.000000e+00 0.000000e+00 -1.728030e-11 0.000000e+00 0.000000e+00 0.000000e+00 -0.000000e+00 -1.000000e+00 4.319000e-01 5.517900e-01 0.000000e+00 
2.037300e+02 2.941860e+19 7.311490e+03 3.156450e+03 1.018470e+03 5.866570e+03 1.051100e+03 0.000000e+00 3.224600e-05 0.000000e+00 0.000000e+00 0.000000e+00 0.000000e+00 0.000000e+00 0.000000e+00 -0.000000e+00 -1.000000e+00 4.322670e-01 5.518550e-01 0.000000e+00 
2.037300e+02 2.941860e+19 7.311490e+03 3.156450e+03 1.018470e+03 5.866570e+03 1.051100e+03 0.000000e+00 3.230840e-05 0.000000e+00 0.000000e+00 0.000000e+00 0.000000e+00 0.000000e+00 0.000000e+00 0.000000e+00 -1.000000e+00 4.326330e-01 5.519210e-01 0.000000e+00 
2.037300e+02 2.941860e+19 7.311490e+03 3.156450e+03 1.018470e+03 5.866570e+03 1.051100e+03 0.000000e+00 3.237090e-05 0.000000e+00 0.000000e+00 0.000000e+00 0.000000e+00 0.000000e+00 0.000000e+00 -0.000000e+00 -1.000000e+00 4.329990e-01 5.519870e-01 0.000000e+00 
2.037300e+02 2.941860e+19 7.311490e+03 3.156450e+03 1.018470e+03 5.866570e+03 1.051100e+03 0.000000e+00 3.243330e-05 0.000000e+00 0.000000e+00 0.000000e+00 0.000000e+00 0.000000e+00 0.000000e+00 -0.000000e+00 -1.000000e+00 4.333660e-01 5.520520e-01 0.000000e+00 
2.037300e+02 2.941860e+19 7.311490e+03 3.156450e+03 1.018470e+03 5.866570e+03 1.051100e+03 0.000000e+00 3.249580e-05 0.000000e+00 0.000000e+00 1.728030e-11 0.000000e+00 0.000000e+00 0.000000e+00 -0.000000e+00 -1.000000e+00 4.337320e-01 5.521180e-01 0.000000e+00 
2.037300e+02 2.941860e+19 7.311490e+03 3.156450e+03 1.018470e+03 5.866570e+03 1.051100e+03 0.000000e+00 3.255820e-05 0.000000e+00 0.000000e+00 1.728030e-11 0.000000e+00 0.000000e+00 0.000000e+00 -0.000000e+00 -1.000000e+00 4.340980e-01 5.521830e-01 0.000000e+00 
2.037300e+02 2.941860e+19 7.311490e+03 3.156450e+03 1.018470e+03 5.866570e+03 1.051100e+03 0.000000e+00 3.262070e-05 0.000000e+00 0.000000e+00 0.000000e+00 0.000000e+00 0.000000e+00 0.000000e+00 0.000000e+00 -1.000000e+00 4.344650e-01 5.522490e-01 0.000000e+00 
2.037300e+02 2.941860e+19 7.311490e+03 3.156450e+03 1.018470e+03 5.866570e+03 1.051100e+03 0.000000e+00 3.268310e-05 0.000000e+00 0.000000e+00 0.000000e+00 0.000000e+00 0.000000e+00 0.000000e+00 0.000000e+00 -1.000000e+00 4.348310e-01 5.523150e-01 0.000000e+00 
2.037300e+02 2.941860e+19 7.311490e+03 3.156450e+03 1.018470e+03 5.866570e+03 1.051100e+03 0.000000e+00 3.274550e-05 0.000000e+00 0.000000e+00 0.000000e+00 0.000000e+00 0.000000e+00 0.000000e+00 -0.000000e+00 -1.000000e+00 4.351970e-01 5.523800e-01 0.000000e+00 
2.037300e+02 2.941860e+19 7.311490e+03 3.156450e+03 1.018470e+03 5.866570e+03 1.051100e+03 0.000000e+00 3.280800e-05 0.000000e+00 0.000000e+00 0.000000e+00 0.000000e+00 0.000000e+00 0.000000e+00 -0.000000e+00 -1.000000e+00 4.355630e-01 5.524460e-01 0.000000e+00 
2.037300e+02 2.941860e+19 7.311490e+03 3.156450e+03 1.018470e+03 5.866570e+03 1.051100e+03 0.000000e+00 3.287040e-05 0.000000e+00 0.000000e+00 0.000000e+00 0.000000e+00 0.000000e+00 0.000000e+00 -0.000000e+00 -1.000000e+00 4.359300e-01 5.525120e-01 0.000000e+00 
2.037300e+02 2.941860e+19 7.311490e+03 3.156450e+03 1.018470e+03 5.866570e+03 1.051100e+03 0.000000e+00 3.293290e-05 0.000000e+00 0.000000e+00 0.000000e+00 0.000000e+00 0.000000e+00 0.000000e+00 0.000000e+00 -1.000000e+00 4.362960e-01 5.525770e-01 0.000000e+00 
2.037300e+02 2.941860e+19 7.311490e+03 3.156450e+03 1.018470e+03 5.866570e+03 1.051100e+03 0.000000e+00 3.299530e-05 0.000000e+00 0.000000e+00 0.000000e+00 0.000000e+00 0.000000e+00 0.000000e+00 0.000000e+00 -1.000000e+00 4.366620e-01 5.526430e-01 0.000000e+00 
2.015400e+02 2.910240e+19 7.371430e+03 2.941130e+03 9.761960e+02 5.922300e+03 1.069180e+03 0.000000e+00 3.305780e-05 0.000000e+00 0.000000e+00 0.000000e+00 0.000000e+00 0.000000e+00 0.000000e+00 -0.000000e+00 -1.000000e+00 4.370290e-01 5.527090e-01 0.000000e+00 
2.010000e+02 2.902440e+19 7.159230e+03 3.023150e+03 1.003590e+03 5.929170e+03 1.064440e+03 0.000000e+00 3.614970e-05 0.000000e+00 0.000000e+00 0.000000e+00 0.000000e+00 0.000000e+00 0.000000e+00 -0.000000e+00 -1.000000e+00 4.553420e-01 5.560060e-01 0.000000e+00 
2.010000e+02 2.902440e+19 7.159230e+03 3.023150e+03 1.003590e+03 5.929170e+03 1.064440e+03 0.000000e+00 3.923870e-05 0.000000e+00 0.000000e+00 -9.349230e-12 0.000000e+00 0.000000e+00 0.000000e+00 -0.000000e+00 -1.000000e+00 4.736570e-01 5.592940e-01 0.000000e+00 
1.995750e+02 2.881860e+19 6.998580e+03 3.011100e+03 9.982450e+02 5.934180e+03 1.021400e+03 0.000000e+00 4.232770e-05 0.000000e+00 0.000000e+00 1.728090e-11 0.000000e+00 0.000000e+00 0.000000e+00 -0.000000e+00 -1.000000e+00 4.919930e-01 5.624630e-01 0.000000e+00 
1.987700e+02 2.870240e+19 6.814850e+03 3.033010e+03 1.017330e+03 5.947550e+03 9.969100e+02 0.000000e+00 4.452780e-05 0.000000e+00 0.000000e+00 0.000000e+00 0.000000e+00 0.000000e+00 0.000000e+00 -0.000000e+00 -1.000000e+00 5.062300e-01 5.648820e-01 0.000000e+00 
1.987700e+02 2.870240e+19 6.814850e+03 3.033010e+03 1.017330e+03 5.947550e+03 9.969100e+02 0.000000e+00 4.458950e-05 0.000000e+00 0.000000e+00 8.640450e-12 0.000000e+00 0.000000e+00 0.000000e+00 -0.000000e+00 -1.000000e+00 5.192960e-01 5.670720e-01 0.000000e+00 
1.987700e+02 2.870240e+19 6.814850e+03 3.033010e+03 1.017330e+03 5.947550e+03 9.969100e+02 0.000000e+00 4.465120e-05 0.000000e+00 0.000000e+00 -8.640450e-12 0.000000e+00 0.000000e+00 0.000000e+00 0.000000e+00 -1.000000e+00 5.196630e-01 5.671330e-01 0.000000e+00 
1.987700e+02 2.870240e+19 6.814850e+03 3.033010e+03 1.017330e+03 5.947550e+03 9.969100e+02 0.000000e+00 4.471290e-05 0.000000e+00 0.000000e+00 8.640450e-12 0.000000e+00 0.000000e+00 0.000000e+00 -0.000000e+00 -1.000000e+00 5.200300e-01 5.671950e-01 0.000000e+00 
1.987700e+02 2.870240e+19 6.814850e+03 3.033010e+03 1.017330e+03 5.947550e+03 9.969100e+02 0.000000e+00 4.477470e-05 0.000000e+00 0.000000e+00 0.000000e+00 0.000000e+00 0.000000e+00 0.000000e+00 -0.000000e+00 -1.000000e+00 5.203970e-01 5.672560e-01 0.000000e+00 
1.987700e+02 2.870240e+19 6.814850e+03 3.033010e+03 1.017330e+03 5.947550e+03 9.969100e+02 0.000000e+00 4.483640e-05 0.000000e+00 0.000000e+00 1.728090e-11 0.000000e+00 0.000000e+00 0.000000e+00 -0.000000e+00 -1.000000e+00 5.207640e-01 5.673180e-01 0.000000e+00 
1.987700e+02 2.870240e+19 6.814850e+03 3.033010e+03 1.017330e+03 5.947550e+03 9.969100e+02 0.000000e+00 4.489810e-05 0.000000e+00 0.000000e+00 0.000000e+00 0.000000e+00 0.000000e+00 0.000000e+00 -0.000000e+00 -1.000000e+00 5.211310e-01 5.673790e-01 0.000000e+00 
1.987700e+02 2.870240e+19 6.814850e+03 3.033010e+03 1.017330e+03 5.947550e+03 9.969100e+02 0.000000e+00 4.495980e-05 0.000000e+00 0.000000e+00 -8.640450e-12 0.000000e+00 0.000000e+00 0.000000e+00 -0.000000e+00 -1.000000e+00 5.214980e-01 5.674410e-01 0.000000e+00 
1.987700e+02 2.870240e+19 6.814850e+03 3.033010e+03 1.017330e+03 5.947550e+03 9.969100e+02 0.000000e+00 4.502150e-05 0.000000e+00 0.000000e+00 1.728090e-11 0.000000e+00 0.000000e+00 0.000000e+00 0.000000e+00 -1.000000e+00 5.218650e-01 5.675020e-01 0.000000e+00 
1.987700e+02 2.870240e+19 6.814850e+03 3.033010e+03 1.017330e+03 5.947550e+03 9.969100e+02 0.000000e+00 4.508320e-05 0.000000e+00 0.000000e+00 1.296070e-11 0.000000e+00 0.000000e+00 0.000000e+00 -0.000000e+00 -1.000000e+00 5.222320e-01 5.675640e-01 0.000000e+00 
1.987700e+02 2.870240e+19 6.814850e+03 3.033010e+03 1.017330e+03 5.947550e+03 9.969100e+02 0.000000e+00 4.514490e-05 0.000000e+00 0.000000e+00 -1.296070e-11 0.000000e+00 0.000000e+00 0.000000e+00 -0.000000e+00 -1.000000e+00 5.225990e-01 5.676250e-01 0.000000e+00 
1.987700e+02 2.870240e+19 6.814850e+03 3.033010e+03 1.017330e+03 5.947550e+03 9.969100e+02 0.000000e+00 4.520660e-05 0.000000e+00 0.000000e+00 1.728090e-11 0.000000e+00 0.000000e+00 0.000000e+00 -0.000000e+00 -1.000000e+00 5.229660e-01 5.676870e-01 0.000000e+00 
1.987700e+02 2.870240e+19 6.814850e+03 3.033010e+03 1.017330e+03 5.947550e+03 9.969100e+02 0.000000e+00 4.526840e-05 0.000000e+00 0.000000e+00 4.320220e-12 0.000000e+00 0.000000e+00 0.000000e+00 -0.000000e+00 -1.000000e+00 5.233330e-01 5.677480e-01 0.000000e+00 
1.987700e+02 2.870240e+19 6.814850e+03 3.033010e+03 1.017330e+03 5.947550e+03 9.969100e+02 0.000000e+00 4.533010e-05 0.000000e+00 0.000000e+00 -1.296070e-11 0.000000e+00 0.000000e+00 0.000000e+00 -0.000000e+00 -1.000000e+00 5.237000e-01 5.678100e-01 0.000000e+00 
1.987700e+02 2.870240e+19 6.814850e+03 3.033010e+03 1.017330e+03 5.947550e+03 9.969100e+02 0.000000e+00 4.539180e-05 0.000000e+00 0.000000e+00 8.640450e-12 0.000000e+00 0.000000e+00 0.000000e+00 0.000000e+00 -1.000000e+00 5.240670e-01 5.678710e-01 0.000000e+00 
1.987700e+02 2.870240e+19 6.814850e+03 3.033010e+03 1.017330e+03 5.947550e+03 9.969100e+02 0.000000e+00 4.545350e-05 0.000000e+00 0.000000e+00 -6.480340e-12 0.000000e+00 0.000000e+00 0.000000e+00 -0.000000e+00 -1.000000e+00 5.244350e-01 5.679330e-01 0.000000e+00 
1.987700e+02 2.870240e+19 6.814850e+03 3.033010e+03 1.017330e+03 5.947550e+03 9.969100e+02 0.000000e+00 4.551520e-05 0.000000e+00 0.000000e+00 -6.480340e-12 0.000000e+00 0.000000e+00 0.000000e+00 0.000000e+00 -1.000000e+00 5.248020e-01 5.679950e-01 0.000000e+00 
1.987700e+02 2.870240e+19 6.814850e+03 3.033010e+03 1.017330e+03 5.947550e+03 9.969100e+02 0.000000e+00 4.557690e-05 0.000000e+00 0.000000e+00 8.640450e-12 0.000000e+00 0.000000e+00 0.000000e+00 -0.000000e+00 -1.000000e+00 5.251690e-01 5.680560e-01 0.000000e+00 
1.987700e+02 2.870240e+19 6.814850e+03 3.033010e+03 1.017330e+03 5.947550e+03 9.969100e+02 0.000000e+00 4.563860e-05 0.000000e+00 0.000000e+00 -6.480340e-12 0.000000e+00 0.000000e+00 0.000000e+00 -0.000000e+00 -1.000000e+00 5.255360e-01 5.681180e-01 0.000000e+00 
1.987700e+02 2.870240e+19 6.814850e+03 3.033010e+03 1.017330e+03 5.947550e+03 9.969100e+02 0.000000e+00 4.570030e-05 0.000000e+00 0.000000e+00 -1.188060e-11 0.000000e+00 0.000000e+00 0.000000e+00 -0.000000e+00 -1.000000e+00 5.259030e-01 5.681790e-01 0.000000e+00 
1.987700e+02 2.870240e+19 6.814850e+03 3.033010e+03 1.017330e+03 5.947550e+03 9.969100e+02 0.000000e+00 4.576210e-05 0.000000e+00 0.000000e+00 -6.007810e-12 0.000000e+00 0.000000e+00 0.000000e+00 -0.000000e+00 -1.000000e+00 5.262700e-01 5.682410e-01 0.000000e+00 
1.952850e+02 2.819920e+19 6.640580e+03 3.065230e+03 1.032000e+03 5.959700e+03 9.830630e+02 0.000000e+00 4.582380e-05 0.000000e+00 0.000000e+00 0.000000e+00 0.000000e+00 0.000000e+00 0.000000e+00 -0.000000e+00 -1.000000e+00 5.266370e-01 5.683010e-01 0.000000e+00 
1.952850e+02 2.819920e+19 6.640580e+03 3.065230e+03 1.032000e+03 5.959700e+03 9.830630e+02 0.000000e+00 4.588540e-05 0.000000e+00 0.000000e+00 0.000000e+00 0.000000e+00 0.000000e+00 0.000000e+00 0.000000e+00 -1.000000e+00 5.270040e-01 5.683620e-01 0.000000e+00 
1.952850e+02 2.819920e+19 6.640580e+03 3.065230e+03 1.032000e+03 5.959700e+03 9.830630e+02 0.000000e+00 4.594700e-05 0.000000e+00 0.000000e+00 0.000000e+00 0.000000e+00 0.000000e+00 0.000000e+00 0.000000e+00 -1.000000e+00 5.273710e-01 5.684220e-01 0.000000e+00 
1.952850e+02 2.819920e+19 6.640580e+03 3.065230e+03 1.032000e+03 5.959700e+03 9.830630e+02 0.000000e+00 4.600860e-05 0.000000e+00 0.000000e+00 3.456180e-11 0.000000e+00 0.000000e+00 0.000000e+00 -0.000000e+00 -1.000000e+00 5.277380e-01 5.684830e-01 0.000000e+00 
1.952850e+02 2.819920e+19 6.640580e+03 3.065230e+03 1.032000e+03 5.959700e+03 9.830630e+02 0.000000e+00 4.607020e-05 0.000000e+00 0.000000e+00 0.000000e+00 0.000000e+00 0.000000e+00 0.000000e+00 -0.000000e+00 -1.000000e+00 5.281060e-01 5.685440e-01 0.000000e+00 
1.952850e+02 2.819920e+19 6.640580e+03 3.065230e+03 1.032000e+03 5.959700e+03 9.830630e+02 0.000000e+00 4.613180e-05 0.000000e+00 0.000000e+00 0.000000e+00 0.000000e+00 0.000000e+00 0.000000e+00 0.000000e+00 -1.000000e+00 5.284730e-01 5.686040e-01 0.000000e+00 
1.952850e+02 2.819920e+19 6.640580e+03 3.065230e+03 1.032000e+03 5.959700e+03 9.830630e+02 0.000000e+00 4.619340e-05 0.000000e+00 0.000000e+00 0.000000e+00 0.000000e+00 0.000000e+00 0.000000e+00 -0.000000e+00 -1.000000e+00 5.288400e-01 5.686650e-01 0.000000e+00 
1.952850e+02 2.819920e+19 6.640580e+03 3.065230e+03 1.032000e+03 5.959700e+03 9.830630e+02 0.000000e+00 4.625510e-05 0.000000e+00 0.000000e+00 0.000000e+00 0.000000e+00 0.000000e+00 0.000000e+00 0.000000e+00 -1.000000e+00 5.292070e-01 5.687250e-01 0.000000e+00 
1.952850e+02 2.819920e+19 6.640580e+03 3.065230e+03 1.032000e+03 5.959700e+03 9.830630e+02 0.000000e+00 4.631670e-05 0.000000e+00 0.000000e+00 0.000000e+00 0.000000e+00 0.000000e+00 0.000000e+00 -0.000000e+00 -1.000000e+00 5.295740e-01 5.687860e-01 0.000000e+00 
1.952850e+02 2.819920e+19 6.640580e+03 3.065230e+03 1.032000e+03 5.959700e+03 9.830630e+02 0.000000e+00 4.637830e-05 0.000000e+00 0.000000e+00 0.000000e+00 0.000000e+00 0.000000e+00 0.000000e+00 -0.000000e+00 -1.000000e+00 5.299420e-01 5.688460e-01 0.000000e+00 
1.952850e+02 2.819920e+19 6.640580e+03 3.065230e+03 1.032000e+03 5.959700e+03 9.830630e+02 0.000000e+00 4.643990e-05 0.000000e+00 0.000000e+00 0.000000e+00 0.000000e+00 0.000000e+00 0.000000e+00 0.000000e+00 -1.000000e+00 5.303090e-01 5.689070e-01 0.000000e+00 
1.952850e+02 2.819920e+19 6.640580e+03 3.065230e+03 1.032000e+03 5.959700e+03 9.830630e+02 0.000000e+00 4.650150e-05 0.000000e+00 0.000000e+00 0.000000e+00 0.000000e+00 0.000000e+00 0.000000e+00 -0.000000e+00 -1.000000e+00 5.306760e-01 5.689680e-01 0.000000e+00 
1.952850e+02 2.819920e+19 6.640580e+03 3.065230e+03 1.032000e+03 5.959700e+03 9.830630e+02 0.000000e+00 4.656310e-05 0.000000e+00 0.000000e+00 0.000000e+00 0.000000e+00 0.000000e+00 0.000000e+00 0.000000e+00 -1.000000e+00 5.310430e-01 5.690280e-01 0.000000e+00 
1.952850e+02 2.819920e+19 6.640580e+03 3.065230e+03 1.032000e+03 5.959700e+03 9.830630e+02 0.000000e+00 4.662470e-05 0.000000e+00 0.000000e+00 0.000000e+00 0.000000e+00 0.000000e+00 0.000000e+00 -0.000000e+00 -1.000000e+00 5.314100e-01 5.690890e-01 0.000000e+00 
1.952850e+02 2.819920e+19 6.640580e+03 3.065230e+03 1.032000e+03 5.959700e+03 9.830630e+02 0.000000e+00 4.668630e-05 0.000000e+00 0.000000e+00 0.000000e+00 0.000000e+00 0.000000e+00 0.000000e+00 0.000000e+00 -1.000000e+00 5.317780e-01 5.691490e-01 0.000000e+00 
1.952850e+02 2.819920e+19 6.640580e+03 3.065230e+03 1.032000e+03 5.959700e+03 9.830630e+02 0.000000e+00 4.674800e-05 0.000000e+00 0.000000e+00 0.000000e+00 0.000000e+00 0.000000e+00 0.000000e+00 -0.000000e+00 -1.000000e+00 5.321450e-01 5.692100e-01 0.000000e+00 
1.952850e+02 2.819920e+19 6.640580e+03 3.065230e+03 1.032000e+03 5.959700e+03 9.830630e+02 0.000000e+00 4.680960e-05 0.000000e+00 0.000000e+00 0.000000e+00 0.000000e+00 0.000000e+00 0.000000e+00 0.000000e+00 -1.000000e+00 5.325120e-01 5.692700e-01 0.000000e+00 
1.952850e+02 2.819920e+19 6.640580e+03 3.065230e+03 1.032000e+03 5.959700e+03 9.830630e+02 0.000000e+00 4.687120e-05 0.000000e+00 0.000000e+00 0.000000e+00 0.000000e+00 0.000000e+00 0.000000e+00 -0.000000e+00 -1.000000e+00 5.328790e-01 5.693310e-01 0.000000e+00 
1.952850e+02 2.819920e+19 6.640580e+03 3.065230e+03 1.032000e+03 5.959700e+03 9.830630e+02 0.000000e+00 4.693280e-05 0.000000e+00 0.000000e+00 0.000000e+00 0.000000e+00 0.000000e+00 0.000000e+00 0.000000e+00 -1.000000e+00 5.332460e-01 5.693910e-01 0.000000e+00 
1.952850e+02 2.819920e+19 6.640580e+03 3.065230e+03 1.032000e+03 5.959700e+03 9.830630e+02 0.000000e+00 4.699440e-05 0.000000e+00 0.000000e+00 0.000000e+00 0.000000e+00 0.000000e+00 0.000000e+00 -0.000000e+00 -1.000000e+00 5.336140e-01 5.694520e-01 0.000000e+00 
1.952850e+02 2.819920e+19 6.640580e+03 3.065230e+03 1.032000e+03 5.959700e+03 9.830630e+02 0.000000e+00 4.705600e-05 0.000000e+00 0.000000e+00 0.000000e+00 0.000000e+00 0.000000e+00 0.000000e+00 0.000000e+00 -1.000000e+00 5.339810e-01 5.695130e-01 0.000000e+00 
1.952850e+02 2.819920e+19 6.640580e+03 3.065230e+03 1.032000e+03 5.959700e+03 9.830630e+02 0.000000e+00 4.711760e-05 0.000000e+00 0.000000e+00 0.000000e+00 0.000000e+00 0.000000e+00 0.000000e+00 -0.000000e+00 -1.000000e+00 5.343480e-01 5.695730e-01 0.000000e+00 
1.952850e+02 2.819920e+19 6.640580e+03 3.065230e+03 1.032000e+03 5.959700e+03 9.830630e+02 0.000000e+00 4.717930e-05 0.000000e+00 0.000000e+00 0.000000e+00 0.000000e+00 0.000000e+00 0.000000e+00 0.000000e+00 -1.000000e+00 5.347150e-01 5.696340e-01 0.000000e+00 
1.952850e+02 2.819920e+19 6.640580e+03 3.065230e+03 1.032000e+03 5.959700e+03 9.830630e+02 0.000000e+00 4.724090e-05 0.000000e+00 0.000000e+00 1.728090e-11 0.000000e+00 0.000000e+00 0.000000e+00 0.000000e+00 -1.000000e+00 5.350820e-01 5.696940e-01 0.000000e+00 
1.952850e+02 2.819920e+19 6.640580e+03 3.065230e+03 1.032000e+03 5.959700e+03 9.830630e+02 0.000000e+00 4.730250e-05 0.000000e+00 0.000000e+00 0.000000e+00 0.000000e+00 0.000000e+00 0.000000e+00 -0.000000e+00 -1.000000e+00 5.354500e-01 5.697550e-01 0.000000e+00 
1.952850e+02 2.819920e+19 6.640580e+03 3.065230e+03 1.032000e+03 5.959700e+03 9.830630e+02 0.000000e+00 4.736410e-05 0.000000e+00 0.000000e+00 0.000000e+00 0.000000e+00 0.000000e+00 0.000000e+00 -0.000000e+00 -1.000000e+00 5.358170e-01 5.698160e-01 0.000000e+00 
1.952850e+02 2.819920e+19 6.640580e+03 3.065230e+03 1.032000e+03 5.959700e+03 9.830630e+02 0.000000e+00 4.742570e-05 0.000000e+00 0.000000e+00 0.000000e+00 0.000000e+00 0.000000e+00 0.000000e+00 0.000000e+00 -1.000000e+00 5.361840e-01 5.698760e-01 0.000000e+00 
1.952850e+02 2.819920e+19 6.640580e+03 3.065230e+03 1.032000e+03 5.959700e+03 9.830630e+02 0.000000e+00 4.748730e-05 0.000000e+00 0.000000e+00 0.000000e+00 0.000000e+00 0.000000e+00 0.000000e+00 -0.000000e+00 -1.000000e+00 5.365510e-01 5.699370e-01 0.000000e+00 
1.952850e+02 2.819920e+19 6.640580e+03 3.065230e+03 1.032000e+03 5.959700e+03 9.830630e+02 0.000000e+00 4.754890e-05 0.000000e+00 0.000000e+00 1.728090e-11 0.000000e+00 0.000000e+00 0.000000e+00 0.000000e+00 -1.000000e+00 5.369180e-01 5.699970e-01 0.000000e+00 
1.952850e+02 2.819920e+19 6.640580e+03 3.065230e+03 1.032000e+03 5.959700e+03 9.830630e+02 0.000000e+00 4.761050e-05 0.000000e+00 0.000000e+00 0.000000e+00 0.000000e+00 0.000000e+00 0.000000e+00 -0.000000e+00 -1.000000e+00 5.372860e-01 5.700580e-01 0.000000e+00 
1.952850e+02 2.819920e+19 6.640580e+03 3.065230e+03 1.032000e+03 5.959700e+03 9.830630e+02 0.000000e+00 4.767220e-05 0.000000e+00 0.000000e+00 0.000000e+00 0.000000e+00 0.000000e+00 0.000000e+00 0.000000e+00 -1.000000e+00 5.376530e-01 5.701180e-01 0.000000e+00 
1.952850e+02 2.819920e+19 6.640580e+03 3.065230e+03 1.032000e+03 5.959700e+03 9.830630e+02 0.000000e+00 4.773380e-05 0.000000e+00 0.000000e+00 -1.728090e-11 0.000000e+00 0.000000e+00 0.000000e+00 -0.000000e+00 -1.000000e+00 5.380200e-01 5.701790e-01 0.000000e+00 
1.952850e+02 2.819920e+19 6.640580e+03 3.065230e+03 1.032000e+03 5.959700e+03 9.830630e+02 0.000000e+00 4.779540e-05 0.000000e+00 0.000000e+00 0.000000e+00 0.000000e+00 0.000000e+00 0.000000e+00 0.000000e+00 -1.000000e+00 5.383870e-01 5.702390e-01 0.000000e+00 
1.952850e+02 2.819920e+19 6.640580e+03 3.065230e+03 1.032000e+03 5.959700e+03 9.830630e+02 0.000000e+00 4.785700e-05 0.000000e+00 0.000000e+00 0.000000e+00 0.000000e+00 0.000000e+00 0.000000e+00 0.000000e+00 -1.000000e+00 5.387540e-01 5.703000e-01 0.000000e+00 
1.952850e+02 2.819920e+19 6.640580e+03 3.065230e+03 1.032000e+03 5.959700e+03 9.830630e+02 0.000000e+00 4.791860e-05 0.000000e+00 0.000000e+00 0.000000e+00 0.000000e+00 0.000000e+00 0.000000e+00 -0.000000e+00 -1.000000e+00 5.391220e-01 5.703610e-01 0.000000e+00 
1.952850e+02 2.819920e+19 6.640580e+03 3.065230e+03 1.032000e+03 5.959700e+03 9.830630e+02 0.000000e+00 4.798020e-05 0.000000e+00 0.000000e+00 0.000000e+00 0.000000e+00 0.000000e+00 0.000000e+00 -0.000000e+00 -1.000000e+00 5.394890e-01 5.704210e-01 0.000000e+00 
1.952850e+02 2.819920e+19 6.640580e+03 3.065230e+03 1.032000e+03 5.959700e+03 9.830630e+02 0.000000e+00 4.804180e-05 0.000000e+00 0.000000e+00 0.000000e+00 0.000000e+00 0.000000e+00 0.000000e+00 -0.000000e+00 -1.000000e+00 5.398560e-01 5.704820e-01 0.000000e+00 
1.952850e+02 2.819920e+19 6.640580e+03 3.065230e+03 1.032000e+03 5.959700e+03 9.830630e+02 0.000000e+00 4.810340e-05 0.000000e+00 0.000000e+00 0.000000e+00 0.000000e+00 0.000000e+00 0.000000e+00 0.000000e+00 -1.000000e+00 5.402230e-01 5.705420e-01 0.000000e+00 
1.952850e+02 2.819920e+19 6.640580e+03 3.065230e+03 1.032000e+03 5.959700e+03 9.830630e+02 0.000000e+00 4.816510e-05 0.000000e+00 0.000000e+00 0.000000e+00 0.000000e+00 0.000000e+00 0.000000e+00 -0.000000e+00 -1.000000e+00 5.405900e-01 5.706030e-01 0.000000e+00 
1.952850e+02 2.819920e+19 6.640580e+03 3.065230e+03 1.032000e+03 5.959700e+03 9.830630e+02 0.000000e+00 4.822670e-05 0.000000e+00 0.000000e+00 0.000000e+00 0.000000e+00 0.000000e+00 0.000000e+00 0.000000e+00 -1.000000e+00 5.409580e-01 5.706630e-01 0.000000e+00 
1.952850e+02 2.819920e+19 6.640580e+03 3.065230e+03 1.032000e+03 5.959700e+03 9.830630e+02 0.000000e+00 4.828830e-05 0.000000e+00 0.000000e+00 0.000000e+00 0.000000e+00 0.000000e+00 0.000000e+00 -0.000000e+00 -1.000000e+00 5.413250e-01 5.707240e-01 0.000000e+00 
1.952850e+02 2.819920e+19 6.640580e+03 3.065230e+03 1.032000e+03 5.959700e+03 9.830630e+02 0.000000e+00 4.834990e-05 0.000000e+00 0.000000e+00 0.000000e+00 0.000000e+00 0.000000e+00 0.000000e+00 0.000000e+00 -1.000000e+00 5.416920e-01 5.707850e-01 0.000000e+00 
1.952850e+02 2.819920e+19 6.640580e+03 3.065230e+03 1.032000e+03 5.959700e+03 9.830630e+02 0.000000e+00 4.841150e-05 0.000000e+00 0.000000e+00 0.000000e+00 0.000000e+00 0.000000e+00 0.000000e+00 -0.000000e+00 -1.000000e+00 5.420590e-01 5.708450e-01 0.000000e+00 
1.952850e+02 2.819920e+19 6.640580e+03 3.065230e+03 1.032000e+03 5.959700e+03 9.830630e+02 0.000000e+00 4.847310e-05 0.000000e+00 0.000000e+00 0.000000e+00 0.000000e+00 0.000000e+00 0.000000e+00 0.000000e+00 -1.000000e+00 5.424260e-01 5.709060e-01 0.000000e+00 
1.952850e+02 2.819920e+19 6.640580e+03 3.065230e+03 1.032000e+03 5.959700e+03 9.830630e+02 0.000000e+00 4.853470e-05 0.000000e+00 0.000000e+00 0.000000e+00 0.000000e+00 0.000000e+00 0.000000e+00 0.000000e+00 -1.000000e+00 5.427930e-01 5.709660e-01 0.000000e+00 
1.952850e+02 2.819920e+19 6.640580e+03 3.065230e+03 1.032000e+03 5.959700e+03 9.830630e+02 0.000000e+00 4.859640e-05 0.000000e+00 0.000000e+00 0.000000e+00 0.000000e+00 0.000000e+00 0.000000e+00 -0.000000e+00 -1.000000e+00 5.431610e-01 5.710270e-01 0.000000e+00 
1.952850e+02 2.819920e+19 6.640580e+03 3.065230e+03 1.032000e+03 5.959700e+03 9.830630e+02 0.000000e+00 4.865800e-05 0.000000e+00 0.000000e+00 0.000000e+00 0.000000e+00 0.000000e+00 0.000000e+00 -0.000000e+00 -1.000000e+00 5.435280e-01 5.710870e-01 0.000000e+00 
1.952850e+02 2.819920e+19 6.640580e+03 3.065230e+03 1.032000e+03 5.959700e+03 9.830630e+02 0.000000e+00 4.871960e-05 0.000000e+00 0.000000e+00 0.000000e+00 0.000000e+00 0.000000e+00 0.000000e+00 0.000000e+00 -1.000000e+00 5.438950e-01 5.711480e-01 0.000000e+00 
1.952850e+02 2.819920e+19 6.640580e+03 3.065230e+03 1.032000e+03 5.959700e+03 9.830630e+02 0.000000e+00 4.878120e-05 0.000000e+00 0.000000e+00 0.000000e+00 0.000000e+00 0.000000e+00 0.000000e+00 -0.000000e+00 -1.000000e+00 5.442620e-01 5.712090e-01 0.000000e+00 
1.952850e+02 2.819920e+19 6.640580e+03 3.065230e+03 1.032000e+03 5.959700e+03 9.830630e+02 0.000000e+00 4.884280e-05 0.000000e+00 0.000000e+00 -8.640450e-12 0.000000e+00 0.000000e+00 0.000000e+00 0.000000e+00 -1.000000e+00 5.446290e-01 5.712690e-01 0.000000e+00 
1.952850e+02 2.819920e+19 6.640580e+03 3.065230e+03 1.032000e+03 5.959700e+03 9.830630e+02 0.000000e+00 4.890440e-05 0.000000e+00 0.000000e+00 -8.640450e-12 0.000000e+00 0.000000e+00 0.000000e+00 -0.000000e+00 -1.000000e+00 5.449970e-01 5.713300e-01 0.000000e+00 
1.952850e+02 2.819920e+19 6.640580e+03 3.065230e+03 1.032000e+03 5.959700e+03 9.830630e+02 0.000000e+00 4.896600e-05 0.000000e+00 0.000000e+00 8.640450e-12 0.000000e+00 0.000000e+00 0.000000e+00 0.000000e+00 -1.000000e+00 5.453640e-01 5.713900e-01 0.000000e+00 
1.952850e+02 2.819920e+19 6.640580e+03 3.065230e+03 1.032000e+03 5.959700e+03 9.830630e+02 0.000000e+00 4.902760e-05 0.000000e+00 0.000000e+00 0.000000e+00 0.000000e+00 0.000000e+00 0.000000e+00 -0.000000e+00 -1.000000e+00 5.457310e-01 5.714510e-01 0.000000e+00 
1.952850e+02 2.819920e+19 6.640580e+03 3.065230e+03 1.032000e+03 5.959700e+03 9.830630e+02 0.000000e+00 4.908930e-05 0.000000e+00 0.000000e+00 0.000000e+00 0.000000e+00 0.000000e+00 0.000000e+00 0.000000e+00 -1.000000e+00 5.460980e-01 5.715110e-01 0.000000e+00 
1.952850e+02 2.819920e+19 6.640580e+03 3.065230e+03 1.032000e+03 5.959700e+03 9.830630e+02 0.000000e+00 4.915090e-05 0.000000e+00 0.000000e+00 0.000000e+00 0.000000e+00 0.000000e+00 0.000000e+00 -0.000000e+00 -1.000000e+00 5.464650e-01 5.715720e-01 0.000000e+00 
1.952850e+02 2.819920e+19 6.640580e+03 3.065230e+03 1.032000e+03 5.959700e+03 9.830630e+02 0.000000e+00 4.921250e-05 0.000000e+00 0.000000e+00 -8.640450e-12 0.000000e+00 0.000000e+00 0.000000e+00 0.000000e+00 -1.000000e+00 5.468330e-01 5.716330e-01 0.000000e+00 
1.952850e+02 2.819920e+19 6.640580e+03 3.065230e+03 1.032000e+03 5.959700e+03 9.830630e+02 0.000000e+00 4.927410e-05 0.000000e+00 0.000000e+00 -1.728090e-11 0.000000e+00 0.000000e+00 0.000000e+00 -0.000000e+00 -1.000000e+00 5.472000e-01 5.716930e-01 0.000000e+00 
1.952850e+02 2.819920e+19 6.640580e+03 3.065230e+03 1.032000e+03 5.959700e+03 9.830630e+02 0.000000e+00 4.933570e-05 0.000000e+00 0.000000e+00 8.640450e-12 0.000000e+00 0.000000e+00 0.000000e+00 0.000000e+00 -1.000000e+00 5.475670e-01 5.717540e-01 0.000000e+00 
1.952850e+02 2.819920e+19 6.640580e+03 3.065230e+03 1.032000e+03 5.959700e+03 9.830630e+02 0.000000e+00 4.939730e-05 0.000000e+00 0.000000e+00 8.640450e-12 0.000000e+00 0.000000e+00 0.000000e+00 -0.000000e+00 -1.000000e+00 5.479340e-01 5.718140e-01 0.000000e+00 
1.952850e+02 2.819920e+19 6.640580e+03 3.065230e+03 1.032000e+03 5.959700e+03 9.830630e+02 0.000000e+00 4.945890e-05 0.000000e+00 0.000000e+00 0.000000e+00 0.000000e+00 0.000000e+00 0.000000e+00 0.000000e+00 -1.000000e+00 5.483010e-01 5.718750e-01 0.000000e+00 
1.952850e+02 2.819920e+19 6.640580e+03 3.065230e+03 1.032000e+03 5.959700e+03 9.830630e+02 0.000000e+00 4.952060e-05 0.000000e+00 0.000000e+00 0.000000e+00 0.000000e+00 0.000000e+00 0.000000e+00 0.000000e+00 -1.000000e+00 5.486690e-01 5.719350e-01 0.000000e+00 
1.952850e+02 2.819920e+19 6.640580e+03 3.065230e+03 1.032000e+03 5.959700e+03 9.830630e+02 0.000000e+00 4.958220e-05 0.000000e+00 0.000000e+00 -8.640450e-12 0.000000e+00 0.000000e+00 0.000000e+00 -0.000000e+00 -1.000000e+00 5.490360e-01 5.719960e-01 0.000000e+00 
1.952850e+02 2.819920e+19 6.640580e+03 3.065230e+03 1.032000e+03 5.959700e+03 9.830630e+02 0.000000e+00 4.964380e-05 0.000000e+00 0.000000e+00 -4.320220e-12 0.000000e+00 0.000000e+00 0.000000e+00 -0.000000e+00 -1.000000e+00 5.494030e-01 5.720570e-01 0.000000e+00 
1.952850e+02 2.819920e+19 6.640580e+03 3.065230e+03 1.032000e+03 5.959700e+03 9.830630e+02 0.000000e+00 4.970540e-05 0.000000e+00 0.000000e+00 1.728090e-11 0.000000e+00 0.000000e+00 0.000000e+00 -0.000000e+00 -1.000000e+00 5.497700e-01 5.721170e-01 0.000000e+00 
1.952850e+02 2.819920e+19 6.640580e+03 3.065230e+03 1.032000e+03 5.959700e+03 9.830630e+02 0.000000e+00 4.976700e-05 0.000000e+00 0.000000e+00 8.640450e-12 0.000000e+00 0.000000e+00 0.000000e+00 0.000000e+00 -1.000000e+00 5.501370e-01 5.721780e-01 0.000000e+00 
1.952850e+02 2.819920e+19 6.640580e+03 3.065230e+03 1.032000e+03 5.959700e+03 9.830630e+02 0.000000e+00 4.982860e-05 0.000000e+00 0.000000e+00 8.640450e-12 0.000000e+00 0.000000e+00 0.000000e+00 0.000000e+00 -1.000000e+00 5.505050e-01 5.722380e-01 0.000000e+00 
1.952850e+02 2.819920e+19 6.640580e+03 3.065230e+03 1.032000e+03 5.959700e+03 9.830630e+02 0.000000e+00 4.989020e-05 0.000000e+00 0.000000e+00 -2.160110e-12 0.000000e+00 0.000000e+00 0.000000e+00 -0.000000e+00 -1.000000e+00 5.508720e-01 5.722990e-01 0.000000e+00 
1.952850e+02 2.819920e+19 6.640580e+03 3.065230e+03 1.032000e+03 5.959700e+03 9.830630e+02 0.000000e+00 4.995180e-05 0.000000e+00 0.000000e+00 -2.160110e-12 0.000000e+00 0.000000e+00 0.000000e+00 -0.000000e+00 -1.000000e+00 5.512390e-01 5.723590e-01 0.000000e+00 
1.952850e+02 2.819920e+19 6.640580e+03 3.065230e+03 1.032000e+03 5.959700e+03 9.830630e+02 0.000000e+00 5.001350e-05 0.000000e+00 0.000000e+00 -1.080060e-11 0.000000e+00 0.000000e+00 0.000000e+00 0.000000e+00 -1.000000e+00 5.516060e-01 5.724200e-01 0.000000e+00 
1.952850e+02 2.819920e+19 6.640580e+03 3.065230e+03 1.032000e+03 5.959700e+03 9.830630e+02 0.000000e+00 5.007510e-05 0.000000e+00 0.000000e+00 1.512080e-11 0.000000e+00 0.000000e+00 0.000000e+00 -0.000000e+00 -1.000000e+00 5.519730e-01 5.724810e-01 0.000000e+00 
1.952850e+02 2.819920e+19 6.640580e+03 3.065230e+03 1.032000e+03 5.959700e+03 9.830630e+02 0.000000e+00 5.013670e-05 0.000000e+00 0.000000e+00 1.458080e-11 0.000000e+00 0.000000e+00 0.000000e+00 -0.000000e+00 -1.000000e+00 5.523410e-01 5.725410e-01 0.000000e+00 
1.946200e+02 2.810310e+19 6.497470e+03 3.084920e+03 1.019320e+03 5.968830e+03 9.490740e+02 0.000000e+00 5.019830e-05 0.000000e+00 0.000000e+00 0.000000e+00 0.000000e+00 0.000000e+00 0.000000e+00 -0.000000e+00 -1.000000e+00 5.527080e-01 5.726010e-01 0.000000e+00 
1.946200e+02 2.810310e+19 6.497470e+03 3.084920e+03 1.019320e+03 5.968830e+03 9.490740e+02 0.000000e+00 5.327710e-05 0.000000e+00 0.000000e+00 8.640450e-12 0.000000e+00 0.000000e+00 0.000000e+00 -0.000000e+00 -1.000000e+00 5.710840e-01 5.755230e-01 0.000000e+00 
1.919700e+02 2.772050e+19 6.330250e+03 3.157150e+03 1.039050e+03 5.969650e+03 9.320540e+02 0.000000e+00 5.621220e-05 0.000000e+00 0.000000e+00 0.000000e+00 0.000000e+00 0.000000e+00 0.000000e+00 0.000000e+00 -1.000000e+00 5.894650e-01 5.784190e-01 0.000000e+00 
1.941350e+02 2.803310e+19 6.368610e+03 3.003480e+03 9.771500e+02 6.030710e+03 9.667090e+02 0.000000e+00 5.898820e-05 0.000000e+00 0.000000e+00 -6.480100e-12 0.000000e+00 0.000000e+00 0.000000e+00 -0.000000e+00 -1.000000e+00 6.033620e-01 5.806410e-01 0.000000e+00 
1.930200e+02 2.787210e+19 6.238550e+03 3.069760e+03 9.684260e+02 6.025270e+03 9.415660e+02 0.000000e+00 6.203490e-05 0.000000e+00 0.000000e+00 0.000000e+00 0.000000e+00 0.000000e+00 0.000000e+00 -0.000000e+00 -1.000000e+00 6.217460e-01 5.835210e-01 0.000000e+00 
1.899850e+02 2.743380e+19 6.105630e+03 3.048610e+03 9.751130e+02 6.039940e+03 9.173650e+02 0.000000e+00 6.376710e-05 0.000000e+00 0.000000e+00 0.000000e+00 0.000000e+00 0.000000e+00 0.000000e+00 -0.000000e+00 -1.000000e+00 6.333290e-01 5.853170e-01 0.000000e+00 
1.899850e+02 2.743380e+19 6.105630e+03 3.048610e+03 9.751130e+02 6.039940e+03 9.173650e+02 0.000000e+00 6.681300e-05 0.000000e+00 0.000000e+00 8.640130e-12 0.000000e+00 0.000000e+00 0.000000e+00 -0.000000e+00 -1.000000e+00 6.517270e-01 5.881110e-01 0.000000e+00 
1.893500e+02 2.734210e+19 5.975870e+03 3.087300e+03 9.997280e+02 6.052950e+03 9.014850e+02 0.000000e+00 6.970020e-05 0.000000e+00 0.000000e+00 0.000000e+00 0.000000e+00 0.000000e+00 0.000000e+00 -0.000000e+00 -1.000000e+00 6.701280e-01 5.908790e-01 0.000000e+00 
1.883250e+02 2.719410e+19 5.886980e+03 3.114590e+03 1.005560e+03 6.053590e+03 8.802960e+02 0.000000e+00 7.274090e-05 0.000000e+00 0.000000e+00 0.000000e+00 0.000000e+00 0.000000e+00 0.000000e+00 -0.000000e+00 -1.000000e+00 6.885360e-01 5.936020e-01 0.000000e+00 
1.883250e+02 2.719410e+19 5.886980e+03 3.114590e+03 1.005560e+03 6.053590e+03 8.802960e+02 0.000000e+00 7.578280e-05 0.000000e+00 0.000000e+00 -1.296020e-11 0.000000e+00 0.000000e+00 0.000000e+00 -0.000000e+00 -1.000000e+00 7.069500e-01 5.962790e-01 0.000000e+00 
1.867400e+02 2.696530e+19 5.791910e+03 3.172310e+03 1.005680e+03 6.051260e+03 8.584320e+02 0.000000e+00 7.882460e-05 0.000000e+00 0.000000e+00 0.000000e+00 0.000000e+00 0.000000e+00 0.000000e+00 -0.000000e+00 -1.000000e+00 7.253720e-01 5.988990e-01 0.000000e+00 
1.829700e+02 2.642090e+19 5.704160e+03 3.199450e+03 1.055670e+03 6.057890e+03 8.375380e+02 0.000000e+00 8.087030e-05 0.000000e+00 0.000000e+00 0.000000e+00 0.000000e+00 0.000000e+00 0.000000e+00 -0.000000e+00 -1.000000e+00 7.390290e-01 6.008220e-01 0.000000e+00 
1.829700e+02 2.642090e+19 5.704160e+03 3.199450e+03 1.055670e+03 6.057890e+03 8.375380e+02 0.000000e+00 8.391310e-05 0.000000e+00 0.000000e+00 0.000000e+00 0.000000e+00 0.000000e+00 0.000000e+00 -0.000000e+00 -1.000000e+00 7.574620e-01 6.033710e-01 0.000000e+00 
1.802200e+02 2.602380e+19 5.582870e+03 3.153850e+03 1.029180e+03 6.076760e+03 8.092210e+02 0.000000e+00 8.568460e-05 0.000000e+00 0.000000e+00 0.000000e+00 0.000000e+00 0.000000e+00 0.000000e+00 0.000000e+00 -1.000000e+00 7.689640e-01 6.049320e-01 0.000000e+00 
1.854850e+02 2.678400e+19 5.632060e+03 2.996650e+03 1.001660e+03 6.104890e+03 8.636080e+02 0.000000e+00 8.761590e-05 0.000000e+00 0.000000e+00 0.000000e+00 0.000000e+00 0.000000e+00 0.000000e+00 -0.000000e+00 -1.000000e+00 7.796920e-01 6.064410e-01 0.000000e+00 
1.828600e+02 2.640500e+19 5.495510e+03 3.020990e+03 9.940140e+02 6.120400e+03 8.400870e+02 0.000000e+00 8.935650e-05 0.000000e+00 0.000000e+00 0.000000e+00 0.000000e+00 0.000000e+00 0.000000e+00 -0.000000e+00 -1.000000e+00 7.914170e-01 6.080850e-01 0.000000e+00 
1.828600e+02 2.640500e+19 5.495510e+03 3.020990e+03 9.940140e+02 6.120400e+03 8.400870e+02 0.000000e+00 9.236850e-05 0.000000e+00 0.000000e+00 -8.640130e-12 0.000000e+00 0.000000e+00 0.000000e+00 -0.000000e+00 -1.000000e+00 8.098520e-01 6.106150e-01 0.000000e+00 
1.804000e+02 2.604980e+19 5.444140e+03 3.056590e+03 9.978580e+02 6.105470e+03 8.318230e+02 0.000000e+00 9.538060e-05 0.000000e+00 0.000000e+00 0.000000e+00 0.000000e+00 0.000000e+00 0.000000e+00 -0.000000e+00 -1.000000e+00 8.282880e-01 6.131370e-01 0.000000e+00 
1.777300e+02 2.566420e+19 5.344350e+03 3.025640e+03 1.032290e+03 6.119670e+03 8.068600e+02 0.000000e+00 9.840050e-05 0.000000e+00 0.000000e+00 0.000000e+00 0.000000e+00 0.000000e+00 0.000000e+00 -0.000000e+00 -1.000000e+00 8.467290e-01 6.156260e-01 0.000000e+00 





























































































































































