1.535400e+02 2.217120e+19 7.215150e+03 1.538870e+03 5.226750e+02 6.363560e+03 7.597560e+02 0.000000e+00 0.000000e+00 0.000000e+00 0.000000e+00 0.000000e+00 0.000000e+00 0.000000e+00 0.000000e+00 0.000000e+00 1.000000e+00 2.000000e-01 6.900000e-01 0.000000e+00 
1.579300e+02 2.280510e+19 7.241880e+03 1.600420e+03 5.598120e+02 6.337330e+03 8.052120e+02 0.000000e+00 2.903450e-06 0.000000e+00 0.000000e+00 0.000000e+00 0.000000e+00 0.000000e+00 -0.000000e+00 0.000000e+00 1.000000e+00 2.184680e-01 6.922760e-01 0.000000e+00 
1.579300e+02 2.280510e+19 7.241880e+03 1.600420e+03 5.598120e+02 6.337330e+03 8.052120e+02 0.000000e+00 2.961710e-06 0.000000e+00 0.000000e+00 -8.640470e-12 0.000000e+00 0.000000e+00 -0.000000e+00 0.000000e+00 1.000000e+00 2.322560e-01 6.940280e-01 0.000000e+00 
1.579300e+02 2.280510e+19 7.241880e+03 1.600420e+03 5.598120e+02 6.337330e+03 8.052120e+02 0.000000e+00 3.019960e-06 0.000000e+00 0.000000e+00 -1.728090e-11 0.000000e+00 0.000000e+00 -0.000000e+00 0.000000e+00 1.000000e+00 2.326260e-01 6.940740e-01 0.000000e+00 
1.579300e+02 2.280510e+19 7.241880e+03 1.600420e+03 5.598120e+02 6.337330e+03 8.052120e+02 0.000000e+00 3.078220e-06 0.000000e+00 0.000000e+00 4.320230e-12 0.000000e+00 0.000000e+00 -0.000000e+00 0.000000e+00 1.000000e+00 2.329950e-01 6.941210e-01 0.000000e+00 
1.579300e+02 2.280510e+19 7.241880e+03 1.600420e+03 5.598120e+02 6.337330e+03 8.052120e+02 0.000000e+00 3.136480e-06 0.000000e+00 0.000000e+00 0.000000e+00 0.000000e+00 0.000000e+00 -0.000000e+00 0.000000e+00 1.000000e+00 2.333640e-01 6.941680e-01 0.000000e+00 
1.579300e+02 2.280510e+19 7.241880e+03 1.600420e+03 5.598120e+02 6.337330e+03 8.052120e+02 0.000000e+00 3.194730e-06 0.000000e+00 0.000000e+00 -4.320230e-12 0.000000e+00 0.000000e+00 0.000000e+00 0.000000e+00 1.000000e+00 2.337330e-01 6.942150e-01 0.000000e+00 
1.579300e+02 2.280510e+19 7.241880e+03 1.600420e+03 5.598120e+02 6.337330e+03 8.052120e+02 0.000000e+00 3.252990e-06 0.000000e+00 0.000000e+00 -1.728090e-11 0.000000e+00 0.000000e+00 0.000000e+00 0.000000e+00 1.000000e+00 2.341020e-01 6.942620e-01 0.000000e+00 
1.579300e+02 2.280510e+19 7.241880e+03 1.600420e+03 5.598120e+02 6.337330e+03 8.052120e+02 0.000000e+00 3.311250e-06 0.000000e+00 0.000000e+00 -4.320230e-12 0.000000e+00 0.000000e+00 0.000000e+00 0.000000e+00 1.000000e+00 2.344720e-01 6.943090e-01 0.000000e+00 
1.579300e+02 2.280510e+19 7.241880e+03 1.600420e+03 5.598120e+02 6.337330e+03 8.052120e+02 0.000000e+00 3.369500e-06 0.000000e+00 0.000000e+00 4.320230e-12 0.000000e+00 0.000000e+00 0.000000e+00 0.000000e+00 1.000000e+00 2.348410e-01 6.943560e-01 0.000000e+00 
1.579300e+02 2.280510e+19 7.241880e+03 1.600420e+03 5.598120e+02 6.337330e+03 8.052120e+02 0.000000e+00 3.427760e-06 0.000000e+00 0.000000e+00 -6.480350e-12 0.000000e+00 0.000000e+00 0.000000e+00 0.000000e+00 1.000000e+00 2.352100e-01 6.944030e-01 0.000000e+00 
1.579300e+02 2.280510e+19 7.241880e+03 1.600420e+03 5.598120e+02 6.337330e+03 8.052120e+02 0.000000e+00 3.486010e-06 0.000000e+00 0.000000e+00 -6.480350e-12 0.000000e+00 0.000000e+00 0.000000e+00 0.000000e+00 1.000000e+00 2.355790e-01 6.944500e-01 0.000000e+00 
1.579300e+02 2.280510e+19 7.241880e+03 1.600420e+03 5.598120e+02 6.337330e+03 8.052120e+02 0.000000e+00 3.544270e-06 0.000000e+00 0.000000e+00 1.404080e-11 0.000000e+00 0.000000e+00 -0.000000e+00 0.000000e+00 1.000000e+00 2.359480e-01 6.944970e-01 0.000000e+00 
1.579300e+02 2.280510e+19 7.241880e+03 1.600420e+03 5.598120e+02 6.337330e+03 8.052120e+02 0.000000e+00 3.602530e-06 0.000000e+00 0.000000e+00 2.160120e-12 0.000000e+00 0.000000e+00 0.000000e+00 0.000000e+00 1.000000e+00 2.363180e-01 6.945440e-01 0.000000e+00 
1.579300e+02 2.280510e+19 7.241880e+03 1.600420e+03 5.598120e+02 6.337330e+03 8.052120e+02 0.000000e+00 3.660780e-06 0.000000e+00 0.000000e+00 3.240180e-12 0.000000e+00 0.000000e+00 -0.000000e+00 0.000000e+00 1.000000e+00 2.366870e-01 6.945900e-01 0.000000e+00 
1.593250e+02 2.300650e+19 7.290080e+03 1.701370e+03 5.878630e+02 6.306390e+03 8.388680e+02 0.000000e+00 3.719040e-06 0.000000e+00 0.000000e+00 0.000000e+00 0.000000e+00 0.000000e+00 -0.000000e+00 0.000000e+00 1.000000e+00 2.370560e-01 6.946380e-01 0.000000e+00 
1.593250e+02 2.300650e+19 7.290080e+03 1.701370e+03 5.878630e+02 6.306390e+03 8.388680e+02 0.000000e+00 3.777540e-06 0.000000e+00 0.000000e+00 0.000000e+00 0.000000e+00 0.000000e+00 0.000000e+00 0.000000e+00 1.000000e+00 2.374250e-01 6.946880e-01 0.000000e+00 
1.593250e+02 2.300650e+19 7.290080e+03 1.701370e+03 5.878630e+02 6.306390e+03 8.388680e+02 0.000000e+00 3.836030e-06 0.000000e+00 0.000000e+00 0.000000e+00 0.000000e+00 0.000000e+00 0.000000e+00 0.000000e+00 1.000000e+00 2.377940e-01 6.947370e-01 0.000000e+00 
1.593250e+02 2.300650e+19 7.290080e+03 1.701370e+03 5.878630e+02 6.306390e+03 8.388680e+02 0.000000e+00 3.894530e-06 0.000000e+00 0.000000e+00 0.000000e+00 0.000000e+00 0.000000e+00 -0.000000e+00 0.000000e+00 1.000000e+00 2.381620e-01 6.947860e-01 0.000000e+00 
1.593250e+02 2.300650e+19 7.290080e+03 1.701370e+03 5.878630e+02 6.306390e+03 8.388680e+02 0.000000e+00 3.953030e-06 0.000000e+00 0.000000e+00 0.000000e+00 0.000000e+00 0.000000e+00 0.000000e+00 0.000000e+00 1.000000e+00 2.385310e-01 6.948350e-01 0.000000e+00 
1.593250e+02 2.300650e+19 7.290080e+03 1.701370e+03 5.878630e+02 6.306390e+03 8.388680e+02 0.000000e+00 4.011530e-06 0.000000e+00 0.000000e+00 0.000000e+00 0.000000e+00 0.000000e+00 0.000000e+00 0.000000e+00 1.000000e+00 2.389000e-01 6.948840e-01 0.000000e+00 
1.593250e+02 2.300650e+19 7.290080e+03 1.701370e+03 5.878630e+02 6.306390e+03 8.388680e+02 0.000000e+00 4.070020e-06 0.000000e+00 0.000000e+00 0.000000e+00 0.000000e+00 0.000000e+00 0.000000e+00 0.000000e+00 1.000000e+00 2.392690e-01 6.949330e-01 0.000000e+00 
1.593250e+02 2.300650e+19 7.290080e+03 1.701370e+03 5.878630e+02 6.306390e+03 8.388680e+02 0.000000e+00 4.128520e-06 0.000000e+00 0.000000e+00 0.000000e+00 0.000000e+00 0.000000e+00 -0.000000e+00 0.000000e+00 1.000000e+00 2.396380e-01 6.949820e-01 0.000000e+00 
1.593250e+02 2.300650e+19 7.290080e+03 1.701370e+03 5.878630e+02 6.306390e+03 8.388680e+02 0.000000e+00 4.187020e-06 0.000000e+00 0.000000e+00 0.000000e+00 0.000000e+00 0.000000e+00 0.000000e+00 0.000000e+00 1.000000e+00 2.400070e-01 6.950310e-01 0.000000e+00 
1.593250e+02 2.300650e+19 7.290080e+03 1.701370e+03 5.878630e+02 6.306390e+03 8.388680e+02 0.000000e+00 4.245520e-06 0.000000e+00 0.000000e+00 0.000000e+00 0.000000e+00 0.000000e+00 -0.000000e+00 0.000000e+00 1.000000e+00 2.403760e-01 6.950800e-01 0.000000e+00 
1.593250e+02 2.300650e+19 7.290080e+03 1.701370e+03 5.878630e+02 6.306390e+03 8.388680e+02 0.000000e+00 4.304010e-06 0.000000e+00 0.000000e+00 0.000000e+00 0.000000e+00 0.000000e+00 -0.000000e+00 0.000000e+00 1.000000e+00 2.407450e-01 6.951290e-01 0.000000e+00 
1.593250e+02 2.300650e+19 7.290080e+03 1.701370e+03 5.878630e+02 6.306390e+03 8.388680e+02 0.000000e+00 4.362510e-06 0.000000e+00 0.000000e+00 0.000000e+00 0.000000e+00 0.000000e+00 0.000000e+00 0.000000e+00 1.000000e+00 2.411140e-01 6.951780e-01 0.000000e+00 
1.593250e+02 2.300650e+19 7.290080e+03 1.701370e+03 5.878630e+02 6.306390e+03 8.388680e+02 0.000000e+00 4.421010e-06 0.000000e+00 0.000000e+00 -3.456190e-11 0.000000e+00 0.000000e+00 0.000000e+00 0.000000e+00 1.000000e+00 2.414830e-01 6.952270e-01 0.000000e+00 
1.593250e+02 2.300650e+19 7.290080e+03 1.701370e+03 5.878630e+02 6.306390e+03 8.388680e+02 0.000000e+00 4.479510e-06 0.000000e+00 0.000000e+00 0.000000e+00 0.000000e+00 0.000000e+00 0.000000e+00 0.000000e+00 1.000000e+00 2.418520e-01 6.952760e-01 0.000000e+00 
1.593250e+02 2.300650e+19 7.290080e+03 1.701370e+03 5.878630e+02 6.306390e+03 8.388680e+02 0.000000e+00 4.538000e-06 0.000000e+00 0.000000e+00 0.000000e+00 0.000000e+00 0.000000e+00 -0.000000e+00 0.000000e+00 1.000000e+00 2.422200e-01 6.953250e-01 0.000000e+00 
1.593250e+02 2.300650e+19 7.290080e+03 1.701370e+03 5.878630e+02 6.306390e+03 8.388680e+02 0.000000e+00 4.596500e-06 0.000000e+00 0.000000e+00 0.000000e+00 0.000000e+00 0.000000e+00 0.000000e+00 0.000000e+00 1.000000e+00 2.425890e-01 6.953750e-01 0.000000e+00 
1.593250e+02 2.300650e+19 7.290080e+03 1.701370e+03 5.878630e+02 6.306390e+03 8.388680e+02 0.000000e+00 4.655000e-06 0.000000e+00 0.000000e+00 0.000000e+00 0.000000e+00 0.000000e+00 0.000000e+00 0.000000e+00 1.000000e+00 2.429580e-01 6.954240e-01 0.000000e+00 
1.593250e+02 2.300650e+19 7.290080e+03 1.701370e+03 5.878630e+02 6.306390e+03 8.388680e+02 0.000000e+00 4.713500e-06 0.000000e+00 0.000000e+00 0.000000e+00 0.000000e+00 0.000000e+00 -0.000000e+00 0.000000e+00 1.000000e+00 2.433270e-01 6.954730e-01 0.000000e+00 
1.593250e+02 2.300650e+19 7.290080e+03 1.701370e+03 5.878630e+02 6.306390e+03 8.388680e+02 0.000000e+00 4.771990e-06 0.000000e+00 0.000000e+00 0.000000e+00 0.000000e+00 0.000000e+00 0.000000e+00 0.000000e+00 1.000000e+00 2.436960e-01 6.955220e-01 0.000000e+00 
1.593250e+02 2.300650e+19 7.290080e+03 1.701370e+03 5.878630e+02 6.306390e+03 8.388680e+02 0.000000e+00 4.830490e-06 0.000000e+00 0.000000e+00 0.000000e+00 0.000000e+00 0.000000e+00 0.000000e+00 0.000000e+00 1.000000e+00 2.440650e-01 6.955710e-01 0.000000e+00 
1.593250e+02 2.300650e+19 7.290080e+03 1.701370e+03 5.878630e+02 6.306390e+03 8.388680e+02 0.000000e+00 4.888990e-06 0.000000e+00 0.000000e+00 0.000000e+00 0.000000e+00 0.000000e+00 0.000000e+00 0.000000e+00 1.000000e+00 2.444340e-01 6.956200e-01 0.000000e+00 
1.593250e+02 2.300650e+19 7.290080e+03 1.701370e+03 5.878630e+02 6.306390e+03 8.388680e+02 0.000000e+00 4.947490e-06 0.000000e+00 0.000000e+00 -3.456190e-11 0.000000e+00 0.000000e+00 -0.000000e+00 0.000000e+00 1.000000e+00 2.448030e-01 6.956690e-01 0.000000e+00 
1.593250e+02 2.300650e+19 7.290080e+03 1.701370e+03 5.878630e+02 6.306390e+03 8.388680e+02 0.000000e+00 5.005980e-06 0.000000e+00 0.000000e+00 0.000000e+00 0.000000e+00 0.000000e+00 0.000000e+00 0.000000e+00 1.000000e+00 2.451720e-01 6.957180e-01 0.000000e+00 
1.593250e+02 2.300650e+19 7.290080e+03 1.701370e+03 5.878630e+02 6.306390e+03 8.388680e+02 0.000000e+00 5.064480e-06 0.000000e+00 0.000000e+00 0.000000e+00 0.000000e+00 0.000000e+00 0.000000e+00 0.000000e+00 1.000000e+00 2.455410e-01 6.957670e-01 0.000000e+00 
1.593250e+02 2.300650e+19 7.290080e+03 1.701370e+03 5.878630e+02 6.306390e+03 8.388680e+02 0.000000e+00 5.122980e-06 0.000000e+00 0.000000e+00 0.000000e+00 0.000000e+00 0.000000e+00 -0.000000e+00 0.000000e+00 1.000000e+00 2.459100e-01 6.958160e-01 0.000000e+00 
1.593250e+02 2.300650e+19 7.290080e+03 1.701370e+03 5.878630e+02 6.306390e+03 8.388680e+02 0.000000e+00 5.181480e-06 0.000000e+00 0.000000e+00 1.728090e-11 0.000000e+00 0.000000e+00 0.000000e+00 0.000000e+00 1.000000e+00 2.462780e-01 6.958650e-01 0.000000e+00 
1.593250e+02 2.300650e+19 7.290080e+03 1.701370e+03 5.878630e+02 6.306390e+03 8.388680e+02 0.000000e+00 5.239970e-06 0.000000e+00 0.000000e+00 1.728090e-11 0.000000e+00 0.000000e+00 0.000000e+00 0.000000e+00 1.000000e+00 2.466470e-01 6.959140e-01 0.000000e+00 
1.593250e+02 2.300650e+19 7.290080e+03 1.701370e+03 5.878630e+02 6.306390e+03 8.388680e+02 0.000000e+00 5.298470e-06 0.000000e+00 0.000000e+00 0.000000e+00 0.000000e+00 0.000000e+00 0.000000e+00 0.000000e+00 1.000000e+00 2.470160e-01 6.959630e-01 0.000000e+00 
1.593250e+02 2.300650e+19 7.290080e+03 1.701370e+03 5.878630e+02 6.306390e+03 8.388680e+02 0.000000e+00 5.356970e-06 0.000000e+00 0.000000e+00 0.000000e+00 0.000000e+00 0.000000e+00 -0.000000e+00 0.000000e+00 1.000000e+00 2.473850e-01 6.960120e-01 0.000000e+00 
1.593250e+02 2.300650e+19 7.290080e+03 1.701370e+03 5.878630e+02 6.306390e+03 8.388680e+02 0.000000e+00 5.415460e-06 0.000000e+00 0.000000e+00 -1.728090e-11 0.000000e+00 0.000000e+00 0.000000e+00 0.000000e+00 1.000000e+00 2.477540e-01 6.960620e-01 0.000000e+00 
1.593250e+02 2.300650e+19 7.290080e+03 1.701370e+03 5.878630e+02 6.306390e+03 8.388680e+02 0.000000e+00 5.473960e-06 0.000000e+00 0.000000e+00 1.728090e-11 0.000000e+00 0.000000e+00 0.000000e+00 0.000000e+00 1.000000e+00 2.481230e-01 6.961110e-01 0.000000e+00 
1.593250e+02 2.300650e+19 7.290080e+03 1.701370e+03 5.878630e+02 6.306390e+03 8.388680e+02 0.000000e+00 5.532460e-06 0.000000e+00 0.000000e+00 0.000000e+00 0.000000e+00 0.000000e+00 -0.000000e+00 0.000000e+00 1.000000e+00 2.484920e-01 6.961600e-01 0.000000e+00 
1.593250e+02 2.300650e+19 7.290080e+03 1.701370e+03 5.878630e+02 6.306390e+03 8.388680e+02 0.000000e+00 5.590960e-06 0.000000e+00 0.000000e+00 -1.728090e-11 0.000000e+00 0.000000e+00 0.000000e+00 0.000000e+00 1.000000e+00 2.488610e-01 6.962090e-01 0.000000e+00 
1.593250e+02 2.300650e+19 7.290080e+03 1.701370e+03 5.878630e+02 6.306390e+03 8.388680e+02 0.000000e+00 5.649450e-06 0.000000e+00 0.000000e+00 0.000000e+00 0.000000e+00 0.000000e+00 0.000000e+00 0.000000e+00 1.000000e+00 2.492300e-01 6.962580e-01 0.000000e+00 
1.593250e+02 2.300650e+19 7.290080e+03 1.701370e+03 5.878630e+02 6.306390e+03 8.388680e+02 0.000000e+00 5.707950e-06 0.000000e+00 0.000000e+00 0.000000e+00 0.000000e+00 0.000000e+00 0.000000e+00 0.000000e+00 1.000000e+00 2.495990e-01 6.963070e-01 0.000000e+00 
1.593250e+02 2.300650e+19 7.290080e+03 1.701370e+03 5.878630e+02 6.306390e+03 8.388680e+02 0.000000e+00 5.766450e-06 0.000000e+00 0.000000e+00 1.728090e-11 0.000000e+00 0.000000e+00 -0.000000e+00 0.000000e+00 1.000000e+00 2.499680e-01 6.963560e-01 0.000000e+00 
1.593250e+02 2.300650e+19 7.290080e+03 1.701370e+03 5.878630e+02 6.306390e+03 8.388680e+02 0.000000e+00 5.824950e-06 0.000000e+00 0.000000e+00 0.000000e+00 0.000000e+00 0.000000e+00 0.000000e+00 0.000000e+00 1.000000e+00 2.503360e-01 6.964050e-01 0.000000e+00 
1.593250e+02 2.300650e+19 7.290080e+03 1.701370e+03 5.878630e+02 6.306390e+03 8.388680e+02 0.000000e+00 5.883440e-06 0.000000e+00 0.000000e+00 0.000000e+00 0.000000e+00 0.000000e+00 0.000000e+00 0.000000e+00 1.000000e+00 2.507050e-01 6.964540e-01 0.000000e+00 
1.593250e+02 2.300650e+19 7.290080e+03 1.701370e+03 5.878630e+02 6.306390e+03 8.388680e+02 0.000000e+00 5.941940e-06 0.000000e+00 0.000000e+00 0.000000e+00 0.000000e+00 0.000000e+00 -0.000000e+00 0.000000e+00 1.000000e+00 2.510740e-01 6.965030e-01 0.000000e+00 
1.593250e+02 2.300650e+19 7.290080e+03 1.701370e+03 5.878630e+02 6.306390e+03 8.388680e+02 0.000000e+00 6.000440e-06 0.000000e+00 0.000000e+00 0.000000e+00 0.000000e+00 0.000000e+00 0.000000e+00 0.000000e+00 1.000000e+00 2.514430e-01 6.965520e-01 0.000000e+00 
1.593250e+02 2.300650e+19 7.290080e+03 1.701370e+03 5.878630e+02 6.306390e+03 8.388680e+02 0.000000e+00 6.058940e-06 0.000000e+00 0.000000e+00 0.000000e+00 0.000000e+00 0.000000e+00 -0.000000e+00 0.000000e+00 1.000000e+00 2.518120e-01 6.966010e-01 0.000000e+00 
1.593250e+02 2.300650e+19 7.290080e+03 1.701370e+03 5.878630e+02 6.306390e+03 8.388680e+02 0.000000e+00 6.117430e-06 0.000000e+00 0.000000e+00 0.000000e+00 0.000000e+00 0.000000e+00 0.000000e+00 0.000000e+00 1.000000e+00 2.521810e-01 6.966500e-01 0.000000e+00 
1.593250e+02 2.300650e+19 7.290080e+03 1.701370e+03 5.878630e+02 6.306390e+03 8.388680e+02 0.000000e+00 6.175930e-06 0.000000e+00 0.000000e+00 0.000000e+00 0.000000e+00 0.000000e+00 -0.000000e+00 0.000000e+00 1.000000e+00 2.525500e-01 6.966990e-01 0.000000e+00 
1.593250e+02 2.300650e+19 7.290080e+03 1.701370e+03 5.878630e+02 6.306390e+03 8.388680e+02 0.000000e+00 6.234430e-06 0.000000e+00 0.000000e+00 0.000000e+00 0.000000e+00 0.000000e+00 0.000000e+00 0.000000e+00 1.000000e+00 2.529190e-01 6.967490e-01 0.000000e+00 
1.593250e+02 2.300650e+19 7.290080e+03 1.701370e+03 5.878630e+02 6.306390e+03 8.388680e+02 0.000000e+00 6.292930e-06 0.000000e+00 0.000000e+00 0.000000e+00 0.000000e+00 0.000000e+00 -0.000000e+00 0.000000e+00 1.000000e+00 2.532880e-01 6.967980e-01 0.000000e+00 
1.593250e+02 2.300650e+19 7.290080e+03 1.701370e+03 5.878630e+02 6.306390e+03 8.388680e+02 0.000000e+00 6.351420e-06 0.000000e+00 0.000000e+00 0.000000e+00 0.000000e+00 0.000000e+00 -0.000000e+00 0.000000e+00 1.000000e+00 2.536570e-01 6.968470e-01 0.000000e+00 
1.593250e+02 2.300650e+19 7.290080e+03 1.701370e+03 5.878630e+02 6.306390e+03 8.388680e+02 0.000000e+00 6.409920e-06 0.000000e+00 0.000000e+00 0.000000e+00 0.000000e+00 0.000000e+00 0.000000e+00 0.000000e+00 1.000000e+00 2.540260e-01 6.968960e-01 0.000000e+00 
1.593250e+02 2.300650e+19 7.290080e+03 1.701370e+03 5.878630e+02 6.306390e+03 8.388680e+02 0.000000e+00 6.468420e-06 0.000000e+00 0.000000e+00 1.728090e-11 0.000000e+00 0.000000e+00 0.000000e+00 0.000000e+00 1.000000e+00 2.543940e-01 6.969450e-01 0.000000e+00 
1.593250e+02 2.300650e+19 7.290080e+03 1.701370e+03 5.878630e+02 6.306390e+03 8.388680e+02 0.000000e+00 6.526920e-06 0.000000e+00 0.000000e+00 -8.640470e-12 0.000000e+00 0.000000e+00 -0.000000e+00 0.000000e+00 1.000000e+00 2.547630e-01 6.969940e-01 0.000000e+00 
1.593250e+02 2.300650e+19 7.290080e+03 1.701370e+03 5.878630e+02 6.306390e+03 8.388680e+02 0.000000e+00 6.585410e-06 0.000000e+00 0.000000e+00 -8.640470e-12 0.000000e+00 0.000000e+00 -0.000000e+00 0.000000e+00 1.000000e+00 2.551320e-01 6.970430e-01 0.000000e+00 
1.593250e+02 2.300650e+19 7.290080e+03 1.701370e+03 5.878630e+02 6.306390e+03 8.388680e+02 0.000000e+00 6.643910e-06 0.000000e+00 0.000000e+00 0.000000e+00 0.000000e+00 0.000000e+00 0.000000e+00 0.000000e+00 1.000000e+00 2.555010e-01 6.970920e-01 0.000000e+00 
1.593250e+02 2.300650e+19 7.290080e+03 1.701370e+03 5.878630e+02 6.306390e+03 8.388680e+02 0.000000e+00 6.702410e-06 0.000000e+00 0.000000e+00 1.728090e-11 0.000000e+00 0.000000e+00 0.000000e+00 0.000000e+00 1.000000e+00 2.558700e-01 6.971410e-01 0.000000e+00 
1.593250e+02 2.300650e+19 7.290080e+03 1.701370e+03 5.878630e+02 6.306390e+03 8.388680e+02 0.000000e+00 6.760910e-06 0.000000e+00 0.000000e+00 1.728090e-11 0.000000e+00 0.000000e+00 -0.000000e+00 0.000000e+00 1.000000e+00 2.562390e-01 6.971900e-01 0.000000e+00 
1.593250e+02 2.300650e+19 7.290080e+03 1.701370e+03 5.878630e+02 6.306390e+03 8.388680e+02 0.000000e+00 6.819400e-06 0.000000e+00 0.000000e+00 -1.728090e-11 0.000000e+00 0.000000e+00 0.000000e+00 0.000000e+00 1.000000e+00 2.566080e-01 6.972390e-01 0.000000e+00 
1.593250e+02 2.300650e+19 7.290080e+03 1.701370e+03 5.878630e+02 6.306390e+03 8.388680e+02 0.000000e+00 6.877900e-06 0.000000e+00 0.000000e+00 0.000000e+00 0.000000e+00 0.000000e+00 -0.000000e+00 0.000000e+00 1.000000e+00 2.569770e-01 6.972880e-01 0.000000e+00 
1.593250e+02 2.300650e+19 7.290080e+03 1.701370e+03 5.878630e+02 6.306390e+03 8.388680e+02 0.000000e+00 6.936400e-06 0.000000e+00 0.000000e+00 8.640470e-12 0.000000e+00 0.000000e+00 0.000000e+00 0.000000e+00 1.000000e+00 2.573460e-01 6.973370e-01 0.000000e+00 
1.593250e+02 2.300650e+19 7.290080e+03 1.701370e+03 5.878630e+02 6.306390e+03 8.388680e+02 0.000000e+00 6.994900e-06 0.000000e+00 0.000000e+00 8.640470e-12 0.000000e+00 0.000000e+00 -0.000000e+00 0.000000e+00 1.000000e+00 2.577150e-01 6.973860e-01 0.000000e+00 
1.593250e+02 2.300650e+19 7.290080e+03 1.701370e+03 5.878630e+02 6.306390e+03 8.388680e+02 0.000000e+00 7.053390e-06 0.000000e+00 0.000000e+00 -8.640470e-12 0.000000e+00 0.000000e+00 0.000000e+00 0.000000e+00 1.000000e+00 2.580830e-01 6.974360e-01 0.000000e+00 
1.593250e+02 2.300650e+19 7.290080e+03 1.701370e+03 5.878630e+02 6.306390e+03 8.388680e+02 0.000000e+00 7.111890e-06 0.000000e+00 0.000000e+00 -8.640470e-12 0.000000e+00 0.000000e+00 -0.000000e+00 0.000000e+00 1.000000e+00 2.584520e-01 6.974850e-01 0.000000e+00 
1.593250e+02 2.300650e+19 7.290080e+03 1.701370e+03 5.878630e+02 6.306390e+03 8.388680e+02 0.000000e+00 7.170390e-06 0.000000e+00 0.000000e+00 8.640470e-12 0.000000e+00 0.000000e+00 0.000000e+00 0.000000e+00 1.000000e+00 2.588210e-01 6.975340e-01 0.000000e+00 
1.593250e+02 2.300650e+19 7.290080e+03 1.701370e+03 5.878630e+02 6.306390e+03 8.388680e+02 0.000000e+00 7.228890e-06 0.000000e+00 0.000000e+00 1.728090e-11 0.000000e+00 0.000000e+00 -0.000000e+00 0.000000e+00 1.000000e+00 2.591900e-01 6.975830e-01 0.000000e+00 
1.593250e+02 2.300650e+19 7.290080e+03 1.701370e+03 5.878630e+02 6.306390e+03 8.388680e+02 0.000000e+00 7.287380e-06 0.000000e+00 0.000000e+00 -1.728090e-11 0.000000e+00 0.000000e+00 0.000000e+00 0.000000e+00 1.000000e+00 2.595590e-01 6.976320e-01 0.000000e+00 
1.593250e+02 2.300650e+19 7.290080e+03 1.701370e+03 5.878630e+02 6.306390e+03 8.388680e+02 0.000000e+00 7.345880e-06 0.000000e+00 0.000000e+00 -1.296070e-11 0.000000e+00 0.000000e+00 -0.000000e+00 0.000000e+00 1.000000e+00 2.599280e-01 6.976810e-01 0.000000e+00 
1.593250e+02 2.300650e+19 7.290080e+03 1.701370e+03 5.878630e+02 6.306390e+03 8.388680e+02 0.000000e+00 7.404380e-06 0.000000e+00 0.000000e+00 4.320230e-12 0.000000e+00 0.000000e+00 -0.000000e+00 0.000000e+00 1.000000e+00 2.602970e-01 6.977300e-01 0.000000e+00 
1.593250e+02 2.300650e+19 7.290080e+03 1.701370e+03 5.878630e+02 6.306390e+03 8.388680e+02 0.000000e+00 7.462880e-06 0.000000e+00 0.000000e+00 8.640470e-12 0.000000e+00 0.000000e+00 0.000000e+00 0.000000e+00 1.000000e+00 2.606660e-01 6.977790e-01 0.000000e+00 
1.593250e+02 2.300650e+19 7.290080e+03 1.701370e+03 5.878630e+02 6.306390e+03 8.388680e+02 0.000000e+00 7.521370e-06 0.000000e+00 0.000000e+00 1.728090e-11 0.000000e+00 0.000000e+00 0.000000e+00 0.000000e+00 1.000000e+00 2.610350e-01 6.978280e-01 0.000000e+00 
1.593250e+02 2.300650e+19 7.290080e+03 1.701370e+03 5.878630e+02 6.306390e+03 8.388680e+02 0.000000e+00 7.579870e-06 0.000000e+00 0.000000e+00 -6.480350e-12 0.000000e+00 0.000000e+00 -0.000000e+00 0.000000e+00 1.000000e+00 2.614040e-01 6.978770e-01 0.000000e+00 
1.593250e+02 2.300650e+19 7.290080e+03 1.701370e+03 5.878630e+02 6.306390e+03 8.388680e+02 0.000000e+00 7.638370e-06 0.000000e+00 0.000000e+00 -4.320230e-12 0.000000e+00 0.000000e+00 -0.000000e+00 0.000000e+00 1.000000e+00 2.617730e-01 6.979260e-01 0.000000e+00 
1.593250e+02 2.300650e+19 7.290080e+03 1.701370e+03 5.878630e+02 6.306390e+03 8.388680e+02 0.000000e+00 7.696870e-06 0.000000e+00 0.000000e+00 -2.160120e-12 0.000000e+00 0.000000e+00 0.000000e+00 0.000000e+00 1.000000e+00 2.621410e-01 6.979750e-01 0.000000e+00 
1.593250e+02 2.300650e+19 7.290080e+03 1.701370e+03 5.878630e+02 6.306390e+03 8.388680e+02 0.000000e+00 7.755360e-06 0.000000e+00 0.000000e+00 8.640470e-12 0.000000e+00 0.000000e+00 0.000000e+00 0.000000e+00 1.000000e+00 2.625100e-01 6.980240e-01 0.000000e+00 
1.593250e+02 2.300650e+19 7.290080e+03 1.701370e+03 5.878630e+02 6.306390e+03 8.388680e+02 0.000000e+00 7.813860e-06 0.000000e+00 0.000000e+00 -2.700150e-12 0.000000e+00 0.000000e+00 -0.000000e+00 0.000000e+00 1.000000e+00 2.628790e-01 6.980730e-01 0.000000e+00 
1.625800e+02 2.347660e+19 7.247320e+03 1.782270e+03 5.703600e+02 6.310540e+03 8.697200e+02 0.000000e+00 7.872360e-06 0.000000e+00 0.000000e+00 0.000000e+00 0.000000e+00 0.000000e+00 -0.000000e+00 0.000000e+00 1.000000e+00 2.632480e-01 6.981230e-01 0.000000e+00 
1.625800e+02 2.347660e+19 7.247320e+03 1.782270e+03 5.703600e+02 6.310540e+03 8.697200e+02 0.000000e+00 1.079340e-05 0.000000e+00 0.000000e+00 -8.640470e-12 0.000000e+00 0.000000e+00 -0.000000e+00 0.000000e+00 1.000000e+00 2.816820e-01 7.006640e-01 0.000000e+00 
1.661800e+02 2.399640e+19 7.306030e+03 1.854060e+03 5.899810e+02 6.277050e+03 8.943750e+02 0.000000e+00 1.282390e-05 0.000000e+00 0.000000e+00 0.000000e+00 0.000000e+00 0.000000e+00 -0.000000e+00 0.000000e+00 1.000000e+00 2.957130e-01 7.026300e-01 0.000000e+00 
1.661800e+02 2.399640e+19 7.306030e+03 1.854060e+03 5.899810e+02 6.277050e+03 8.943750e+02 0.000000e+00 1.575860e-05 0.000000e+00 0.000000e+00 1.080060e-11 0.000000e+00 0.000000e+00 -0.000000e+00 0.000000e+00 1.000000e+00 3.141350e-01 7.052550e-01 0.000000e+00 
1.684450e+02 2.432350e+19 7.218950e+03 1.856290e+03 6.147210e+02 6.254450e+03 9.009010e+02 0.000000e+00 1.869330e-05 0.000000e+00 0.000000e+00 0.000000e+00 0.000000e+00 0.000000e+00 -0.000000e+00 0.000000e+00 1.000000e+00 3.325520e-01 7.079050e-01 0.000000e+00 
1.648000e+02 2.379710e+19 6.849900e+03 1.763090e+03 6.006310e+02 6.329010e+03 8.730670e+02 0.000000e+00 2.163810e-05 0.000000e+00 0.000000e+00 0.000000e+00 0.000000e+00 0.000000e+00 0.000000e+00 0.000000e+00 1.000000e+00 3.509620e-01 7.106120e-01 0.000000e+00 
1.680650e+02 2.426860e+19 6.881180e+03 1.846020e+03 6.168680e+02 6.311300e+03 9.126800e+02 0.000000e+00 2.455060e-05 0.000000e+00 0.000000e+00 0.000000e+00 0.000000e+00 0.000000e+00 -0.000000e+00 0.000000e+00 1.000000e+00 3.693960e-01 7.131550e-01 0.000000e+00 
1.680650e+02 2.426860e+19 6.881180e+03 1.846020e+03 6.168680e+02 6.311300e+03 9.126800e+02 0.000000e+00 2.746870e-05 0.000000e+00 0.000000e+00 -8.640130e-12 0.000000e+00 0.000000e+00 -0.000000e+00 0.000000e+00 1.000000e+00 3.878130e-01 7.158180e-01 0.000000e+00 
1.715250e+02 2.476820e+19 6.880470e+03 1.924390e+03 6.139770e+02 6.281500e+03 9.358830e+02 0.000000e+00 2.975390e-05 0.000000e+00 0.000000e+00 0.000000e+00 0.000000e+00 0.000000e+00 -0.000000e+00 0.000000e+00 1.000000e+00 4.038240e-01 7.181690e-01 0.000000e+00 
1.733050e+02 2.502520e+19 6.790680e+03 1.970540e+03 6.719670e+02 6.279520e+03 9.493250e+02 0.000000e+00 3.268390e-05 0.000000e+00 0.000000e+00 0.000000e+00 0.000000e+00 0.000000e+00 -0.000000e+00 0.000000e+00 1.000000e+00 4.222290e-01 7.209110e-01 0.000000e+00 
1.733050e+02 2.502520e+19 6.790680e+03 1.970540e+03 6.719670e+02 6.279520e+03 9.493250e+02 0.000000e+00 3.561390e-05 0.000000e+00 0.000000e+00 -1.728030e-11 0.000000e+00 0.000000e+00 -0.000000e+00 0.000000e+00 1.000000e+00 4.406280e-01 7.236920e-01 0.000000e+00 
1.751200e+02 2.528730e+19 6.649600e+03 1.975510e+03 6.887610e+02 6.286290e+03 9.551680e+02 0.000000e+00 3.854390e-05 0.000000e+00 0.000000e+00 0.000000e+00 0.000000e+00 0.000000e+00 -0.000000e+00 0.000000e+00 1.000000e+00 4.590260e-01 7.264810e-01 0.000000e+00 
1.765800e+02 2.549820e+19 6.591890e+03 2.048610e+03 7.003240e+02 6.295100e+03 9.783330e+02 0.000000e+00 4.147040e-05 0.000000e+00 0.000000e+00 0.000000e+00 0.000000e+00 0.000000e+00 -0.000000e+00 0.000000e+00 1.000000e+00 4.774200e-01 7.292940e-01 0.000000e+00 
1.765800e+02 2.549820e+19 6.591890e+03 2.048610e+03 7.003240e+02 6.295100e+03 9.783330e+02 0.000000e+00 4.152880e-05 0.000000e+00 0.000000e+00 4.320070e-12 0.000000e+00 0.000000e+00 0.000000e+00 0.000000e+00 1.000000e+00 4.958080e-01 7.321520e-01 0.000000e+00 
1.765800e+02 2.549820e+19 6.591890e+03 2.048610e+03 7.003240e+02 6.295100e+03 9.783330e+02 0.000000e+00 4.158720e-05 0.000000e+00 0.000000e+00 -4.320070e-12 0.000000e+00 0.000000e+00 -0.000000e+00 0.000000e+00 1.000000e+00 4.961750e-01 7.322090e-01 0.000000e+00 
1.765800e+02 2.549820e+19 6.591890e+03 2.048610e+03 7.003240e+02 6.295100e+03 9.783330e+02 0.000000e+00 4.164570e-05 0.000000e+00 0.000000e+00 1.296020e-11 0.000000e+00 0.000000e+00 0.000000e+00 0.000000e+00 1.000000e+00 4.965430e-01 7.322660e-01 0.000000e+00 
1.765800e+02 2.549820e+19 6.591890e+03 2.048610e+03 7.003240e+02 6.295100e+03 9.783330e+02 0.000000e+00 4.170410e-05 0.000000e+00 0.000000e+00 1.728030e-11 0.000000e+00 0.000000e+00 -0.000000e+00 0.000000e+00 1.000000e+00 4.969110e-01 7.323230e-01 0.000000e+00 
1.765800e+02 2.549820e+19 6.591890e+03 2.048610e+03 7.003240e+02 6.295100e+03 9.783330e+02 0.000000e+00 4.176250e-05 0.000000e+00 0.000000e+00 -1.296020e-11 0.000000e+00 0.000000e+00 0.000000e+00 0.000000e+00 1.000000e+00 4.972790e-01 7.323800e-01 0.000000e+00 
1.765800e+02 2.549820e+19 6.591890e+03 2.048610e+03 7.003240e+02 6.295100e+03 9.783330e+02 0.000000e+00 4.182090e-05 0.000000e+00 0.000000e+00 -1.296020e-11 0.000000e+00 0.000000e+00 0.000000e+00 0.000000e+00 1.000000e+00 4.976460e-01 7.324380e-01 0.000000e+00 
1.765800e+02 2.549820e+19 6.591890e+03 2.048610e+03 7.003240e+02 6.295100e+03 9.783330e+02 0.000000e+00 4.187930e-05 0.000000e+00 0.000000e+00 -6.480100e-12 0.000000e+00 0.000000e+00 -0.000000e+00 0.000000e+00 1.000000e+00 4.980140e-01 7.324950e-01 0.000000e+00 
1.765800e+02 2.549820e+19 6.591890e+03 2.048610e+03 7.003240e+02 6.295100e+03 9.783330e+02 0.000000e+00 4.193770e-05 0.000000e+00 0.000000e+00 4.320070e-12 0.000000e+00 0.000000e+00 0.000000e+00 0.000000e+00 1.000000e+00 4.983820e-01 7.325520e-01 0.000000e+00 
1.765800e+02 2.549820e+19 6.591890e+03 2.048610e+03 7.003240e+02 6.295100e+03 9.783330e+02 0.000000e+00 4.199620e-05 0.000000e+00 0.000000e+00 -1.296020e-11 0.000000e+00 0.000000e+00 -0.000000e+00 0.000000e+00 1.000000e+00 4.987500e-01 7.326090e-01 0.000000e+00 
1.765800e+02 2.549820e+19 6.591890e+03 2.048610e+03 7.003240e+02 6.295100e+03 9.783330e+02 0.000000e+00 4.205460e-05 0.000000e+00 0.000000e+00 -9.720150e-12 0.000000e+00 0.000000e+00 -0.000000e+00 0.000000e+00 1.000000e+00 4.991170e-01 7.326660e-01 0.000000e+00 
1.765800e+02 2.549820e+19 6.591890e+03 2.048610e+03 7.003240e+02 6.295100e+03 9.783330e+02 0.000000e+00 4.211300e-05 0.000000e+00 0.000000e+00 7.020110e-12 0.000000e+00 0.000000e+00 0.000000e+00 0.000000e+00 1.000000e+00 4.994850e-01 7.327230e-01 0.000000e+00 
1.765800e+02 2.549820e+19 6.591890e+03 2.048610e+03 7.003240e+02 6.295100e+03 9.783330e+02 0.000000e+00 4.217140e-05 0.000000e+00 0.000000e+00 -2.430040e-12 0.000000e+00 0.000000e+00 -0.000000e+00 0.000000e+00 1.000000e+00 4.998530e-01 7.327810e-01 0.000000e+00 
1.797700e+02 2.595880e+19 6.543060e+03 2.146840e+03 7.179700e+02 6.266150e+03 9.924230e+02 0.000000e+00 4.222980e-05 0.000000e+00 0.000000e+00 0.000000e+00 0.000000e+00 0.000000e+00 -0.000000e+00 0.000000e+00 1.000000e+00 5.002210e-01 7.328380e-01 0.000000e+00 
1.797700e+02 2.595880e+19 6.543060e+03 2.146840e+03 7.179700e+02 6.266150e+03 9.924230e+02 0.000000e+00 4.228850e-05 0.000000e+00 0.000000e+00 0.000000e+00 0.000000e+00 0.000000e+00 0.000000e+00 0.000000e+00 1.000000e+00 5.005880e-01 7.328960e-01 0.000000e+00 
1.797700e+02 2.595880e+19 6.543060e+03 2.146840e+03 7.179700e+02 6.266150e+03 9.924230e+02 0.000000e+00 4.234720e-05 0.000000e+00 0.000000e+00 0.000000e+00 0.000000e+00 0.000000e+00 -0.000000e+00 0.000000e+00 1.000000e+00 5.009560e-01 7.329550e-01 0.000000e+00 
1.797700e+02 2.595880e+19 6.543060e+03 2.146840e+03 7.179700e+02 6.266150e+03 9.924230e+02 0.000000e+00 4.240580e-05 0.000000e+00 0.000000e+00 0.000000e+00 0.000000e+00 0.000000e+00 -0.000000e+00 0.000000e+00 1.000000e+00 5.013230e-01 7.330130e-01 0.000000e+00 
1.797700e+02 2.595880e+19 6.543060e+03 2.146840e+03 7.179700e+02 6.266150e+03 9.924230e+02 0.000000e+00 4.246450e-05 0.000000e+00 0.000000e+00 0.000000e+00 0.000000e+00 0.000000e+00 0.000000e+00 0.000000e+00 1.000000e+00 5.016910e-01 7.330710e-01 0.000000e+00 
1.797700e+02 2.595880e+19 6.543060e+03 2.146840e+03 7.179700e+02 6.266150e+03 9.924230e+02 0.000000e+00 4.252310e-05 0.000000e+00 0.000000e+00 0.000000e+00 0.000000e+00 0.000000e+00 -0.000000e+00 0.000000e+00 1.000000e+00 5.020590e-01 7.331290e-01 0.000000e+00 
1.797700e+02 2.595880e+19 6.543060e+03 2.146840e+03 7.179700e+02 6.266150e+03 9.924230e+02 0.000000e+00 4.258180e-05 0.000000e+00 0.000000e+00 0.000000e+00 0.000000e+00 0.000000e+00 -0.000000e+00 0.000000e+00 1.000000e+00 5.024260e-01 7.331870e-01 0.000000e+00 
1.797700e+02 2.595880e+19 6.543060e+03 2.146840e+03 7.179700e+02 6.266150e+03 9.924230e+02 0.000000e+00 4.264050e-05 0.000000e+00 0.000000e+00 0.000000e+00 0.000000e+00 0.000000e+00 -0.000000e+00 0.000000e+00 1.000000e+00 5.027940e-01 7.332460e-01 0.000000e+00 
1.797700e+02 2.595880e+19 6.543060e+03 2.146840e+03 7.179700e+02 6.266150e+03 9.924230e+02 0.000000e+00 4.269910e-05 0.000000e+00 0.000000e+00 0.000000e+00 0.000000e+00 0.000000e+00 0.000000e+00 0.000000e+00 1.000000e+00 5.031610e-01 7.333040e-01 0.000000e+00 
1.797700e+02 2.595880e+19 6.543060e+03 2.146840e+03 7.179700e+02 6.266150e+03 9.924230e+02 0.000000e+00 4.275780e-05 0.000000e+00 0.000000e+00 0.000000e+00 0.000000e+00 0.000000e+00 -0.000000e+00 0.000000e+00 1.000000e+00 5.035290e-01 7.333620e-01 0.000000e+00 
1.797700e+02 2.595880e+19 6.543060e+03 2.146840e+03 7.179700e+02 6.266150e+03 9.924230e+02 0.000000e+00 4.281650e-05 0.000000e+00 0.000000e+00 0.000000e+00 0.000000e+00 0.000000e+00 -0.000000e+00 0.000000e+00 1.000000e+00 5.038960e-01 7.334200e-01 0.000000e+00 
1.797700e+02 2.595880e+19 6.543060e+03 2.146840e+03 7.179700e+02 6.266150e+03 9.924230e+02 0.000000e+00 4.287510e-05 0.000000e+00 0.000000e+00 0.000000e+00 0.000000e+00 0.000000e+00 -0.000000e+00 0.000000e+00 1.000000e+00 5.042640e-01 7.334790e-01 0.000000e+00 
1.797700e+02 2.595880e+19 6.543060e+03 2.146840e+03 7.179700e+02 6.266150e+03 9.924230e+02 0.000000e+00 4.293380e-05 0.000000e+00 0.000000e+00 0.000000e+00 0.000000e+00 0.000000e+00 0.000000e+00 0.000000e+00 1.000000e+00 5.046320e-01 7.335370e-01 0.000000e+00 
1.797700e+02 2.595880e+19 6.543060e+03 2.146840e+03 7.179700e+02 6.266150e+03 9.924230e+02 0.000000e+00 4.299240e-05 0.000000e+00 0.000000e+00 0.000000e+00 0.000000e+00 0.000000e+00 -0.000000e+00 0.000000e+00 1.000000e+00 5.049990e-01 7.335950e-01 0.000000e+00 
1.797700e+02 2.595880e+19 6.543060e+03 2.146840e+03 7.179700e+02 6.266150e+03 9.924230e+02 0.000000e+00 4.305110e-05 0.000000e+00 0.000000e+00 0.000000e+00 0.000000e+00 0.000000e+00 -0.000000e+00 0.000000e+00 1.000000e+00 5.053670e-01 7.336530e-01 0.000000e+00 
1.797700e+02 2.595880e+19 6.543060e+03 2.146840e+03 7.179700e+02 6.266150e+03 9.924230e+02 0.000000e+00 4.310980e-05 0.000000e+00 0.000000e+00 0.000000e+00 0.000000e+00 0.000000e+00 0.000000e+00 0.000000e+00 1.000000e+00 5.057340e-01 7.337110e-01 0.000000e+00 
1.797700e+02 2.595880e+19 6.543060e+03 2.146840e+03 7.179700e+02 6.266150e+03 9.924230e+02 0.000000e+00 4.316840e-05 0.000000e+00 0.000000e+00 0.000000e+00 0.000000e+00 0.000000e+00 -0.000000e+00 0.000000e+00 1.000000e+00 5.061020e-01 7.337700e-01 0.000000e+00 
1.797700e+02 2.595880e+19 6.543060e+03 2.146840e+03 7.179700e+02 6.266150e+03 9.924230e+02 0.000000e+00 4.322710e-05 0.000000e+00 0.000000e+00 -3.456050e-11 0.000000e+00 0.000000e+00 -0.000000e+00 0.000000e+00 1.000000e+00 5.064700e-01 7.338280e-01 0.000000e+00 
1.797700e+02 2.595880e+19 6.543060e+03 2.146840e+03 7.179700e+02 6.266150e+03 9.924230e+02 0.000000e+00 4.328570e-05 0.000000e+00 0.000000e+00 0.000000e+00 0.000000e+00 0.000000e+00 -0.000000e+00 0.000000e+00 1.000000e+00 5.068370e-01 7.338860e-01 0.000000e+00 
1.797700e+02 2.595880e+19 6.543060e+03 2.146840e+03 7.179700e+02 6.266150e+03 9.924230e+02 0.000000e+00 4.334440e-05 0.000000e+00 0.000000e+00 0.000000e+00 0.000000e+00 0.000000e+00 0.000000e+00 0.000000e+00 1.000000e+00 5.072050e-01 7.339440e-01 0.000000e+00 
1.797700e+02 2.595880e+19 6.543060e+03 2.146840e+03 7.179700e+02 6.266150e+03 9.924230e+02 0.000000e+00 4.340310e-05 0.000000e+00 0.000000e+00 0.000000e+00 0.000000e+00 0.000000e+00 -0.000000e+00 0.000000e+00 1.000000e+00 5.075720e-01 7.340030e-01 0.000000e+00 
1.797700e+02 2.595880e+19 6.543060e+03 2.146840e+03 7.179700e+02 6.266150e+03 9.924230e+02 0.000000e+00 4.346170e-05 0.000000e+00 0.000000e+00 -3.456050e-11 0.000000e+00 0.000000e+00 -0.000000e+00 0.000000e+00 1.000000e+00 5.079400e-01 7.340610e-01 0.000000e+00 
1.797700e+02 2.595880e+19 6.543060e+03 2.146840e+03 7.179700e+02 6.266150e+03 9.924230e+02 0.000000e+00 4.352040e-05 0.000000e+00 0.000000e+00 0.000000e+00 0.000000e+00 0.000000e+00 0.000000e+00 0.000000e+00 1.000000e+00 5.083070e-01 7.341190e-01 0.000000e+00 
1.797700e+02 2.595880e+19 6.543060e+03 2.146840e+03 7.179700e+02 6.266150e+03 9.924230e+02 0.000000e+00 4.357910e-05 0.000000e+00 0.000000e+00 3.456050e-11 0.000000e+00 0.000000e+00 -0.000000e+00 0.000000e+00 1.000000e+00 5.086750e-01 7.341770e-01 0.000000e+00 
1.797700e+02 2.595880e+19 6.543060e+03 2.146840e+03 7.179700e+02 6.266150e+03 9.924230e+02 0.000000e+00 4.363770e-05 0.000000e+00 0.000000e+00 0.000000e+00 0.000000e+00 0.000000e+00 -0.000000e+00 0.000000e+00 1.000000e+00 5.090430e-01 7.342350e-01 0.000000e+00 
1.797700e+02 2.595880e+19 6.543060e+03 2.146840e+03 7.179700e+02 6.266150e+03 9.924230e+02 0.000000e+00 4.369640e-05 0.000000e+00 0.000000e+00 0.000000e+00 0.000000e+00 0.000000e+00 -0.000000e+00 0.000000e+00 1.000000e+00 5.094100e-01 7.342940e-01 0.000000e+00 
1.797700e+02 2.595880e+19 6.543060e+03 2.146840e+03 7.179700e+02 6.266150e+03 9.924230e+02 0.000000e+00 4.375500e-05 0.000000e+00 0.000000e+00 -1.728030e-11 0.000000e+00 0.000000e+00 0.000000e+00 0.000000e+00 1.000000e+00 5.097780e-01 7.343520e-01 0.000000e+00 
1.797700e+02 2.595880e+19 6.543060e+03 2.146840e+03 7.179700e+02 6.266150e+03 9.924230e+02 0.000000e+00 4.381370e-05 0.000000e+00 0.000000e+00 0.000000e+00 0.000000e+00 0.000000e+00 -0.000000e+00 0.000000e+00 1.000000e+00 5.101450e-01 7.344100e-01 0.000000e+00 
1.797700e+02 2.595880e+19 6.543060e+03 2.146840e+03 7.179700e+02 6.266150e+03 9.924230e+02 0.000000e+00 4.387240e-05 0.000000e+00 0.000000e+00 0.000000e+00 0.000000e+00 0.000000e+00 -0.000000e+00 0.000000e+00 1.000000e+00 5.105130e-01 7.344680e-01 0.000000e+00 
1.797700e+02 2.595880e+19 6.543060e+03 2.146840e+03 7.179700e+02 6.266150e+03 9.924230e+02 0.000000e+00 4.393100e-05 0.000000e+00 0.000000e+00 -1.728030e-11 0.000000e+00 0.000000e+00 -0.000000e+00 0.000000e+00 1.000000e+00 5.108810e-01 7.345270e-01 0.000000e+00 
1.797700e+02 2.595880e+19 6.543060e+03 2.146840e+03 7.179700e+02 6.266150e+03 9.924230e+02 0.000000e+00 4.398970e-05 0.000000e+00 0.000000e+00 0.000000e+00 0.000000e+00 0.000000e+00 0.000000e+00 0.000000e+00 1.000000e+00 5.112480e-01 7.345850e-01 0.000000e+00 
1.797700e+02 2.595880e+19 6.543060e+03 2.146840e+03 7.179700e+02 6.266150e+03 9.924230e+02 0.000000e+00 4.404840e-05 0.000000e+00 0.000000e+00 0.000000e+00 0.000000e+00 0.000000e+00 -0.000000e+00 0.000000e+00 1.000000e+00 5.116160e-01 7.346430e-01 0.000000e+00 
1.797700e+02 2.595880e+19 6.543060e+03 2.146840e+03 7.179700e+02 6.266150e+03 9.924230e+02 0.000000e+00 4.410700e-05 0.000000e+00 0.000000e+00 -1.728030e-11 0.000000e+00 0.000000e+00 -0.000000e+00 0.000000e+00 1.000000e+00 5.119830e-01 7.347010e-01 0.000000e+00 
1.797700e+02 2.595880e+19 6.543060e+03 2.146840e+03 7.179700e+02 6.266150e+03 9.924230e+02 0.000000e+00 4.416570e-05 0.000000e+00 0.000000e+00 1.728030e-11 0.000000e+00 0.000000e+00 0.000000e+00 0.000000e+00 1.000000e+00 5.123510e-01 7.347590e-01 0.000000e+00 
1.797700e+02 2.595880e+19 6.543060e+03 2.146840e+03 7.179700e+02 6.266150e+03 9.924230e+02 0.000000e+00 4.422430e-05 0.000000e+00 0.000000e+00 0.000000e+00 0.000000e+00 0.000000e+00 -0.000000e+00 0.000000e+00 1.000000e+00 5.127180e-01 7.348180e-01 0.000000e+00 
1.797700e+02 2.595880e+19 6.543060e+03 2.146840e+03 7.179700e+02 6.266150e+03 9.924230e+02 0.000000e+00 4.428300e-05 0.000000e+00 0.000000e+00 0.000000e+00 0.000000e+00 0.000000e+00 -0.000000e+00 0.000000e+00 1.000000e+00 5.130860e-01 7.348760e-01 0.000000e+00 
1.797700e+02 2.595880e+19 6.543060e+03 2.146840e+03 7.179700e+02 6.266150e+03 9.924230e+02 0.000000e+00 4.434170e-05 0.000000e+00 0.000000e+00 0.000000e+00 0.000000e+00 0.000000e+00 -0.000000e+00 0.000000e+00 1.000000e+00 5.134540e-01 7.349340e-01 0.000000e+00 
1.797700e+02 2.595880e+19 6.543060e+03 2.146840e+03 7.179700e+02 6.266150e+03 9.924230e+02 0.000000e+00 4.440030e-05 0.000000e+00 0.000000e+00 0.000000e+00 0.000000e+00 0.000000e+00 0.000000e+00 0.000000e+00 1.000000e+00 5.138210e-01 7.349920e-01 0.000000e+00 
1.797700e+02 2.595880e+19 6.543060e+03 2.146840e+03 7.179700e+02 6.266150e+03 9.924230e+02 0.000000e+00 4.445900e-05 0.000000e+00 0.000000e+00 0.000000e+00 0.000000e+00 0.000000e+00 -0.000000e+00 0.000000e+00 1.000000e+00 5.141890e-01 7.350500e-01 0.000000e+00 
1.797700e+02 2.595880e+19 6.543060e+03 2.146840e+03 7.179700e+02 6.266150e+03 9.924230e+02 0.000000e+00 4.451760e-05 0.000000e+00 0.000000e+00 0.000000e+00 0.000000e+00 0.000000e+00 -0.000000e+00 0.000000e+00 1.000000e+00 5.145560e-01 7.351090e-01 0.000000e+00 
1.797700e+02 2.595880e+19 6.543060e+03 2.146840e+03 7.179700e+02 6.266150e+03 9.924230e+02 0.000000e+00 4.457630e-05 0.000000e+00 0.000000e+00 0.000000e+00 0.000000e+00 0.000000e+00 0.000000e+00 0.000000e+00 1.000000e+00 5.149240e-01 7.351670e-01 0.000000e+00 
1.797700e+02 2.595880e+19 6.543060e+03 2.146840e+03 7.179700e+02 6.266150e+03 9.924230e+02 0.000000e+00 4.463500e-05 0.000000e+00 0.000000e+00 0.000000e+00 0.000000e+00 0.000000e+00 -0.000000e+00 0.000000e+00 1.000000e+00 5.152920e-01 7.352250e-01 0.000000e+00 
1.797700e+02 2.595880e+19 6.543060e+03 2.146840e+03 7.179700e+02 6.266150e+03 9.924230e+02 0.000000e+00 4.469360e-05 0.000000e+00 0.000000e+00 0.000000e+00 0.000000e+00 0.000000e+00 -0.000000e+00 0.000000e+00 1.000000e+00 5.156590e-01 7.352830e-01 0.000000e+00 
1.797700e+02 2.595880e+19 6.543060e+03 2.146840e+03 7.179700e+02 6.266150e+03 9.924230e+02 0.000000e+00 4.475230e-05 0.000000e+00 0.000000e+00 0.000000e+00 0.000000e+00 0.000000e+00 -0.000000e+00 0.000000e+00 1.000000e+00 5.160270e-01 7.353420e-01 0.000000e+00 
1.797700e+02 2.595880e+19 6.543060e+03 2.146840e+03 7.179700e+02 6.266150e+03 9.924230e+02 0.000000e+00 4.481100e-05 0.000000e+00 0.000000e+00 0.000000e+00 0.000000e+00 0.000000e+00 0.000000e+00 0.000000e+00 1.000000e+00 5.163940e-01 7.354000e-01 0.000000e+00 
1.797700e+02 2.595880e+19 6.543060e+03 2.146840e+03 7.179700e+02 6.266150e+03 9.924230e+02 0.000000e+00 4.486960e-05 0.000000e+00 0.000000e+00 0.000000e+00 0.000000e+00 0.000000e+00 -0.000000e+00 0.000000e+00 1.000000e+00 5.167620e-01 7.354580e-01 0.000000e+00 
1.797700e+02 2.595880e+19 6.543060e+03 2.146840e+03 7.179700e+02 6.266150e+03 9.924230e+02 0.000000e+00 4.492830e-05 0.000000e+00 0.000000e+00 0.000000e+00 0.000000e+00 0.000000e+00 -0.000000e+00 0.000000e+00 1.000000e+00 5.171290e-01 7.355160e-01 0.000000e+00 
1.797700e+02 2.595880e+19 6.543060e+03 2.146840e+03 7.179700e+02 6.266150e+03 9.924230e+02 0.000000e+00 4.498690e-05 0.000000e+00 0.000000e+00 0.000000e+00 0.000000e+00 0.000000e+00 0.000000e+00 0.000000e+00 1.000000e+00 5.174970e-01 7.355740e-01 0.000000e+00 
1.797700e+02 2.595880e+19 6.543060e+03 2.146840e+03 7.179700e+02 6.266150e+03 9.924230e+02 0.000000e+00 4.504560e-05 0.000000e+00 0.000000e+00 8.640130e-12 0.000000e+00 0.000000e+00 -0.000000e+00 0.000000e+00 1.000000e+00 5.178650e-01 7.356330e-01 0.000000e+00 
1.797700e+02 2.595880e+19 6.543060e+03 2.146840e+03 7.179700e+02 6.266150e+03 9.924230e+02 0.000000e+00 4.510430e-05 0.000000e+00 0.000000e+00 -1.728030e-11 0.000000e+00 0.000000e+00 -0.000000e+00 0.000000e+00 1.000000e+00 5.182320e-01 7.356910e-01 0.000000e+00 
1.797700e+02 2.595880e+19 6.543060e+03 2.146840e+03 7.179700e+02 6.266150e+03 9.924230e+02 0.000000e+00 4.516290e-05 0.000000e+00 0.000000e+00 -8.640130e-12 0.000000e+00 0.000000e+00 -0.000000e+00 0.000000e+00 1.000000e+00 5.186000e-01 7.357490e-01 0.000000e+00 
1.797700e+02 2.595880e+19 6.543060e+03 2.146840e+03 7.179700e+02 6.266150e+03 9.924230e+02 0.000000e+00 4.522160e-05 0.000000e+00 0.000000e+00 0.000000e+00 0.000000e+00 0.000000e+00 0.000000e+00 0.000000e+00 1.000000e+00 5.189670e-01 7.358070e-01 0.000000e+00 
1.797700e+02 2.595880e+19 6.543060e+03 2.146840e+03 7.179700e+02 6.266150e+03 9.924230e+02 0.000000e+00 4.528020e-05 0.000000e+00 0.000000e+00 8.640130e-12 0.000000e+00 0.000000e+00 -0.000000e+00 0.000000e+00 1.000000e+00 5.193350e-01 7.358650e-01 0.000000e+00 
1.797700e+02 2.595880e+19 6.543060e+03 2.146840e+03 7.179700e+02 6.266150e+03 9.924230e+02 0.000000e+00 4.533890e-05 0.000000e+00 0.000000e+00 8.640130e-12 0.000000e+00 0.000000e+00 -0.000000e+00 0.000000e+00 1.000000e+00 5.197030e-01 7.359240e-01 0.000000e+00 
1.797700e+02 2.595880e+19 6.543060e+03 2.146840e+03 7.179700e+02 6.266150e+03 9.924230e+02 0.000000e+00 4.539760e-05 0.000000e+00 0.000000e+00 -1.728030e-11 0.000000e+00 0.000000e+00 -0.000000e+00 0.000000e+00 1.000000e+00 5.200700e-01 7.359820e-01 0.000000e+00 
1.797700e+02 2.595880e+19 6.543060e+03 2.146840e+03 7.179700e+02 6.266150e+03 9.924230e+02 0.000000e+00 4.545620e-05 0.000000e+00 0.000000e+00 0.000000e+00 0.000000e+00 0.000000e+00 0.000000e+00 0.000000e+00 1.000000e+00 5.204380e-01 7.360400e-01 0.000000e+00 
1.797700e+02 2.595880e+19 6.543060e+03 2.146840e+03 7.179700e+02 6.266150e+03 9.924230e+02 0.000000e+00 4.551490e-05 0.000000e+00 0.000000e+00 0.000000e+00 0.000000e+00 0.000000e+00 -0.000000e+00 0.000000e+00 1.000000e+00 5.208050e-01 7.360980e-01 0.000000e+00 
1.797700e+02 2.595880e+19 6.543060e+03 2.146840e+03 7.179700e+02 6.266150e+03 9.924230e+02 0.000000e+00 4.557360e-05 0.000000e+00 0.000000e+00 8.640130e-12 0.000000e+00 0.000000e+00 -0.000000e+00 0.000000e+00 1.000000e+00 5.211730e-01 7.361570e-01 0.000000e+00 
1.797700e+02 2.595880e+19 6.543060e+03 2.146840e+03 7.179700e+02 6.266150e+03 9.924230e+02 0.000000e+00 4.563220e-05 0.000000e+00 0.000000e+00 -1.728030e-11 0.000000e+00 0.000000e+00 0.000000e+00 0.000000e+00 1.000000e+00 5.215400e-01 7.362150e-01 0.000000e+00 
1.797700e+02 2.595880e+19 6.543060e+03 2.146840e+03 7.179700e+02 6.266150e+03 9.924230e+02 0.000000e+00 4.569090e-05 0.000000e+00 0.000000e+00 -1.728030e-11 0.000000e+00 0.000000e+00 -0.000000e+00 0.000000e+00 1.000000e+00 5.219080e-01 7.362730e-01 0.000000e+00 
1.797700e+02 2.595880e+19 6.543060e+03 2.146840e+03 7.179700e+02 6.266150e+03 9.924230e+02 0.000000e+00 4.574950e-05 0.000000e+00 0.000000e+00 4.320070e-12 0.000000e+00 0.000000e+00 -0.000000e+00 0.000000e+00 1.000000e+00 5.222760e-01 7.363310e-01 0.000000e+00 
1.797700e+02 2.595880e+19 6.543060e+03 2.146840e+03 7.179700e+02 6.266150e+03 9.924230e+02 0.000000e+00 4.580820e-05 0.000000e+00 0.000000e+00 4.320070e-12 0.000000e+00 0.000000e+00 -0.000000e+00 0.000000e+00 1.000000e+00 5.226430e-01 7.363890e-01 0.000000e+00 
1.797700e+02 2.595880e+19 6.543060e+03 2.146840e+03 7.179700e+02 6.266150e+03 9.924230e+02 0.000000e+00 4.586690e-05 0.000000e+00 0.000000e+00 8.640130e-12 0.000000e+00 0.000000e+00 0.000000e+00 0.000000e+00 1.000000e+00 5.230110e-01 7.364480e-01 0.000000e+00 
1.797700e+02 2.595880e+19 6.543060e+03 2.146840e+03 7.179700e+02 6.266150e+03 9.924230e+02 0.000000e+00 4.592550e-05 0.000000e+00 0.000000e+00 -8.640130e-12 0.000000e+00 0.000000e+00 -0.000000e+00 0.000000e+00 1.000000e+00 5.233780e-01 7.365060e-01 0.000000e+00 
1.797700e+02 2.595880e+19 6.543060e+03 2.146840e+03 7.179700e+02 6.266150e+03 9.924230e+02 0.000000e+00 4.598420e-05 0.000000e+00 0.000000e+00 -8.640130e-12 0.000000e+00 0.000000e+00 -0.000000e+00 0.000000e+00 1.000000e+00 5.237460e-01 7.365640e-01 0.000000e+00 
1.797700e+02 2.595880e+19 6.543060e+03 2.146840e+03 7.179700e+02 6.266150e+03 9.924230e+02 0.000000e+00 4.604280e-05 0.000000e+00 0.000000e+00 -4.320070e-12 0.000000e+00 0.000000e+00 0.000000e+00 0.000000e+00 1.000000e+00 5.241140e-01 7.366220e-01 0.000000e+00 
1.797700e+02 2.595880e+19 6.543060e+03 2.146840e+03 7.179700e+02 6.266150e+03 9.924230e+02 0.000000e+00 4.610150e-05 0.000000e+00 0.000000e+00 4.320070e-12 0.000000e+00 0.000000e+00 -0.000000e+00 0.000000e+00 1.000000e+00 5.244810e-01 7.366810e-01 0.000000e+00 
1.797700e+02 2.595880e+19 6.543060e+03 2.146840e+03 7.179700e+02 6.266150e+03 9.924230e+02 0.000000e+00 4.616020e-05 0.000000e+00 0.000000e+00 1.512020e-11 0.000000e+00 0.000000e+00 -0.000000e+00 0.000000e+00 1.000000e+00 5.248490e-01 7.367390e-01 0.000000e+00 
1.797700e+02 2.595880e+19 6.543060e+03 2.146840e+03 7.179700e+02 6.266150e+03 9.924230e+02 0.000000e+00 4.621880e-05 0.000000e+00 0.000000e+00 -1.080020e-11 0.000000e+00 0.000000e+00 -0.000000e+00 0.000000e+00 1.000000e+00 5.252160e-01 7.367970e-01 0.000000e+00 
1.797700e+02 2.595880e+19 6.543060e+03 2.146840e+03 7.179700e+02 6.266150e+03 9.924230e+02 0.000000e+00 4.627750e-05 0.000000e+00 0.000000e+00 0.000000e+00 0.000000e+00 0.000000e+00 0.000000e+00 0.000000e+00 1.000000e+00 5.255840e-01 7.368550e-01 0.000000e+00 
1.744300e+02 2.518770e+19 6.380760e+03 1.968210e+03 6.924010e+02 6.333090e+03 9.497400e+02 0.000000e+00 4.633620e-05 0.000000e+00 0.000000e+00 -1.188020e-11 0.000000e+00 0.000000e+00 0.000000e+00 0.000000e+00 1.000000e+00 5.259520e-01 7.369110e-01 0.000000e+00 
1.744300e+02 2.518770e+19 6.380760e+03 1.968210e+03 6.924010e+02 6.333090e+03 9.497400e+02 0.000000e+00 4.639430e-05 0.000000e+00 0.000000e+00 -1.126000e-11 0.000000e+00 0.000000e+00 -0.000000e+00 0.000000e+00 1.000000e+00 5.263200e-01 7.369660e-01 0.000000e+00 
1.763900e+02 2.547070e+19 6.296730e+03 2.020950e+03 6.949380e+02 6.332900e+03 9.593150e+02 0.000000e+00 4.645240e-05 0.000000e+00 0.000000e+00 0.000000e+00 0.000000e+00 0.000000e+00 -0.000000e+00 0.000000e+00 1.000000e+00 5.266880e-01 7.370220e-01 0.000000e+00 
1.763900e+02 2.547070e+19 6.296730e+03 2.020950e+03 6.949380e+02 6.332900e+03 9.593150e+02 0.000000e+00 4.651050e-05 0.000000e+00 0.000000e+00 0.000000e+00 0.000000e+00 0.000000e+00 -0.000000e+00 0.000000e+00 1.000000e+00 5.270560e-01 7.370770e-01 0.000000e+00 
1.763900e+02 2.547070e+19 6.296730e+03 2.020950e+03 6.949380e+02 6.332900e+03 9.593150e+02 0.000000e+00 4.656860e-05 0.000000e+00 0.000000e+00 0.000000e+00 0.000000e+00 0.000000e+00 0.000000e+00 0.000000e+00 1.000000e+00 5.274240e-01 7.371330e-01 0.000000e+00 
1.763900e+02 2.547070e+19 6.296730e+03 2.020950e+03 6.949380e+02 6.332900e+03 9.593150e+02 0.000000e+00 4.662670e-05 0.000000e+00 0.000000e+00 0.000000e+00 0.000000e+00 0.000000e+00 -0.000000e+00 0.000000e+00 1.000000e+00 5.277920e-01 7.371890e-01 0.000000e+00 
1.763900e+02 2.547070e+19 6.296730e+03 2.020950e+03 6.949380e+02 6.332900e+03 9.593150e+02 0.000000e+00 4.668480e-05 0.000000e+00 0.000000e+00 0.000000e+00 0.000000e+00 0.000000e+00 0.000000e+00 0.000000e+00 1.000000e+00 5.281600e-01 7.372450e-01 0.000000e+00 
1.763900e+02 2.547070e+19 6.296730e+03 2.020950e+03 6.949380e+02 6.332900e+03 9.593150e+02 0.000000e+00 4.674290e-05 0.000000e+00 0.000000e+00 0.000000e+00 0.000000e+00 0.000000e+00 -0.000000e+00 0.000000e+00 1.000000e+00 5.285280e-01 7.373000e-01 0.000000e+00 
1.763900e+02 2.547070e+19 6.296730e+03 2.020950e+03 6.949380e+02 6.332900e+03 9.593150e+02 0.000000e+00 4.680100e-05 0.000000e+00 0.000000e+00 0.000000e+00 0.000000e+00 0.000000e+00 -0.000000e+00 0.000000e+00 1.000000e+00 5.288960e-01 7.373560e-01 0.000000e+00 
1.763900e+02 2.547070e+19 6.296730e+03 2.020950e+03 6.949380e+02 6.332900e+03 9.593150e+02 0.000000e+00 4.685910e-05 0.000000e+00 0.000000e+00 0.000000e+00 0.000000e+00 0.000000e+00 0.000000e+00 0.000000e+00 1.000000e+00 5.292640e-01 7.374120e-01 0.000000e+00 
1.763900e+02 2.547070e+19 6.296730e+03 2.020950e+03 6.949380e+02 6.332900e+03 9.593150e+02 0.000000e+00 4.691720e-05 0.000000e+00 0.000000e+00 0.000000e+00 0.000000e+00 0.000000e+00 -0.000000e+00 0.000000e+00 1.000000e+00 5.296320e-01 7.374670e-01 0.000000e+00 
1.763900e+02 2.547070e+19 6.296730e+03 2.020950e+03 6.949380e+02 6.332900e+03 9.593150e+02 0.000000e+00 4.697530e-05 0.000000e+00 0.000000e+00 0.000000e+00 0.000000e+00 0.000000e+00 -0.000000e+00 0.000000e+00 1.000000e+00 5.300000e-01 7.375230e-01 0.000000e+00 
1.763900e+02 2.547070e+19 6.296730e+03 2.020950e+03 6.949380e+02 6.332900e+03 9.593150e+02 0.000000e+00 4.703340e-05 0.000000e+00 0.000000e+00 0.000000e+00 0.000000e+00 0.000000e+00 0.000000e+00 0.000000e+00 1.000000e+00 5.303680e-01 7.375790e-01 0.000000e+00 
1.763900e+02 2.547070e+19 6.296730e+03 2.020950e+03 6.949380e+02 6.332900e+03 9.593150e+02 0.000000e+00 4.709150e-05 0.000000e+00 0.000000e+00 0.000000e+00 0.000000e+00 0.000000e+00 0.000000e+00 0.000000e+00 1.000000e+00 5.307350e-01 7.376350e-01 0.000000e+00 
1.763900e+02 2.547070e+19 6.296730e+03 2.020950e+03 6.949380e+02 6.332900e+03 9.593150e+02 0.000000e+00 4.714960e-05 0.000000e+00 0.000000e+00 0.000000e+00 0.000000e+00 0.000000e+00 -0.000000e+00 0.000000e+00 1.000000e+00 5.311030e-01 7.376900e-01 0.000000e+00 
1.763900e+02 2.547070e+19 6.296730e+03 2.020950e+03 6.949380e+02 6.332900e+03 9.593150e+02 0.000000e+00 4.720770e-05 0.000000e+00 0.000000e+00 0.000000e+00 0.000000e+00 0.000000e+00 0.000000e+00 0.000000e+00 1.000000e+00 5.314710e-01 7.377460e-01 0.000000e+00 
1.763900e+02 2.547070e+19 6.296730e+03 2.020950e+03 6.949380e+02 6.332900e+03 9.593150e+02 0.000000e+00 4.726580e-05 0.000000e+00 0.000000e+00 0.000000e+00 0.000000e+00 0.000000e+00 -0.000000e+00 0.000000e+00 1.000000e+00 5.318390e-01 7.378020e-01 0.000000e+00 
1.763900e+02 2.547070e+19 6.296730e+03 2.020950e+03 6.949380e+02 6.332900e+03 9.593150e+02 0.000000e+00 4.732390e-05 0.000000e+00 0.000000e+00 0.000000e+00 0.000000e+00 0.000000e+00 -0.000000e+00 0.000000e+00 1.000000e+00 5.322070e-01 7.378580e-01 0.000000e+00 
1.763900e+02 2.547070e+19 6.296730e+03 2.020950e+03 6.949380e+02 6.332900e+03 9.593150e+02 0.000000e+00 4.738200e-05 0.000000e+00 0.000000e+00 0.000000e+00 0.000000e+00 0.000000e+00 0.000000e+00 0.000000e+00 1.000000e+00 5.325750e-01 7.379130e-01 0.000000e+00 
1.763900e+02 2.547070e+19 6.296730e+03 2.020950e+03 6.949380e+02 6.332900e+03 9.593150e+02 0.000000e+00 4.744020e-05 0.000000e+00 0.000000e+00 0.000000e+00 0.000000e+00 0.000000e+00 0.000000e+00 0.000000e+00 1.000000e+00 5.329430e-01 7.379690e-01 0.000000e+00 
1.763900e+02 2.547070e+19 6.296730e+03 2.020950e+03 6.949380e+02 6.332900e+03 9.593150e+02 0.000000e+00 4.749830e-05 0.000000e+00 0.000000e+00 0.000000e+00 0.000000e+00 0.000000e+00 -0.000000e+00 0.000000e+00 1.000000e+00 5.333110e-01 7.380250e-01 0.000000e+00 
1.763900e+02 2.547070e+19 6.296730e+03 2.020950e+03 6.949380e+02 6.332900e+03 9.593150e+02 0.000000e+00 4.755640e-05 0.000000e+00 0.000000e+00 0.000000e+00 0.000000e+00 0.000000e+00 -0.000000e+00 0.000000e+00 1.000000e+00 5.336790e-01 7.380810e-01 0.000000e+00 
1.763900e+02 2.547070e+19 6.296730e+03 2.020950e+03 6.949380e+02 6.332900e+03 9.593150e+02 0.000000e+00 4.761450e-05 0.000000e+00 0.000000e+00 0.000000e+00 0.000000e+00 0.000000e+00 0.000000e+00 0.000000e+00 1.000000e+00 5.340470e-01 7.381360e-01 0.000000e+00 
1.763900e+02 2.547070e+19 6.296730e+03 2.020950e+03 6.949380e+02 6.332900e+03 9.593150e+02 0.000000e+00 4.767260e-05 0.000000e+00 0.000000e+00 0.000000e+00 0.000000e+00 0.000000e+00 -0.000000e+00 0.000000e+00 1.000000e+00 5.344150e-01 7.381920e-01 0.000000e+00 
1.763900e+02 2.547070e+19 6.296730e+03 2.020950e+03 6.949380e+02 6.332900e+03 9.593150e+02 0.000000e+00 4.773070e-05 0.000000e+00 0.000000e+00 0.000000e+00 0.000000e+00 0.000000e+00 -0.000000e+00 0.000000e+00 1.000000e+00 5.347830e-01 7.382480e-01 0.000000e+00 
1.763900e+02 2.547070e+19 6.296730e+03 2.020950e+03 6.949380e+02 6.332900e+03 9.593150e+02 0.000000e+00 4.778880e-05 0.000000e+00 0.000000e+00 3.456050e-11 0.000000e+00 0.000000e+00 0.000000e+00 0.000000e+00 1.000000e+00 5.351510e-01 7.383040e-01 0.000000e+00 
1.763900e+02 2.547070e+19 6.296730e+03 2.020950e+03 6.949380e+02 6.332900e+03 9.593150e+02 0.000000e+00 4.784690e-05 0.000000e+00 0.000000e+00 -3.456050e-11 0.000000e+00 0.000000e+00 0.000000e+00 0.000000e+00 1.000000e+00 5.355190e-01 7.383590e-01 0.000000e+00 
1.763900e+02 2.547070e+19 6.296730e+03 2.020950e+03 6.949380e+02 6.332900e+03 9.593150e+02 0.000000e+00 4.790500e-05 0.000000e+00 0.000000e+00 -1.728020e-11 0.000000e+00 0.000000e+00 -0.000000e+00 0.000000e+00 1.000000e+00 5.358870e-01 7.384150e-01 0.000000e+00 
1.763900e+02 2.547070e+19 6.296730e+03 2.020950e+03 6.949380e+02 6.332900e+03 9.593150e+02 0.000000e+00 4.796310e-05 0.000000e+00 0.000000e+00 0.000000e+00 0.000000e+00 0.000000e+00 0.000000e+00 0.000000e+00 1.000000e+00 5.362550e-01 7.384710e-01 0.000000e+00 
1.763900e+02 2.547070e+19 6.296730e+03 2.020950e+03 6.949380e+02 6.332900e+03 9.593150e+02 0.000000e+00 4.802120e-05 0.000000e+00 0.000000e+00 1.728020e-11 0.000000e+00 0.000000e+00 -0.000000e+00 0.000000e+00 1.000000e+00 5.366230e-01 7.385270e-01 0.000000e+00 
1.763900e+02 2.547070e+19 6.296730e+03 2.020950e+03 6.949380e+02 6.332900e+03 9.593150e+02 0.000000e+00 4.807930e-05 0.000000e+00 0.000000e+00 0.000000e+00 0.000000e+00 0.000000e+00 -0.000000e+00 0.000000e+00 1.000000e+00 5.369910e-01 7.385820e-01 0.000000e+00 
1.763900e+02 2.547070e+19 6.296730e+03 2.020950e+03 6.949380e+02 6.332900e+03 9.593150e+02 0.000000e+00 4.813740e-05 0.000000e+00 0.000000e+00 0.000000e+00 0.000000e+00 0.000000e+00 0.000000e+00 0.000000e+00 1.000000e+00 5.373590e-01 7.386380e-01 0.000000e+00 
1.763900e+02 2.547070e+19 6.296730e+03 2.020950e+03 6.949380e+02 6.332900e+03 9.593150e+02 0.000000e+00 4.819550e-05 0.000000e+00 0.000000e+00 -1.728020e-11 0.000000e+00 0.000000e+00 0.000000e+00 0.000000e+00 1.000000e+00 5.377270e-01 7.386940e-01 0.000000e+00 
1.763900e+02 2.547070e+19 6.296730e+03 2.020950e+03 6.949380e+02 6.332900e+03 9.593150e+02 0.000000e+00 4.825360e-05 0.000000e+00 0.000000e+00 0.000000e+00 0.000000e+00 0.000000e+00 -0.000000e+00 0.000000e+00 1.000000e+00 5.380950e-01 7.387500e-01 0.000000e+00 
1.763900e+02 2.547070e+19 6.296730e+03 2.020950e+03 6.949380e+02 6.332900e+03 9.593150e+02 0.000000e+00 4.831170e-05 0.000000e+00 0.000000e+00 0.000000e+00 0.000000e+00 0.000000e+00 -0.000000e+00 0.000000e+00 1.000000e+00 5.384630e-01 7.388050e-01 0.000000e+00 
1.763900e+02 2.547070e+19 6.296730e+03 2.020950e+03 6.949380e+02 6.332900e+03 9.593150e+02 0.000000e+00 4.836980e-05 0.000000e+00 0.000000e+00 1.728020e-11 0.000000e+00 0.000000e+00 0.000000e+00 0.000000e+00 1.000000e+00 5.388310e-01 7.388610e-01 0.000000e+00 
1.763900e+02 2.547070e+19 6.296730e+03 2.020950e+03 6.949380e+02 6.332900e+03 9.593150e+02 0.000000e+00 4.842790e-05 0.000000e+00 0.000000e+00 0.000000e+00 0.000000e+00 0.000000e+00 -0.000000e+00 0.000000e+00 1.000000e+00 5.391990e-01 7.389170e-01 0.000000e+00 
1.763900e+02 2.547070e+19 6.296730e+03 2.020950e+03 6.949380e+02 6.332900e+03 9.593150e+02 0.000000e+00 4.848600e-05 0.000000e+00 0.000000e+00 0.000000e+00 0.000000e+00 0.000000e+00 0.000000e+00 0.000000e+00 1.000000e+00 5.395670e-01 7.389720e-01 0.000000e+00 
1.763900e+02 2.547070e+19 6.296730e+03 2.020950e+03 6.949380e+02 6.332900e+03 9.593150e+02 0.000000e+00 4.854410e-05 0.000000e+00 0.000000e+00 0.000000e+00 0.000000e+00 0.000000e+00 -0.000000e+00 0.000000e+00 1.000000e+00 5.399350e-01 7.390280e-01 0.000000e+00 
1.763900e+02 2.547070e+19 6.296730e+03 2.020950e+03 6.949380e+02 6.332900e+03 9.593150e+02 0.000000e+00 4.860220e-05 0.000000e+00 0.000000e+00 0.000000e+00 0.000000e+00 0.000000e+00 0.000000e+00 0.000000e+00 1.000000e+00 5.403030e-01 7.390840e-01 0.000000e+00 
1.763900e+02 2.547070e+19 6.296730e+03 2.020950e+03 6.949380e+02 6.332900e+03 9.593150e+02 0.000000e+00 4.866030e-05 0.000000e+00 0.000000e+00 0.000000e+00 0.000000e+00 0.000000e+00 -0.000000e+00 0.000000e+00 1.000000e+00 5.406710e-01 7.391400e-01 0.000000e+00 
1.763900e+02 2.547070e+19 6.296730e+03 2.020950e+03 6.949380e+02 6.332900e+03 9.593150e+02 0.000000e+00 4.871840e-05 0.000000e+00 0.000000e+00 0.000000e+00 0.000000e+00 0.000000e+00 0.000000e+00 0.000000e+00 1.000000e+00 5.410390e-01 7.391950e-01 0.000000e+00 
1.763900e+02 2.547070e+19 6.296730e+03 2.020950e+03 6.949380e+02 6.332900e+03 9.593150e+02 0.000000e+00 4.877650e-05 0.000000e+00 0.000000e+00 0.000000e+00 0.000000e+00 0.000000e+00 -0.000000e+00 0.000000e+00 1.000000e+00 5.414070e-01 7.392510e-01 0.000000e+00 
1.763900e+02 2.547070e+19 6.296730e+03 2.020950e+03 6.949380e+02 6.332900e+03 9.593150e+02 0.000000e+00 4.883460e-05 0.000000e+00 0.000000e+00 0.000000e+00 0.000000e+00 0.000000e+00 0.000000e+00 0.000000e+00 1.000000e+00 5.417750e-01 7.393070e-01 0.000000e+00 
1.763900e+02 2.547070e+19 6.296730e+03 2.020950e+03 6.949380e+02 6.332900e+03 9.593150e+02 0.000000e+00 4.889280e-05 0.000000e+00 0.000000e+00 0.000000e+00 0.000000e+00 0.000000e+00 -0.000000e+00 0.000000e+00 1.000000e+00 5.421430e-01 7.393630e-01 0.000000e+00 
1.763900e+02 2.547070e+19 6.296730e+03 2.020950e+03 6.949380e+02 6.332900e+03 9.593150e+02 0.000000e+00 4.895090e-05 0.000000e+00 0.000000e+00 0.000000e+00 0.000000e+00 0.000000e+00 -0.000000e+00 0.000000e+00 1.000000e+00 5.425100e-01 7.394180e-01 0.000000e+00 
1.763900e+02 2.547070e+19 6.296730e+03 2.020950e+03 6.949380e+02 6.332900e+03 9.593150e+02 0.000000e+00 4.900900e-05 0.000000e+00 0.000000e+00 0.000000e+00 0.000000e+00 0.000000e+00 0.000000e+00 0.000000e+00 1.000000e+00 5.428780e-01 7.394740e-01 0.000000e+00 
1.763900e+02 2.547070e+19 6.296730e+03 2.020950e+03 6.949380e+02 6.332900e+03 9.593150e+02 0.000000e+00 4.906710e-05 0.000000e+00 0.000000e+00 0.000000e+00 0.000000e+00 0.000000e+00 -0.000000e+00 0.000000e+00 1.000000e+00 5.432460e-01 7.395300e-01 0.000000e+00 
1.763900e+02 2.547070e+19 6.296730e+03 2.020950e+03 6.949380e+02 6.332900e+03 9.593150e+02 0.000000e+00 4.912520e-05 0.000000e+00 0.000000e+00 0.000000e+00 0.000000e+00 0.000000e+00 -0.000000e+00 0.000000e+00 1.000000e+00 5.436140e-01 7.395860e-01 0.000000e+00 
1.763900e+02 2.547070e+19 6.296730e+03 2.020950e+03 6.949380e+02 6.332900e+03 9.593150e+02 0.000000e+00 4.918330e-05 0.000000e+00 0.000000e+00 0.000000e+00 0.000000e+00 0.000000e+00 0.000000e+00 0.000000e+00 1.000000e+00 5.439820e-01 7.396410e-01 0.000000e+00 
1.763900e+02 2.547070e+19 6.296730e+03 2.020950e+03 6.949380e+02 6.332900e+03 9.593150e+02 0.000000e+00 4.924140e-05 0.000000e+00 0.000000e+00 0.000000e+00 0.000000e+00 0.000000e+00 0.000000e+00 0.000000e+00 1.000000e+00 5.443500e-01 7.396970e-01 0.000000e+00 
1.763900e+02 2.547070e+19 6.296730e+03 2.020950e+03 6.949380e+02 6.332900e+03 9.593150e+02 0.000000e+00 4.929950e-05 0.000000e+00 0.000000e+00 8.640120e-12 0.000000e+00 0.000000e+00 -0.000000e+00 0.000000e+00 1.000000e+00 5.447180e-01 7.397530e-01 0.000000e+00 
1.763900e+02 2.547070e+19 6.296730e+03 2.020950e+03 6.949380e+02 6.332900e+03 9.593150e+02 0.000000e+00 4.935760e-05 0.000000e+00 0.000000e+00 0.000000e+00 0.000000e+00 0.000000e+00 0.000000e+00 0.000000e+00 1.000000e+00 5.450860e-01 7.398090e-01 0.000000e+00 
1.763900e+02 2.547070e+19 6.296730e+03 2.020950e+03 6.949380e+02 6.332900e+03 9.593150e+02 0.000000e+00 4.941570e-05 0.000000e+00 0.000000e+00 8.640120e-12 0.000000e+00 0.000000e+00 -0.000000e+00 0.000000e+00 1.000000e+00 5.454540e-01 7.398640e-01 0.000000e+00 
1.763900e+02 2.547070e+19 6.296730e+03 2.020950e+03 6.949380e+02 6.332900e+03 9.593150e+02 0.000000e+00 4.947380e-05 0.000000e+00 0.000000e+00 -1.728020e-11 0.000000e+00 0.000000e+00 -0.000000e+00 0.000000e+00 1.000000e+00 5.458220e-01 7.399200e-01 0.000000e+00 
1.763900e+02 2.547070e+19 6.296730e+03 2.020950e+03 6.949380e+02 6.332900e+03 9.593150e+02 0.000000e+00 4.953190e-05 0.000000e+00 0.000000e+00 8.640120e-12 0.000000e+00 0.000000e+00 0.000000e+00 0.000000e+00 1.000000e+00 5.461900e-01 7.399760e-01 0.000000e+00 
1.763900e+02 2.547070e+19 6.296730e+03 2.020950e+03 6.949380e+02 6.332900e+03 9.593150e+02 0.000000e+00 4.959000e-05 0.000000e+00 0.000000e+00 -1.728020e-11 0.000000e+00 0.000000e+00 0.000000e+00 0.000000e+00 1.000000e+00 5.465580e-01 7.400320e-01 0.000000e+00 
1.763900e+02 2.547070e+19 6.296730e+03 2.020950e+03 6.949380e+02 6.332900e+03 9.593150e+02 0.000000e+00 4.964810e-05 0.000000e+00 0.000000e+00 -8.640120e-12 0.000000e+00 0.000000e+00 -0.000000e+00 0.000000e+00 1.000000e+00 5.469260e-01 7.400870e-01 0.000000e+00 
1.763900e+02 2.547070e+19 6.296730e+03 2.020950e+03 6.949380e+02 6.332900e+03 9.593150e+02 0.000000e+00 4.970620e-05 0.000000e+00 0.000000e+00 -8.640120e-12 0.000000e+00 0.000000e+00 -0.000000e+00 0.000000e+00 1.000000e+00 5.472940e-01 7.401430e-01 0.000000e+00 
1.763900e+02 2.547070e+19 6.296730e+03 2.020950e+03 6.949380e+02 6.332900e+03 9.593150e+02 0.000000e+00 4.976430e-05 0.000000e+00 0.000000e+00 -1.728020e-11 0.000000e+00 0.000000e+00 0.000000e+00 0.000000e+00 1.000000e+00 5.476620e-01 7.401990e-01 0.000000e+00 
1.763900e+02 2.547070e+19 6.296730e+03 2.020950e+03 6.949380e+02 6.332900e+03 9.593150e+02 0.000000e+00 4.982240e-05 0.000000e+00 0.000000e+00 0.000000e+00 0.000000e+00 0.000000e+00 -0.000000e+00 0.000000e+00 1.000000e+00 5.480300e-01 7.402540e-01 0.000000e+00 
1.763900e+02 2.547070e+19 6.296730e+03 2.020950e+03 6.949380e+02 6.332900e+03 9.593150e+02 0.000000e+00 4.988050e-05 0.000000e+00 0.000000e+00 -8.640120e-12 0.000000e+00 0.000000e+00 0.000000e+00 0.000000e+00 1.000000e+00 5.483980e-01 7.403100e-01 0.000000e+00 
1.763900e+02 2.547070e+19 6.296730e+03 2.020950e+03 6.949380e+02 6.332900e+03 9.593150e+02 0.000000e+00 4.993860e-05 0.000000e+00 0.000000e+00 -1.296020e-11 0.000000e+00 0.000000e+00 -0.000000e+00 0.000000e+00 1.000000e+00 5.487660e-01 7.403660e-01 0.000000e+00 
1.763900e+02 2.547070e+19 6.296730e+03 2.020950e+03 6.949380e+02 6.332900e+03 9.593150e+02 0.000000e+00 4.999670e-05 0.000000e+00 0.000000e+00 1.296020e-11 0.000000e+00 0.000000e+00 0.000000e+00 0.000000e+00 1.000000e+00 5.491340e-01 7.404220e-01 0.000000e+00 
1.763900e+02 2.547070e+19 6.296730e+03 2.020950e+03 6.949380e+02 6.332900e+03 9.593150e+02 0.000000e+00 5.005480e-05 0.000000e+00 0.000000e+00 -1.296020e-11 0.000000e+00 0.000000e+00 -0.000000e+00 0.000000e+00 1.000000e+00 5.495020e-01 7.404770e-01 0.000000e+00 
1.763900e+02 2.547070e+19 6.296730e+03 2.020950e+03 6.949380e+02 6.332900e+03 9.593150e+02 0.000000e+00 5.011290e-05 0.000000e+00 0.000000e+00 -1.728020e-11 0.000000e+00 0.000000e+00 0.000000e+00 0.000000e+00 1.000000e+00 5.498700e-01 7.405330e-01 0.000000e+00 
1.763900e+02 2.547070e+19 6.296730e+03 2.020950e+03 6.949380e+02 6.332900e+03 9.593150e+02 0.000000e+00 5.017100e-05 0.000000e+00 0.000000e+00 1.296020e-11 0.000000e+00 0.000000e+00 -0.000000e+00 0.000000e+00 1.000000e+00 5.502380e-01 7.405890e-01 0.000000e+00 
1.763900e+02 2.547070e+19 6.296730e+03 2.020950e+03 6.949380e+02 6.332900e+03 9.593150e+02 0.000000e+00 5.022910e-05 0.000000e+00 0.000000e+00 1.080010e-11 0.000000e+00 0.000000e+00 -0.000000e+00 0.000000e+00 1.000000e+00 5.506060e-01 7.406450e-01 0.000000e+00 
1.763900e+02 2.547070e+19 6.296730e+03 2.020950e+03 6.949380e+02 6.332900e+03 9.593150e+02 0.000000e+00 5.028720e-05 0.000000e+00 0.000000e+00 -6.480090e-12 0.000000e+00 0.000000e+00 0.000000e+00 0.000000e+00 1.000000e+00 5.509740e-01 7.407000e-01 0.000000e+00 
1.763900e+02 2.547070e+19 6.296730e+03 2.020950e+03 6.949380e+02 6.332900e+03 9.593150e+02 0.000000e+00 5.034540e-05 0.000000e+00 0.000000e+00 -6.480090e-12 0.000000e+00 0.000000e+00 0.000000e+00 0.000000e+00 1.000000e+00 5.513420e-01 7.407560e-01 0.000000e+00 
1.763900e+02 2.547070e+19 6.296730e+03 2.020950e+03 6.949380e+02 6.332900e+03 9.593150e+02 0.000000e+00 5.040350e-05 0.000000e+00 0.000000e+00 0.000000e+00 0.000000e+00 0.000000e+00 -0.000000e+00 0.000000e+00 1.000000e+00 5.517100e-01 7.408120e-01 0.000000e+00 
1.763900e+02 2.547070e+19 6.296730e+03 2.020950e+03 6.949380e+02 6.332900e+03 9.593150e+02 0.000000e+00 5.046160e-05 0.000000e+00 0.000000e+00 8.640120e-12 0.000000e+00 0.000000e+00 -0.000000e+00 0.000000e+00 1.000000e+00 5.520780e-01 7.408680e-01 0.000000e+00 
1.763900e+02 2.547070e+19 6.296730e+03 2.020950e+03 6.949380e+02 6.332900e+03 9.593150e+02 0.000000e+00 5.051970e-05 0.000000e+00 0.000000e+00 3.240040e-12 0.000000e+00 0.000000e+00 -0.000000e+00 0.000000e+00 1.000000e+00 5.524460e-01 7.409230e-01 0.000000e+00 
1.779500e+02 2.569600e+19 6.187800e+03 2.110820e+03 7.032370e+02 6.320880e+03 9.664050e+02 0.000000e+00 5.057780e-05 0.000000e+00 0.000000e+00 0.000000e+00 0.000000e+00 0.000000e+00 -0.000000e+00 0.000000e+00 1.000000e+00 5.528130e-01 7.409790e-01 0.000000e+00 
1.779500e+02 2.569600e+19 6.187800e+03 2.110820e+03 7.032370e+02 6.320880e+03 9.664050e+02 0.000000e+00 5.348780e-05 0.000000e+00 0.000000e+00 8.640120e-12 0.000000e+00 0.000000e+00 -0.000000e+00 0.000000e+00 1.000000e+00 5.712080e-01 7.437920e-01 0.000000e+00 
1.795950e+02 2.593350e+19 6.129510e+03 2.121360e+03 7.238930e+02 6.315180e+03 9.759360e+02 0.000000e+00 5.639790e-05 0.000000e+00 0.000000e+00 0.000000e+00 0.000000e+00 0.000000e+00 -0.000000e+00 0.000000e+00 1.000000e+00 5.895990e-01 7.466190e-01 0.000000e+00 
1.822550e+02 2.631760e+19 6.055280e+03 2.197900e+03 7.086320e+02 6.313700e+03 9.758870e+02 0.000000e+00 5.930990e-05 0.000000e+00 0.000000e+00 0.000000e+00 0.000000e+00 0.000000e+00 -0.000000e+00 0.000000e+00 1.000000e+00 6.079890e-01 7.494610e-01 0.000000e+00 
1.822550e+02 2.631760e+19 6.055280e+03 2.197900e+03 7.086320e+02 6.313700e+03 9.758870e+02 0.000000e+00 6.222260e-05 0.000000e+00 0.000000e+00 -8.640120e-12 0.000000e+00 0.000000e+00 -0.000000e+00 0.000000e+00 1.000000e+00 6.263790e-01 7.523030e-01 0.000000e+00 
1.840450e+02 2.657610e+19 5.978920e+03 2.237540e+03 7.220020e+02 6.304750e+03 9.749260e+02 0.000000e+00 6.513530e-05 0.000000e+00 0.000000e+00 0.000000e+00 0.000000e+00 0.000000e+00 -0.000000e+00 0.000000e+00 1.000000e+00 6.447690e-01 7.551470e-01 0.000000e+00 
1.848500e+02 2.669230e+19 5.916270e+03 2.227740e+03 7.298770e+02 6.306300e+03 9.890500e+02 0.000000e+00 6.788630e-05 0.000000e+00 0.000000e+00 0.000000e+00 0.000000e+00 0.000000e+00 -0.000000e+00 0.000000e+00 1.000000e+00 6.631570e-01 7.580020e-01 0.000000e+00 
1.848500e+02 2.669230e+19 5.916270e+03 2.227740e+03 7.298770e+02 6.306300e+03 9.890500e+02 0.000000e+00 7.080140e-05 0.000000e+00 0.000000e+00 -1.728020e-11 0.000000e+00 0.000000e+00 0.000000e+00 0.000000e+00 1.000000e+00 6.815400e-01 7.608850e-01 0.000000e+00 
1.827550e+02 2.638980e+19 5.729060e+03 2.086640e+03 7.132710e+02 6.349200e+03 9.592620e+02 0.000000e+00 7.371650e-05 0.000000e+00 0.000000e+00 0.000000e+00 0.000000e+00 0.000000e+00 0.000000e+00 0.000000e+00 1.000000e+00 6.999280e-01 7.637390e-01 0.000000e+00 
1.838750e+02 2.655150e+19 5.638990e+03 2.107710e+03 7.015340e+02 6.360220e+03 9.625600e+02 0.000000e+00 7.661440e-05 0.000000e+00 0.000000e+00 0.000000e+00 0.000000e+00 0.000000e+00 -0.000000e+00 0.000000e+00 1.000000e+00 7.183270e-01 7.665210e-01 0.000000e+00 
1.838750e+02 2.655150e+19 5.638990e+03 2.107710e+03 7.015340e+02 6.360220e+03 9.625600e+02 0.000000e+00 7.950710e-05 0.000000e+00 0.000000e+00 -4.320070e-12 0.000000e+00 0.000000e+00 -0.000000e+00 0.000000e+00 1.000000e+00 7.367260e-01 7.693050e-01 0.000000e+00 
1.844400e+02 2.663310e+19 5.543420e+03 2.165500e+03 7.304680e+02 6.349800e+03 9.647170e+02 0.000000e+00 8.239990e-05 0.000000e+00 0.000000e+00 8.640130e-12 0.000000e+00 0.000000e+00 0.000000e+00 0.000000e+00 1.000000e+00 7.551230e-01 7.720990e-01 0.000000e+00 
1.858150e+02 2.683170e+19 5.429760e+03 2.177630e+03 7.487530e+02 6.358930e+03 9.526530e+02 0.000000e+00 8.529720e-05 0.000000e+00 0.000000e+00 0.000000e+00 0.000000e+00 0.000000e+00 0.000000e+00 0.000000e+00 1.000000e+00 7.735230e-01 7.748750e-01 0.000000e+00 
1.865050e+02 2.693130e+19 5.395910e+03 2.211100e+03 7.390820e+02 6.357350e+03 9.591840e+02 0.000000e+00 8.819120e-05 0.000000e+00 0.000000e+00 0.000000e+00 0.000000e+00 0.000000e+00 -0.000000e+00 0.000000e+00 1.000000e+00 7.919250e-01 7.776380e-01 0.000000e+00 
1.865050e+02 2.693130e+19 5.395910e+03 2.211100e+03 7.390820e+02 6.357350e+03 9.591840e+02 0.000000e+00 9.108540e-05 0.000000e+00 0.000000e+00 0.000000e+00 0.000000e+00 0.000000e+00 0.000000e+00 0.000000e+00 1.000000e+00 8.103250e-01 7.804140e-01 0.000000e+00 
1.867350e+02 2.696450e+19 5.334500e+03 2.214020e+03 7.811790e+02 6.351390e+03 9.553650e+02 0.000000e+00 9.397970e-05 0.000000e+00 0.000000e+00 -1.728030e-11 0.000000e+00 0.000000e+00 0.000000e+00 0.000000e+00 1.000000e+00 8.287250e-01 7.831830e-01 0.000000e+00 
1.868200e+02 2.697680e+19 5.282050e+03 2.312710e+03 8.022190e+02 6.354700e+03 9.512820e+02 0.000000e+00 9.687690e-05 0.000000e+00 0.000000e+00 0.000000e+00 0.000000e+00 0.000000e+00 0.000000e+00 0.000000e+00 1.000000e+00 8.471270e-01 7.859470e-01 0.000000e+00 











































































































































































