1.501100e+02 2.167590e+19 6.658800e+03 1.452840e+03 4.887960e+02 6.444250e+03 6.860490e+02 0.000000e+00 0.000000e+00 0.000000e+00 0.000000e+00 0.000000e+00 0.000000e+00 0.000000e+00 0.000000e+00 0.000000e+00 -1.000000e+00 2.000000e-01 7.360000e-01 0.000000e+00 
1.486300e+02 2.146220e+19 6.322640e+03 1.357360e+03 4.850450e+02 6.495270e+03 6.667990e+02 0.000000e+00 2.871290e-06 0.000000e+00 0.000000e+00 0.000000e+00 0.000000e+00 0.000000e+00 0.000000e+00 -0.000000e+00 -1.000000e+00 2.185070e-01 7.379350e-01 0.000000e+00 
1.494200e+02 2.157620e+19 6.310800e+03 1.371520e+03 5.087320e+02 6.486950e+03 6.977370e+02 0.000000e+00 5.721200e-06 0.000000e+00 0.000000e+00 0.000000e+00 0.000000e+00 0.000000e+00 0.000000e+00 0.000000e+00 -1.000000e+00 2.370180e-01 7.398350e-01 0.000000e+00 
1.494200e+02 2.157620e+19 6.310800e+03 1.371520e+03 5.087320e+02 6.486950e+03 6.977370e+02 0.000000e+00 8.573320e-06 0.000000e+00 0.000000e+00 8.640120e-12 0.000000e+00 0.000000e+00 0.000000e+00 0.000000e+00 -1.000000e+00 2.555190e-01 7.418250e-01 0.000000e+00 
1.523150e+02 2.199430e+19 6.501070e+03 1.492730e+03 5.135620e+02 6.440830e+03 7.500960e+02 0.000000e+00 1.142540e-05 0.000000e+00 0.000000e+00 0.000000e+00 0.000000e+00 0.000000e+00 0.000000e+00 0.000000e+00 -1.000000e+00 2.740120e-01 7.438970e-01 0.000000e+00 
1.543500e+02 2.228810e+19 6.514640e+03 1.590450e+03 5.271310e+02 6.428420e+03 7.681180e+02 0.000000e+00 1.372190e-05 0.000000e+00 0.000000e+00 0.000000e+00 0.000000e+00 0.000000e+00 0.000000e+00 0.000000e+00 -1.000000e+00 2.902580e-01 7.457890e-01 0.000000e+00 
1.543500e+02 2.228810e+19 6.514640e+03 1.590450e+03 5.271310e+02 6.428420e+03 7.681180e+02 0.000000e+00 1.659610e-05 0.000000e+00 0.000000e+00 8.640120e-12 0.000000e+00 0.000000e+00 0.000000e+00 0.000000e+00 -1.000000e+00 3.087340e-01 7.479960e-01 0.000000e+00 
1.589600e+02 2.295380e+19 6.511850e+03 1.610340e+03 5.451440e+02 6.410300e+03 8.025820e+02 0.000000e+00 1.780050e-05 0.000000e+00 0.000000e+00 0.000000e+00 0.000000e+00 0.000000e+00 0.000000e+00 0.000000e+00 -1.000000e+00 3.172590e-01 7.490290e-01 0.000000e+00 
1.589600e+02 2.295380e+19 6.511850e+03 1.610340e+03 5.451440e+02 6.410300e+03 8.025820e+02 0.000000e+00 1.785810e-05 0.000000e+00 0.000000e+00 0.000000e+00 0.000000e+00 0.000000e+00 0.000000e+00 -0.000000e+00 -1.000000e+00 3.249960e-01 7.499980e-01 0.000000e+00 
1.589600e+02 2.295380e+19 6.511850e+03 1.610340e+03 5.451440e+02 6.410300e+03 8.025820e+02 0.000000e+00 1.791570e-05 0.000000e+00 0.000000e+00 0.000000e+00 0.000000e+00 0.000000e+00 0.000000e+00 0.000000e+00 -1.000000e+00 3.253660e-01 7.500440e-01 0.000000e+00 
1.589600e+02 2.295380e+19 6.511850e+03 1.610340e+03 5.451440e+02 6.410300e+03 8.025820e+02 0.000000e+00 1.797330e-05 0.000000e+00 0.000000e+00 0.000000e+00 0.000000e+00 0.000000e+00 0.000000e+00 0.000000e+00 -1.000000e+00 3.257350e-01 7.500900e-01 0.000000e+00 
1.589600e+02 2.295380e+19 6.511850e+03 1.610340e+03 5.451440e+02 6.410300e+03 8.025820e+02 0.000000e+00 1.803100e-05 0.000000e+00 0.000000e+00 0.000000e+00 0.000000e+00 0.000000e+00 0.000000e+00 -0.000000e+00 -1.000000e+00 3.261040e-01 7.501360e-01 0.000000e+00 
1.589600e+02 2.295380e+19 6.511850e+03 1.610340e+03 5.451440e+02 6.410300e+03 8.025820e+02 0.000000e+00 1.808860e-05 0.000000e+00 0.000000e+00 0.000000e+00 0.000000e+00 0.000000e+00 0.000000e+00 0.000000e+00 -1.000000e+00 3.264730e-01 7.501830e-01 0.000000e+00 
1.589600e+02 2.295380e+19 6.511850e+03 1.610340e+03 5.451440e+02 6.410300e+03 8.025820e+02 0.000000e+00 1.814620e-05 0.000000e+00 0.000000e+00 0.000000e+00 0.000000e+00 0.000000e+00 0.000000e+00 0.000000e+00 -1.000000e+00 3.268430e-01 7.502290e-01 0.000000e+00 
1.589600e+02 2.295380e+19 6.511850e+03 1.610340e+03 5.451440e+02 6.410300e+03 8.025820e+02 0.000000e+00 1.820380e-05 0.000000e+00 0.000000e+00 0.000000e+00 0.000000e+00 0.000000e+00 0.000000e+00 -0.000000e+00 -1.000000e+00 3.272120e-01 7.502750e-01 0.000000e+00 
1.589600e+02 2.295380e+19 6.511850e+03 1.610340e+03 5.451440e+02 6.410300e+03 8.025820e+02 0.000000e+00 1.826140e-05 0.000000e+00 0.000000e+00 0.000000e+00 0.000000e+00 0.000000e+00 0.000000e+00 0.000000e+00 -1.000000e+00 3.275810e-01 7.503210e-01 0.000000e+00 
1.589600e+02 2.295380e+19 6.511850e+03 1.610340e+03 5.451440e+02 6.410300e+03 8.025820e+02 0.000000e+00 1.831900e-05 0.000000e+00 0.000000e+00 0.000000e+00 0.000000e+00 0.000000e+00 0.000000e+00 0.000000e+00 -1.000000e+00 3.279510e-01 7.503680e-01 0.000000e+00 
1.589600e+02 2.295380e+19 6.511850e+03 1.610340e+03 5.451440e+02 6.410300e+03 8.025820e+02 0.000000e+00 1.837660e-05 0.000000e+00 0.000000e+00 0.000000e+00 0.000000e+00 0.000000e+00 0.000000e+00 -0.000000e+00 -1.000000e+00 3.283200e-01 7.504140e-01 0.000000e+00 
1.589600e+02 2.295380e+19 6.511850e+03 1.610340e+03 5.451440e+02 6.410300e+03 8.025820e+02 0.000000e+00 1.843420e-05 0.000000e+00 0.000000e+00 0.000000e+00 0.000000e+00 0.000000e+00 0.000000e+00 0.000000e+00 -1.000000e+00 3.286890e-01 7.504600e-01 0.000000e+00 
1.589600e+02 2.295380e+19 6.511850e+03 1.610340e+03 5.451440e+02 6.410300e+03 8.025820e+02 0.000000e+00 1.849180e-05 0.000000e+00 0.000000e+00 0.000000e+00 0.000000e+00 0.000000e+00 0.000000e+00 0.000000e+00 -1.000000e+00 3.290580e-01 7.505060e-01 0.000000e+00 
1.589600e+02 2.295380e+19 6.511850e+03 1.610340e+03 5.451440e+02 6.410300e+03 8.025820e+02 0.000000e+00 1.854940e-05 0.000000e+00 0.000000e+00 0.000000e+00 0.000000e+00 0.000000e+00 0.000000e+00 0.000000e+00 -1.000000e+00 3.294280e-01 7.505530e-01 0.000000e+00 
1.589600e+02 2.295380e+19 6.511850e+03 1.610340e+03 5.451440e+02 6.410300e+03 8.025820e+02 0.000000e+00 1.860700e-05 0.000000e+00 0.000000e+00 0.000000e+00 0.000000e+00 0.000000e+00 0.000000e+00 -0.000000e+00 -1.000000e+00 3.297970e-01 7.505990e-01 0.000000e+00 
1.589600e+02 2.295380e+19 6.511850e+03 1.610340e+03 5.451440e+02 6.410300e+03 8.025820e+02 0.000000e+00 1.866460e-05 0.000000e+00 0.000000e+00 0.000000e+00 0.000000e+00 0.000000e+00 0.000000e+00 0.000000e+00 -1.000000e+00 3.301660e-01 7.506450e-01 0.000000e+00 
1.589600e+02 2.295380e+19 6.511850e+03 1.610340e+03 5.451440e+02 6.410300e+03 8.025820e+02 0.000000e+00 1.872220e-05 0.000000e+00 0.000000e+00 0.000000e+00 0.000000e+00 0.000000e+00 0.000000e+00 0.000000e+00 -1.000000e+00 3.305360e-01 7.506910e-01 0.000000e+00 
1.589600e+02 2.295380e+19 6.511850e+03 1.610340e+03 5.451440e+02 6.410300e+03 8.025820e+02 0.000000e+00 1.877990e-05 0.000000e+00 0.000000e+00 0.000000e+00 0.000000e+00 0.000000e+00 0.000000e+00 -0.000000e+00 -1.000000e+00 3.309050e-01 7.507380e-01 0.000000e+00 
1.589600e+02 2.295380e+19 6.511850e+03 1.610340e+03 5.451440e+02 6.410300e+03 8.025820e+02 0.000000e+00 1.883750e-05 0.000000e+00 0.000000e+00 0.000000e+00 0.000000e+00 0.000000e+00 0.000000e+00 0.000000e+00 -1.000000e+00 3.312740e-01 7.507840e-01 0.000000e+00 
1.589600e+02 2.295380e+19 6.511850e+03 1.610340e+03 5.451440e+02 6.410300e+03 8.025820e+02 0.000000e+00 1.889510e-05 0.000000e+00 0.000000e+00 0.000000e+00 0.000000e+00 0.000000e+00 0.000000e+00 0.000000e+00 -1.000000e+00 3.316430e-01 7.508300e-01 0.000000e+00 
1.589600e+02 2.295380e+19 6.511850e+03 1.610340e+03 5.451440e+02 6.410300e+03 8.025820e+02 0.000000e+00 1.895270e-05 0.000000e+00 0.000000e+00 0.000000e+00 0.000000e+00 0.000000e+00 0.000000e+00 -0.000000e+00 -1.000000e+00 3.320130e-01 7.508760e-01 0.000000e+00 
1.589600e+02 2.295380e+19 6.511850e+03 1.610340e+03 5.451440e+02 6.410300e+03 8.025820e+02 0.000000e+00 1.901030e-05 0.000000e+00 0.000000e+00 0.000000e+00 0.000000e+00 0.000000e+00 0.000000e+00 0.000000e+00 -1.000000e+00 3.323820e-01 7.509220e-01 0.000000e+00 
1.589600e+02 2.295380e+19 6.511850e+03 1.610340e+03 5.451440e+02 6.410300e+03 8.025820e+02 0.000000e+00 1.906790e-05 0.000000e+00 0.000000e+00 0.000000e+00 0.000000e+00 0.000000e+00 0.000000e+00 0.000000e+00 -1.000000e+00 3.327510e-01 7.509690e-01 0.000000e+00 
1.589600e+02 2.295380e+19 6.511850e+03 1.610340e+03 5.451440e+02 6.410300e+03 8.025820e+02 0.000000e+00 1.912550e-05 0.000000e+00 0.000000e+00 0.000000e+00 0.000000e+00 0.000000e+00 0.000000e+00 -0.000000e+00 -1.000000e+00 3.331200e-01 7.510150e-01 0.000000e+00 
1.589600e+02 2.295380e+19 6.511850e+03 1.610340e+03 5.451440e+02 6.410300e+03 8.025820e+02 0.000000e+00 1.918310e-05 0.000000e+00 0.000000e+00 -1.728020e-11 0.000000e+00 0.000000e+00 0.000000e+00 0.000000e+00 -1.000000e+00 3.334900e-01 7.510610e-01 0.000000e+00 
1.589600e+02 2.295380e+19 6.511850e+03 1.610340e+03 5.451440e+02 6.410300e+03 8.025820e+02 0.000000e+00 1.924070e-05 0.000000e+00 0.000000e+00 -8.640120e-12 0.000000e+00 0.000000e+00 0.000000e+00 0.000000e+00 -1.000000e+00 3.338590e-01 7.511070e-01 0.000000e+00 
1.589600e+02 2.295380e+19 6.511850e+03 1.610340e+03 5.451440e+02 6.410300e+03 8.025820e+02 0.000000e+00 1.929830e-05 0.000000e+00 0.000000e+00 1.728020e-11 0.000000e+00 0.000000e+00 0.000000e+00 0.000000e+00 -1.000000e+00 3.342280e-01 7.511540e-01 0.000000e+00 
1.589600e+02 2.295380e+19 6.511850e+03 1.610340e+03 5.451440e+02 6.410300e+03 8.025820e+02 0.000000e+00 1.935590e-05 0.000000e+00 0.000000e+00 -8.640120e-12 0.000000e+00 0.000000e+00 0.000000e+00 -0.000000e+00 -1.000000e+00 3.345980e-01 7.512000e-01 0.000000e+00 
1.589600e+02 2.295380e+19 6.511850e+03 1.610340e+03 5.451440e+02 6.410300e+03 8.025820e+02 0.000000e+00 1.941350e-05 0.000000e+00 0.000000e+00 8.640120e-12 0.000000e+00 0.000000e+00 0.000000e+00 0.000000e+00 -1.000000e+00 3.349670e-01 7.512460e-01 0.000000e+00 
1.589600e+02 2.295380e+19 6.511850e+03 1.610340e+03 5.451440e+02 6.410300e+03 8.025820e+02 0.000000e+00 1.947110e-05 0.000000e+00 0.000000e+00 -1.728020e-11 0.000000e+00 0.000000e+00 0.000000e+00 0.000000e+00 -1.000000e+00 3.353360e-01 7.512920e-01 0.000000e+00 
1.589600e+02 2.295380e+19 6.511850e+03 1.610340e+03 5.451440e+02 6.410300e+03 8.025820e+02 0.000000e+00 1.952880e-05 0.000000e+00 0.000000e+00 8.640120e-12 0.000000e+00 0.000000e+00 0.000000e+00 -0.000000e+00 -1.000000e+00 3.357050e-01 7.513390e-01 0.000000e+00 
1.589600e+02 2.295380e+19 6.511850e+03 1.610340e+03 5.451440e+02 6.410300e+03 8.025820e+02 0.000000e+00 1.958640e-05 0.000000e+00 0.000000e+00 -1.728020e-11 0.000000e+00 0.000000e+00 0.000000e+00 0.000000e+00 -1.000000e+00 3.360750e-01 7.513850e-01 0.000000e+00 
1.589600e+02 2.295380e+19 6.511850e+03 1.610340e+03 5.451440e+02 6.410300e+03 8.025820e+02 0.000000e+00 1.964400e-05 0.000000e+00 0.000000e+00 0.000000e+00 0.000000e+00 0.000000e+00 0.000000e+00 0.000000e+00 -1.000000e+00 3.364440e-01 7.514310e-01 0.000000e+00 
1.589600e+02 2.295380e+19 6.511850e+03 1.610340e+03 5.451440e+02 6.410300e+03 8.025820e+02 0.000000e+00 1.970160e-05 0.000000e+00 0.000000e+00 8.640120e-12 0.000000e+00 0.000000e+00 0.000000e+00 -0.000000e+00 -1.000000e+00 3.368130e-01 7.514770e-01 0.000000e+00 
1.589600e+02 2.295380e+19 6.511850e+03 1.610340e+03 5.451440e+02 6.410300e+03 8.025820e+02 0.000000e+00 1.975920e-05 0.000000e+00 0.000000e+00 0.000000e+00 0.000000e+00 0.000000e+00 0.000000e+00 0.000000e+00 -1.000000e+00 3.371830e-01 7.515230e-01 0.000000e+00 
1.589600e+02 2.295380e+19 6.511850e+03 1.610340e+03 5.451440e+02 6.410300e+03 8.025820e+02 0.000000e+00 1.981680e-05 0.000000e+00 0.000000e+00 0.000000e+00 0.000000e+00 0.000000e+00 0.000000e+00 0.000000e+00 -1.000000e+00 3.375520e-01 7.515700e-01 0.000000e+00 
1.589600e+02 2.295380e+19 6.511850e+03 1.610340e+03 5.451440e+02 6.410300e+03 8.025820e+02 0.000000e+00 1.987440e-05 0.000000e+00 0.000000e+00 -8.640120e-12 0.000000e+00 0.000000e+00 0.000000e+00 -0.000000e+00 -1.000000e+00 3.379210e-01 7.516160e-01 0.000000e+00 
1.589600e+02 2.295380e+19 6.511850e+03 1.610340e+03 5.451440e+02 6.410300e+03 8.025820e+02 0.000000e+00 1.993200e-05 0.000000e+00 0.000000e+00 8.640120e-12 0.000000e+00 0.000000e+00 0.000000e+00 0.000000e+00 -1.000000e+00 3.382900e-01 7.516620e-01 0.000000e+00 
1.589600e+02 2.295380e+19 6.511850e+03 1.610340e+03 5.451440e+02 6.410300e+03 8.025820e+02 0.000000e+00 1.998960e-05 0.000000e+00 0.000000e+00 -1.296020e-11 0.000000e+00 0.000000e+00 0.000000e+00 0.000000e+00 -1.000000e+00 3.386600e-01 7.517080e-01 0.000000e+00 
1.589600e+02 2.295380e+19 6.511850e+03 1.610340e+03 5.451440e+02 6.410300e+03 8.025820e+02 0.000000e+00 2.004720e-05 0.000000e+00 0.000000e+00 0.000000e+00 0.000000e+00 0.000000e+00 0.000000e+00 0.000000e+00 -1.000000e+00 3.390290e-01 7.517550e-01 0.000000e+00 
1.589600e+02 2.295380e+19 6.511850e+03 1.610340e+03 5.451440e+02 6.410300e+03 8.025820e+02 0.000000e+00 2.010480e-05 0.000000e+00 0.000000e+00 1.728020e-11 0.000000e+00 0.000000e+00 0.000000e+00 -0.000000e+00 -1.000000e+00 3.393980e-01 7.518010e-01 0.000000e+00 
1.589600e+02 2.295380e+19 6.511850e+03 1.610340e+03 5.451440e+02 6.410300e+03 8.025820e+02 0.000000e+00 2.016240e-05 0.000000e+00 0.000000e+00 -4.320060e-12 0.000000e+00 0.000000e+00 0.000000e+00 0.000000e+00 -1.000000e+00 3.397680e-01 7.518470e-01 0.000000e+00 
1.589600e+02 2.295380e+19 6.511850e+03 1.610340e+03 5.451440e+02 6.410300e+03 8.025820e+02 0.000000e+00 2.022000e-05 0.000000e+00 0.000000e+00 1.080010e-11 0.000000e+00 0.000000e+00 0.000000e+00 0.000000e+00 -1.000000e+00 3.401370e-01 7.518930e-01 0.000000e+00 
1.589600e+02 2.295380e+19 6.511850e+03 1.610340e+03 5.451440e+02 6.410300e+03 8.025820e+02 0.000000e+00 2.027770e-05 0.000000e+00 0.000000e+00 -6.480090e-12 0.000000e+00 0.000000e+00 0.000000e+00 -0.000000e+00 -1.000000e+00 3.405060e-01 7.519400e-01 0.000000e+00 
1.589600e+02 2.295380e+19 6.511850e+03 1.610340e+03 5.451440e+02 6.410300e+03 8.025820e+02 0.000000e+00 2.033530e-05 0.000000e+00 0.000000e+00 2.160030e-12 0.000000e+00 0.000000e+00 0.000000e+00 0.000000e+00 -1.000000e+00 3.408750e-01 7.519860e-01 0.000000e+00 
1.589600e+02 2.295380e+19 6.511850e+03 1.610340e+03 5.451440e+02 6.410300e+03 8.025820e+02 0.000000e+00 2.039290e-05 0.000000e+00 0.000000e+00 -1.296020e-11 0.000000e+00 0.000000e+00 0.000000e+00 0.000000e+00 -1.000000e+00 3.412450e-01 7.520320e-01 0.000000e+00 
1.589600e+02 2.295380e+19 6.511850e+03 1.610340e+03 5.451440e+02 6.410300e+03 8.025820e+02 0.000000e+00 2.045050e-05 0.000000e+00 0.000000e+00 -3.240040e-12 0.000000e+00 0.000000e+00 0.000000e+00 -0.000000e+00 -1.000000e+00 3.416140e-01 7.520780e-01 0.000000e+00 
1.589600e+02 2.295380e+19 6.511850e+03 1.610340e+03 5.451440e+02 6.410300e+03 8.025820e+02 0.000000e+00 2.050810e-05 0.000000e+00 0.000000e+00 -6.345080e-12 0.000000e+00 0.000000e+00 0.000000e+00 0.000000e+00 -1.000000e+00 3.419830e-01 7.521250e-01 0.000000e+00 
1.607300e+02 2.320940e+19 6.621180e+03 1.688970e+03 5.634750e+02 6.398450e+03 8.411670e+02 0.000000e+00 2.056570e-05 0.000000e+00 0.000000e+00 0.000000e+00 0.000000e+00 0.000000e+00 0.000000e+00 0.000000e+00 -1.000000e+00 3.423520e-01 7.521720e-01 0.000000e+00 
1.607300e+02 2.320940e+19 6.621180e+03 1.688970e+03 5.634750e+02 6.398450e+03 8.411670e+02 0.000000e+00 2.062340e-05 0.000000e+00 0.000000e+00 0.000000e+00 0.000000e+00 0.000000e+00 0.000000e+00 0.000000e+00 -1.000000e+00 3.427210e-01 7.522200e-01 0.000000e+00 
1.607300e+02 2.320940e+19 6.621180e+03 1.688970e+03 5.634750e+02 6.398450e+03 8.411670e+02 0.000000e+00 2.068100e-05 0.000000e+00 0.000000e+00 0.000000e+00 0.000000e+00 0.000000e+00 0.000000e+00 0.000000e+00 -1.000000e+00 3.430900e-01 7.522690e-01 0.000000e+00 
1.607300e+02 2.320940e+19 6.621180e+03 1.688970e+03 5.634750e+02 6.398450e+03 8.411670e+02 0.000000e+00 2.073870e-05 0.000000e+00 0.000000e+00 0.000000e+00 0.000000e+00 0.000000e+00 0.000000e+00 -0.000000e+00 -1.000000e+00 3.434590e-01 7.523170e-01 0.000000e+00 
1.607300e+02 2.320940e+19 6.621180e+03 1.688970e+03 5.634750e+02 6.398450e+03 8.411670e+02 0.000000e+00 2.079640e-05 0.000000e+00 0.000000e+00 0.000000e+00 0.000000e+00 0.000000e+00 0.000000e+00 0.000000e+00 -1.000000e+00 3.438280e-01 7.523660e-01 0.000000e+00 
1.607300e+02 2.320940e+19 6.621180e+03 1.688970e+03 5.634750e+02 6.398450e+03 8.411670e+02 0.000000e+00 2.085400e-05 0.000000e+00 0.000000e+00 0.000000e+00 0.000000e+00 0.000000e+00 0.000000e+00 -0.000000e+00 -1.000000e+00 3.441970e-01 7.524140e-01 0.000000e+00 
1.607300e+02 2.320940e+19 6.621180e+03 1.688970e+03 5.634750e+02 6.398450e+03 8.411670e+02 0.000000e+00 2.091170e-05 0.000000e+00 0.000000e+00 0.000000e+00 0.000000e+00 0.000000e+00 0.000000e+00 0.000000e+00 -1.000000e+00 3.445660e-01 7.524630e-01 0.000000e+00 
1.607300e+02 2.320940e+19 6.621180e+03 1.688970e+03 5.634750e+02 6.398450e+03 8.411670e+02 0.000000e+00 2.096940e-05 0.000000e+00 0.000000e+00 0.000000e+00 0.000000e+00 0.000000e+00 0.000000e+00 0.000000e+00 -1.000000e+00 3.449350e-01 7.525120e-01 0.000000e+00 
1.607300e+02 2.320940e+19 6.621180e+03 1.688970e+03 5.634750e+02 6.398450e+03 8.411670e+02 0.000000e+00 2.102700e-05 0.000000e+00 0.000000e+00 0.000000e+00 0.000000e+00 0.000000e+00 0.000000e+00 0.000000e+00 -1.000000e+00 3.453040e-01 7.525600e-01 0.000000e+00 
1.607300e+02 2.320940e+19 6.621180e+03 1.688970e+03 5.634750e+02 6.398450e+03 8.411670e+02 0.000000e+00 2.108470e-05 0.000000e+00 0.000000e+00 0.000000e+00 0.000000e+00 0.000000e+00 0.000000e+00 -0.000000e+00 -1.000000e+00 3.456730e-01 7.526090e-01 0.000000e+00 
1.607300e+02 2.320940e+19 6.621180e+03 1.688970e+03 5.634750e+02 6.398450e+03 8.411670e+02 0.000000e+00 2.114240e-05 0.000000e+00 0.000000e+00 0.000000e+00 0.000000e+00 0.000000e+00 0.000000e+00 -0.000000e+00 -1.000000e+00 3.460420e-01 7.526570e-01 0.000000e+00 
1.607300e+02 2.320940e+19 6.621180e+03 1.688970e+03 5.634750e+02 6.398450e+03 8.411670e+02 0.000000e+00 2.120000e-05 0.000000e+00 0.000000e+00 0.000000e+00 0.000000e+00 0.000000e+00 0.000000e+00 0.000000e+00 -1.000000e+00 3.464110e-01 7.527060e-01 0.000000e+00 
1.607300e+02 2.320940e+19 6.621180e+03 1.688970e+03 5.634750e+02 6.398450e+03 8.411670e+02 0.000000e+00 2.125770e-05 0.000000e+00 0.000000e+00 0.000000e+00 0.000000e+00 0.000000e+00 0.000000e+00 0.000000e+00 -1.000000e+00 3.467800e-01 7.527540e-01 0.000000e+00 
1.607300e+02 2.320940e+19 6.621180e+03 1.688970e+03 5.634750e+02 6.398450e+03 8.411670e+02 0.000000e+00 2.131540e-05 0.000000e+00 0.000000e+00 0.000000e+00 0.000000e+00 0.000000e+00 0.000000e+00 -0.000000e+00 -1.000000e+00 3.471490e-01 7.528030e-01 0.000000e+00 
1.607300e+02 2.320940e+19 6.621180e+03 1.688970e+03 5.634750e+02 6.398450e+03 8.411670e+02 0.000000e+00 2.137300e-05 0.000000e+00 0.000000e+00 3.456050e-11 0.000000e+00 0.000000e+00 0.000000e+00 0.000000e+00 -1.000000e+00 3.475180e-01 7.528510e-01 0.000000e+00 
1.607300e+02 2.320940e+19 6.621180e+03 1.688970e+03 5.634750e+02 6.398450e+03 8.411670e+02 0.000000e+00 2.143070e-05 0.000000e+00 0.000000e+00 0.000000e+00 0.000000e+00 0.000000e+00 0.000000e+00 0.000000e+00 -1.000000e+00 3.478870e-01 7.529000e-01 0.000000e+00 
1.607300e+02 2.320940e+19 6.621180e+03 1.688970e+03 5.634750e+02 6.398450e+03 8.411670e+02 0.000000e+00 2.148840e-05 0.000000e+00 0.000000e+00 0.000000e+00 0.000000e+00 0.000000e+00 0.000000e+00 -0.000000e+00 -1.000000e+00 3.482560e-01 7.529480e-01 0.000000e+00 
1.607300e+02 2.320940e+19 6.621180e+03 1.688970e+03 5.634750e+02 6.398450e+03 8.411670e+02 0.000000e+00 2.154610e-05 0.000000e+00 0.000000e+00 0.000000e+00 0.000000e+00 0.000000e+00 0.000000e+00 0.000000e+00 -1.000000e+00 3.486250e-01 7.529970e-01 0.000000e+00 
1.607300e+02 2.320940e+19 6.621180e+03 1.688970e+03 5.634750e+02 6.398450e+03 8.411670e+02 0.000000e+00 2.160370e-05 0.000000e+00 0.000000e+00 0.000000e+00 0.000000e+00 0.000000e+00 0.000000e+00 0.000000e+00 -1.000000e+00 3.489940e-01 7.530450e-01 0.000000e+00 
1.607300e+02 2.320940e+19 6.621180e+03 1.688970e+03 5.634750e+02 6.398450e+03 8.411670e+02 0.000000e+00 2.166140e-05 0.000000e+00 0.000000e+00 -3.456050e-11 0.000000e+00 0.000000e+00 0.000000e+00 0.000000e+00 -1.000000e+00 3.493630e-01 7.530940e-01 0.000000e+00 
1.607300e+02 2.320940e+19 6.621180e+03 1.688970e+03 5.634750e+02 6.398450e+03 8.411670e+02 0.000000e+00 2.171910e-05 0.000000e+00 0.000000e+00 0.000000e+00 0.000000e+00 0.000000e+00 0.000000e+00 0.000000e+00 -1.000000e+00 3.497320e-01 7.531420e-01 0.000000e+00 
1.607300e+02 2.320940e+19 6.621180e+03 1.688970e+03 5.634750e+02 6.398450e+03 8.411670e+02 0.000000e+00 2.177670e-05 0.000000e+00 0.000000e+00 0.000000e+00 0.000000e+00 0.000000e+00 0.000000e+00 -0.000000e+00 -1.000000e+00 3.501010e-01 7.531910e-01 0.000000e+00 
1.607300e+02 2.320940e+19 6.621180e+03 1.688970e+03 5.634750e+02 6.398450e+03 8.411670e+02 0.000000e+00 2.183440e-05 0.000000e+00 0.000000e+00 0.000000e+00 0.000000e+00 0.000000e+00 0.000000e+00 0.000000e+00 -1.000000e+00 3.504700e-01 7.532390e-01 0.000000e+00 
1.607300e+02 2.320940e+19 6.621180e+03 1.688970e+03 5.634750e+02 6.398450e+03 8.411670e+02 0.000000e+00 2.189210e-05 0.000000e+00 0.000000e+00 0.000000e+00 0.000000e+00 0.000000e+00 0.000000e+00 -0.000000e+00 -1.000000e+00 3.508390e-01 7.532880e-01 0.000000e+00 
1.607300e+02 2.320940e+19 6.621180e+03 1.688970e+03 5.634750e+02 6.398450e+03 8.411670e+02 0.000000e+00 2.194970e-05 0.000000e+00 0.000000e+00 0.000000e+00 0.000000e+00 0.000000e+00 0.000000e+00 0.000000e+00 -1.000000e+00 3.512080e-01 7.533360e-01 0.000000e+00 
1.607300e+02 2.320940e+19 6.621180e+03 1.688970e+03 5.634750e+02 6.398450e+03 8.411670e+02 0.000000e+00 2.200740e-05 0.000000e+00 0.000000e+00 0.000000e+00 0.000000e+00 0.000000e+00 0.000000e+00 -0.000000e+00 -1.000000e+00 3.515770e-01 7.533850e-01 0.000000e+00 
1.607300e+02 2.320940e+19 6.621180e+03 1.688970e+03 5.634750e+02 6.398450e+03 8.411670e+02 0.000000e+00 2.206510e-05 0.000000e+00 0.000000e+00 0.000000e+00 0.000000e+00 0.000000e+00 0.000000e+00 0.000000e+00 -1.000000e+00 3.519460e-01 7.534330e-01 0.000000e+00 
1.607300e+02 2.320940e+19 6.621180e+03 1.688970e+03 5.634750e+02 6.398450e+03 8.411670e+02 0.000000e+00 2.212270e-05 0.000000e+00 0.000000e+00 1.728020e-11 0.000000e+00 0.000000e+00 0.000000e+00 0.000000e+00 -1.000000e+00 3.523150e-01 7.534820e-01 0.000000e+00 
1.607300e+02 2.320940e+19 6.621180e+03 1.688970e+03 5.634750e+02 6.398450e+03 8.411670e+02 0.000000e+00 2.218040e-05 0.000000e+00 0.000000e+00 1.728020e-11 0.000000e+00 0.000000e+00 0.000000e+00 0.000000e+00 -1.000000e+00 3.526840e-01 7.535300e-01 0.000000e+00 
1.607300e+02 2.320940e+19 6.621180e+03 1.688970e+03 5.634750e+02 6.398450e+03 8.411670e+02 0.000000e+00 2.223810e-05 0.000000e+00 0.000000e+00 1.728020e-11 0.000000e+00 0.000000e+00 0.000000e+00 -0.000000e+00 -1.000000e+00 3.530530e-01 7.535790e-01 0.000000e+00 
1.607300e+02 2.320940e+19 6.621180e+03 1.688970e+03 5.634750e+02 6.398450e+03 8.411670e+02 0.000000e+00 2.229570e-05 0.000000e+00 0.000000e+00 -1.728020e-11 0.000000e+00 0.000000e+00 0.000000e+00 0.000000e+00 -1.000000e+00 3.534220e-01 7.536270e-01 0.000000e+00 
1.607300e+02 2.320940e+19 6.621180e+03 1.688970e+03 5.634750e+02 6.398450e+03 8.411670e+02 0.000000e+00 2.235340e-05 0.000000e+00 0.000000e+00 1.728020e-11 0.000000e+00 0.000000e+00 0.000000e+00 0.000000e+00 -1.000000e+00 3.537910e-01 7.536760e-01 0.000000e+00 
1.607300e+02 2.320940e+19 6.621180e+03 1.688970e+03 5.634750e+02 6.398450e+03 8.411670e+02 0.000000e+00 2.241110e-05 0.000000e+00 0.000000e+00 0.000000e+00 0.000000e+00 0.000000e+00 0.000000e+00 0.000000e+00 -1.000000e+00 3.541600e-01 7.537240e-01 0.000000e+00 
1.607300e+02 2.320940e+19 6.621180e+03 1.688970e+03 5.634750e+02 6.398450e+03 8.411670e+02 0.000000e+00 2.246880e-05 0.000000e+00 0.000000e+00 0.000000e+00 0.000000e+00 0.000000e+00 0.000000e+00 0.000000e+00 -1.000000e+00 3.545290e-01 7.537730e-01 0.000000e+00 
1.607300e+02 2.320940e+19 6.621180e+03 1.688970e+03 5.634750e+02 6.398450e+03 8.411670e+02 0.000000e+00 2.252640e-05 0.000000e+00 0.000000e+00 0.000000e+00 0.000000e+00 0.000000e+00 0.000000e+00 -0.000000e+00 -1.000000e+00 3.548980e-01 7.538210e-01 0.000000e+00 
1.607300e+02 2.320940e+19 6.621180e+03 1.688970e+03 5.634750e+02 6.398450e+03 8.411670e+02 0.000000e+00 2.258410e-05 0.000000e+00 0.000000e+00 0.000000e+00 0.000000e+00 0.000000e+00 0.000000e+00 0.000000e+00 -1.000000e+00 3.552670e-01 7.538700e-01 0.000000e+00 
1.607300e+02 2.320940e+19 6.621180e+03 1.688970e+03 5.634750e+02 6.398450e+03 8.411670e+02 0.000000e+00 2.264180e-05 0.000000e+00 0.000000e+00 0.000000e+00 0.000000e+00 0.000000e+00 0.000000e+00 -0.000000e+00 -1.000000e+00 3.556360e-01 7.539180e-01 0.000000e+00 
1.607300e+02 2.320940e+19 6.621180e+03 1.688970e+03 5.634750e+02 6.398450e+03 8.411670e+02 0.000000e+00 2.269940e-05 0.000000e+00 0.000000e+00 0.000000e+00 0.000000e+00 0.000000e+00 0.000000e+00 0.000000e+00 -1.000000e+00 3.560050e-01 7.539670e-01 0.000000e+00 
1.607300e+02 2.320940e+19 6.621180e+03 1.688970e+03 5.634750e+02 6.398450e+03 8.411670e+02 0.000000e+00 2.275710e-05 0.000000e+00 0.000000e+00 0.000000e+00 0.000000e+00 0.000000e+00 0.000000e+00 -0.000000e+00 -1.000000e+00 3.563740e-01 7.540150e-01 0.000000e+00 
1.607300e+02 2.320940e+19 6.621180e+03 1.688970e+03 5.634750e+02 6.398450e+03 8.411670e+02 0.000000e+00 2.281480e-05 0.000000e+00 0.000000e+00 0.000000e+00 0.000000e+00 0.000000e+00 0.000000e+00 0.000000e+00 -1.000000e+00 3.567430e-01 7.540640e-01 0.000000e+00 
1.607300e+02 2.320940e+19 6.621180e+03 1.688970e+03 5.634750e+02 6.398450e+03 8.411670e+02 0.000000e+00 2.287240e-05 0.000000e+00 0.000000e+00 0.000000e+00 0.000000e+00 0.000000e+00 0.000000e+00 0.000000e+00 -1.000000e+00 3.571120e-01 7.541120e-01 0.000000e+00 
1.607300e+02 2.320940e+19 6.621180e+03 1.688970e+03 5.634750e+02 6.398450e+03 8.411670e+02 0.000000e+00 2.293010e-05 0.000000e+00 0.000000e+00 0.000000e+00 0.000000e+00 0.000000e+00 0.000000e+00 0.000000e+00 -1.000000e+00 3.574810e-01 7.541610e-01 0.000000e+00 
1.607300e+02 2.320940e+19 6.621180e+03 1.688970e+03 5.634750e+02 6.398450e+03 8.411670e+02 0.000000e+00 2.298780e-05 0.000000e+00 0.000000e+00 0.000000e+00 0.000000e+00 0.000000e+00 0.000000e+00 -0.000000e+00 -1.000000e+00 3.578500e-01 7.542090e-01 0.000000e+00 
1.607300e+02 2.320940e+19 6.621180e+03 1.688970e+03 5.634750e+02 6.398450e+03 8.411670e+02 0.000000e+00 2.304540e-05 0.000000e+00 0.000000e+00 0.000000e+00 0.000000e+00 0.000000e+00 0.000000e+00 0.000000e+00 -1.000000e+00 3.582190e-01 7.542580e-01 0.000000e+00 
1.607300e+02 2.320940e+19 6.621180e+03 1.688970e+03 5.634750e+02 6.398450e+03 8.411670e+02 0.000000e+00 2.310310e-05 0.000000e+00 0.000000e+00 0.000000e+00 0.000000e+00 0.000000e+00 0.000000e+00 0.000000e+00 -1.000000e+00 3.585880e-01 7.543060e-01 0.000000e+00 
1.607300e+02 2.320940e+19 6.621180e+03 1.688970e+03 5.634750e+02 6.398450e+03 8.411670e+02 0.000000e+00 2.316080e-05 0.000000e+00 0.000000e+00 0.000000e+00 0.000000e+00 0.000000e+00 0.000000e+00 0.000000e+00 -1.000000e+00 3.589570e-01 7.543550e-01 0.000000e+00 
1.607300e+02 2.320940e+19 6.621180e+03 1.688970e+03 5.634750e+02 6.398450e+03 8.411670e+02 0.000000e+00 2.321840e-05 0.000000e+00 0.000000e+00 1.728020e-11 0.000000e+00 0.000000e+00 0.000000e+00 -0.000000e+00 -1.000000e+00 3.593260e-01 7.544030e-01 0.000000e+00 
1.607300e+02 2.320940e+19 6.621180e+03 1.688970e+03 5.634750e+02 6.398450e+03 8.411670e+02 0.000000e+00 2.327610e-05 0.000000e+00 0.000000e+00 -1.728020e-11 0.000000e+00 0.000000e+00 0.000000e+00 0.000000e+00 -1.000000e+00 3.596950e-01 7.544520e-01 0.000000e+00 
1.607300e+02 2.320940e+19 6.621180e+03 1.688970e+03 5.634750e+02 6.398450e+03 8.411670e+02 0.000000e+00 2.333380e-05 0.000000e+00 0.000000e+00 -8.640120e-12 0.000000e+00 0.000000e+00 0.000000e+00 -0.000000e+00 -1.000000e+00 3.600640e-01 7.545000e-01 0.000000e+00 
1.607300e+02 2.320940e+19 6.621180e+03 1.688970e+03 5.634750e+02 6.398450e+03 8.411670e+02 0.000000e+00 2.339150e-05 0.000000e+00 0.000000e+00 0.000000e+00 0.000000e+00 0.000000e+00 0.000000e+00 0.000000e+00 -1.000000e+00 3.604330e-01 7.545490e-01 0.000000e+00 
1.607300e+02 2.320940e+19 6.621180e+03 1.688970e+03 5.634750e+02 6.398450e+03 8.411670e+02 0.000000e+00 2.344910e-05 0.000000e+00 0.000000e+00 8.640120e-12 0.000000e+00 0.000000e+00 0.000000e+00 -0.000000e+00 -1.000000e+00 3.608020e-01 7.545970e-01 0.000000e+00 
1.607300e+02 2.320940e+19 6.621180e+03 1.688970e+03 5.634750e+02 6.398450e+03 8.411670e+02 0.000000e+00 2.350680e-05 0.000000e+00 0.000000e+00 1.728020e-11 0.000000e+00 0.000000e+00 0.000000e+00 0.000000e+00 -1.000000e+00 3.611710e-01 7.546460e-01 0.000000e+00 
1.607300e+02 2.320940e+19 6.621180e+03 1.688970e+03 5.634750e+02 6.398450e+03 8.411670e+02 0.000000e+00 2.356450e-05 0.000000e+00 0.000000e+00 -8.640120e-12 0.000000e+00 0.000000e+00 0.000000e+00 0.000000e+00 -1.000000e+00 3.615400e-01 7.546940e-01 0.000000e+00 
1.607300e+02 2.320940e+19 6.621180e+03 1.688970e+03 5.634750e+02 6.398450e+03 8.411670e+02 0.000000e+00 2.362210e-05 0.000000e+00 0.000000e+00 8.640120e-12 0.000000e+00 0.000000e+00 0.000000e+00 0.000000e+00 -1.000000e+00 3.619090e-01 7.547430e-01 0.000000e+00 
1.607300e+02 2.320940e+19 6.621180e+03 1.688970e+03 5.634750e+02 6.398450e+03 8.411670e+02 0.000000e+00 2.367980e-05 0.000000e+00 0.000000e+00 -8.640120e-12 0.000000e+00 0.000000e+00 0.000000e+00 -0.000000e+00 -1.000000e+00 3.622780e-01 7.547910e-01 0.000000e+00 
1.607300e+02 2.320940e+19 6.621180e+03 1.688970e+03 5.634750e+02 6.398450e+03 8.411670e+02 0.000000e+00 2.373750e-05 0.000000e+00 0.000000e+00 -8.640120e-12 0.000000e+00 0.000000e+00 0.000000e+00 -0.000000e+00 -1.000000e+00 3.626470e-01 7.548400e-01 0.000000e+00 
1.607300e+02 2.320940e+19 6.621180e+03 1.688970e+03 5.634750e+02 6.398450e+03 8.411670e+02 0.000000e+00 2.379510e-05 0.000000e+00 0.000000e+00 0.000000e+00 0.000000e+00 0.000000e+00 0.000000e+00 0.000000e+00 -1.000000e+00 3.630160e-01 7.548880e-01 0.000000e+00 
1.607300e+02 2.320940e+19 6.621180e+03 1.688970e+03 5.634750e+02 6.398450e+03 8.411670e+02 0.000000e+00 2.385280e-05 0.000000e+00 0.000000e+00 8.640120e-12 0.000000e+00 0.000000e+00 0.000000e+00 0.000000e+00 -1.000000e+00 3.633850e-01 7.549370e-01 0.000000e+00 
1.607300e+02 2.320940e+19 6.621180e+03 1.688970e+03 5.634750e+02 6.398450e+03 8.411670e+02 0.000000e+00 2.391050e-05 0.000000e+00 0.000000e+00 -1.728020e-11 0.000000e+00 0.000000e+00 0.000000e+00 -0.000000e+00 -1.000000e+00 3.637540e-01 7.549850e-01 0.000000e+00 
1.607300e+02 2.320940e+19 6.621180e+03 1.688970e+03 5.634750e+02 6.398450e+03 8.411670e+02 0.000000e+00 2.396810e-05 0.000000e+00 0.000000e+00 -8.640120e-12 0.000000e+00 0.000000e+00 0.000000e+00 0.000000e+00 -1.000000e+00 3.641230e-01 7.550340e-01 0.000000e+00 
1.607300e+02 2.320940e+19 6.621180e+03 1.688970e+03 5.634750e+02 6.398450e+03 8.411670e+02 0.000000e+00 2.402580e-05 0.000000e+00 0.000000e+00 1.728020e-11 0.000000e+00 0.000000e+00 0.000000e+00 0.000000e+00 -1.000000e+00 3.644920e-01 7.550820e-01 0.000000e+00 
1.607300e+02 2.320940e+19 6.621180e+03 1.688970e+03 5.634750e+02 6.398450e+03 8.411670e+02 0.000000e+00 2.408350e-05 0.000000e+00 0.000000e+00 -1.728020e-11 0.000000e+00 0.000000e+00 0.000000e+00 -0.000000e+00 -1.000000e+00 3.648610e-01 7.551310e-01 0.000000e+00 
1.607300e+02 2.320940e+19 6.621180e+03 1.688970e+03 5.634750e+02 6.398450e+03 8.411670e+02 0.000000e+00 2.414110e-05 0.000000e+00 0.000000e+00 -4.320060e-12 0.000000e+00 0.000000e+00 0.000000e+00 0.000000e+00 -1.000000e+00 3.652300e-01 7.551790e-01 0.000000e+00 
1.607300e+02 2.320940e+19 6.621180e+03 1.688970e+03 5.634750e+02 6.398450e+03 8.411670e+02 0.000000e+00 2.419880e-05 0.000000e+00 0.000000e+00 4.320060e-12 0.000000e+00 0.000000e+00 0.000000e+00 -0.000000e+00 -1.000000e+00 3.655990e-01 7.552280e-01 0.000000e+00 
1.607300e+02 2.320940e+19 6.621180e+03 1.688970e+03 5.634750e+02 6.398450e+03 8.411670e+02 0.000000e+00 2.425650e-05 0.000000e+00 0.000000e+00 4.320060e-12 0.000000e+00 0.000000e+00 0.000000e+00 0.000000e+00 -1.000000e+00 3.659680e-01 7.552770e-01 0.000000e+00 
1.607300e+02 2.320940e+19 6.621180e+03 1.688970e+03 5.634750e+02 6.398450e+03 8.411670e+02 0.000000e+00 2.431410e-05 0.000000e+00 0.000000e+00 -1.512020e-11 0.000000e+00 0.000000e+00 0.000000e+00 0.000000e+00 -1.000000e+00 3.663370e-01 7.553250e-01 0.000000e+00 
1.607300e+02 2.320940e+19 6.621180e+03 1.688970e+03 5.634750e+02 6.398450e+03 8.411670e+02 0.000000e+00 2.437180e-05 0.000000e+00 0.000000e+00 -1.080010e-11 0.000000e+00 0.000000e+00 0.000000e+00 0.000000e+00 -1.000000e+00 3.667060e-01 7.553740e-01 0.000000e+00 
1.607300e+02 2.320940e+19 6.621180e+03 1.688970e+03 5.634750e+02 6.398450e+03 8.411670e+02 0.000000e+00 2.442950e-05 0.000000e+00 0.000000e+00 2.160030e-12 0.000000e+00 0.000000e+00 0.000000e+00 -0.000000e+00 -1.000000e+00 3.670750e-01 7.554220e-01 0.000000e+00 
1.607300e+02 2.320940e+19 6.621180e+03 1.688970e+03 5.634750e+02 6.398450e+03 8.411670e+02 0.000000e+00 2.448720e-05 0.000000e+00 0.000000e+00 6.480090e-12 0.000000e+00 0.000000e+00 0.000000e+00 -0.000000e+00 -1.000000e+00 3.674440e-01 7.554710e-01 0.000000e+00 
1.607300e+02 2.320940e+19 6.621180e+03 1.688970e+03 5.634750e+02 6.398450e+03 8.411670e+02 0.000000e+00 2.454480e-05 0.000000e+00 0.000000e+00 -1.404020e-11 0.000000e+00 0.000000e+00 0.000000e+00 0.000000e+00 -1.000000e+00 3.678130e-01 7.555190e-01 0.000000e+00 
1.607300e+02 2.320940e+19 6.621180e+03 1.688970e+03 5.634750e+02 6.398450e+03 8.411670e+02 0.000000e+00 2.460250e-05 0.000000e+00 0.000000e+00 -5.400070e-12 0.000000e+00 0.000000e+00 0.000000e+00 0.000000e+00 -1.000000e+00 3.681820e-01 7.555680e-01 0.000000e+00 
1.615300e+02 2.332490e+19 6.506800e+03 1.682780e+03 6.056620e+02 6.389740e+03 8.403240e+02 0.000000e+00 2.466020e-05 0.000000e+00 0.000000e+00 0.000000e+00 0.000000e+00 0.000000e+00 0.000000e+00 0.000000e+00 -1.000000e+00 3.685510e-01 7.556160e-01 0.000000e+00 
1.615300e+02 2.332490e+19 6.506800e+03 1.682780e+03 6.056620e+02 6.389740e+03 8.403240e+02 0.000000e+00 2.754750e-05 0.000000e+00 0.000000e+00 -8.640120e-12 0.000000e+00 0.000000e+00 0.000000e+00 0.000000e+00 -1.000000e+00 3.870000e-01 7.580420e-01 0.000000e+00 
1.656400e+02 2.391840e+19 6.601460e+03 1.771530e+03 6.045450e+02 6.366730e+03 8.861700e+02 0.000000e+00 3.043480e-05 0.000000e+00 0.000000e+00 0.000000e+00 0.000000e+00 0.000000e+00 0.000000e+00 0.000000e+00 -1.000000e+00 4.054400e-01 7.605380e-01 0.000000e+00 
1.683750e+02 2.431330e+19 6.522880e+03 1.809400e+03 5.878430e+02 6.358780e+03 9.038660e+02 0.000000e+00 3.277900e-05 0.000000e+00 0.000000e+00 0.000000e+00 0.000000e+00 0.000000e+00 0.000000e+00 -0.000000e+00 -1.000000e+00 4.217600e-01 7.628100e-01 0.000000e+00 
1.635300e+02 2.361370e+19 6.297200e+03 1.689880e+03 5.911840e+02 6.426790e+03 8.578800e+02 0.000000e+00 3.515880e-05 0.000000e+00 0.000000e+00 0.000000e+00 0.000000e+00 0.000000e+00 0.000000e+00 -0.000000e+00 -1.000000e+00 4.366940e-01 7.648160e-01 0.000000e+00 
1.646850e+02 2.378050e+19 6.203450e+03 1.721600e+03 6.064480e+02 6.420710e+03 8.610360e+02 0.000000e+00 3.802870e-05 0.000000e+00 0.000000e+00 3.456050e-11 0.000000e+00 0.000000e+00 0.000000e+00 0.000000e+00 -1.000000e+00 4.551380e-01 7.672830e-01 0.000000e+00 
1.646850e+02 2.378050e+19 6.203450e+03 1.721600e+03 6.064480e+02 6.420710e+03 8.610360e+02 0.000000e+00 4.090120e-05 0.000000e+00 0.000000e+00 9.180140e-12 0.000000e+00 0.000000e+00 0.000000e+00 0.000000e+00 -1.000000e+00 4.735810e-01 7.697570e-01 0.000000e+00 
1.684150e+02 2.431910e+19 6.211270e+03 1.761110e+03 5.904270e+02 6.404090e+03 8.835320e+02 0.000000e+00 4.377360e-05 0.000000e+00 0.000000e+00 -8.640130e-12 0.000000e+00 0.000000e+00 0.000000e+00 0.000000e+00 -1.000000e+00 4.920150e-01 7.722930e-01 0.000000e+00 
1.699800e+02 2.454510e+19 6.182680e+03 1.811740e+03 5.839190e+02 6.388660e+03 8.991100e+02 0.000000e+00 4.653460e-05 0.000000e+00 0.000000e+00 0.000000e+00 0.000000e+00 0.000000e+00 0.000000e+00 0.000000e+00 -1.000000e+00 5.104450e-01 7.748610e-01 0.000000e+00 
1.727550e+02 2.494580e+19 6.121770e+03 1.854070e+03 6.118670e+02 6.387190e+03 9.157750e+02 0.000000e+00 4.908150e-05 0.000000e+00 0.000000e+00 0.000000e+00 0.000000e+00 0.000000e+00 0.000000e+00 0.000000e+00 -1.000000e+00 5.281200e-01 7.773490e-01 0.000000e+00 
1.727550e+02 2.494580e+19 6.121770e+03 1.854070e+03 6.118670e+02 6.387190e+03 9.157750e+02 0.000000e+00 4.913920e-05 0.000000e+00 0.000000e+00 1.728030e-11 0.000000e+00 0.000000e+00 0.000000e+00 0.000000e+00 -1.000000e+00 5.443850e-01 7.796810e-01 0.000000e+00 
1.727550e+02 2.494580e+19 6.121770e+03 1.854070e+03 6.118670e+02 6.387190e+03 9.157750e+02 0.000000e+00 4.919690e-05 0.000000e+00 0.000000e+00 8.640130e-12 0.000000e+00 0.000000e+00 0.000000e+00 -0.000000e+00 -1.000000e+00 5.447540e-01 7.797340e-01 0.000000e+00 
1.727550e+02 2.494580e+19 6.121770e+03 1.854070e+03 6.118670e+02 6.387190e+03 9.157750e+02 0.000000e+00 4.925450e-05 0.000000e+00 0.000000e+00 0.000000e+00 0.000000e+00 0.000000e+00 0.000000e+00 -0.000000e+00 -1.000000e+00 5.451220e-01 7.797860e-01 0.000000e+00 
1.727550e+02 2.494580e+19 6.121770e+03 1.854070e+03 6.118670e+02 6.387190e+03 9.157750e+02 0.000000e+00 4.931220e-05 0.000000e+00 0.000000e+00 0.000000e+00 0.000000e+00 0.000000e+00 0.000000e+00 -0.000000e+00 -1.000000e+00 5.454910e-01 7.798390e-01 0.000000e+00 
1.727550e+02 2.494580e+19 6.121770e+03 1.854070e+03 6.118670e+02 6.387190e+03 9.157750e+02 0.000000e+00 4.936990e-05 0.000000e+00 0.000000e+00 -8.640130e-12 0.000000e+00 0.000000e+00 0.000000e+00 -0.000000e+00 -1.000000e+00 5.458590e-01 7.798920e-01 0.000000e+00 
1.727550e+02 2.494580e+19 6.121770e+03 1.854070e+03 6.118670e+02 6.387190e+03 9.157750e+02 0.000000e+00 4.942760e-05 0.000000e+00 0.000000e+00 1.728030e-11 0.000000e+00 0.000000e+00 0.000000e+00 0.000000e+00 -1.000000e+00 5.462280e-01 7.799450e-01 0.000000e+00 
1.727550e+02 2.494580e+19 6.121770e+03 1.854070e+03 6.118670e+02 6.387190e+03 9.157750e+02 0.000000e+00 4.948530e-05 0.000000e+00 0.000000e+00 0.000000e+00 0.000000e+00 0.000000e+00 0.000000e+00 0.000000e+00 -1.000000e+00 5.465960e-01 7.799980e-01 0.000000e+00 
1.727550e+02 2.494580e+19 6.121770e+03 1.854070e+03 6.118670e+02 6.387190e+03 9.157750e+02 0.000000e+00 4.954290e-05 0.000000e+00 0.000000e+00 8.640130e-12 0.000000e+00 0.000000e+00 0.000000e+00 -0.000000e+00 -1.000000e+00 5.469640e-01 7.800510e-01 0.000000e+00 
1.727550e+02 2.494580e+19 6.121770e+03 1.854070e+03 6.118670e+02 6.387190e+03 9.157750e+02 0.000000e+00 4.960060e-05 0.000000e+00 0.000000e+00 0.000000e+00 0.000000e+00 0.000000e+00 0.000000e+00 0.000000e+00 -1.000000e+00 5.473330e-01 7.801030e-01 0.000000e+00 
1.727550e+02 2.494580e+19 6.121770e+03 1.854070e+03 6.118670e+02 6.387190e+03 9.157750e+02 0.000000e+00 4.965830e-05 0.000000e+00 0.000000e+00 -8.640130e-12 0.000000e+00 0.000000e+00 0.000000e+00 -0.000000e+00 -1.000000e+00 5.477010e-01 7.801560e-01 0.000000e+00 
1.727550e+02 2.494580e+19 6.121770e+03 1.854070e+03 6.118670e+02 6.387190e+03 9.157750e+02 0.000000e+00 4.971600e-05 0.000000e+00 0.000000e+00 1.728030e-11 0.000000e+00 0.000000e+00 0.000000e+00 -0.000000e+00 -1.000000e+00 5.480690e-01 7.802090e-01 0.000000e+00 
1.727550e+02 2.494580e+19 6.121770e+03 1.854070e+03 6.118670e+02 6.387190e+03 9.157750e+02 0.000000e+00 4.977360e-05 0.000000e+00 0.000000e+00 1.728030e-11 0.000000e+00 0.000000e+00 0.000000e+00 0.000000e+00 -1.000000e+00 5.484380e-01 7.802620e-01 0.000000e+00 
1.727550e+02 2.494580e+19 6.121770e+03 1.854070e+03 6.118670e+02 6.387190e+03 9.157750e+02 0.000000e+00 4.983130e-05 0.000000e+00 0.000000e+00 0.000000e+00 0.000000e+00 0.000000e+00 0.000000e+00 0.000000e+00 -1.000000e+00 5.488060e-01 7.803150e-01 0.000000e+00 
1.727550e+02 2.494580e+19 6.121770e+03 1.854070e+03 6.118670e+02 6.387190e+03 9.157750e+02 0.000000e+00 4.988900e-05 0.000000e+00 0.000000e+00 0.000000e+00 0.000000e+00 0.000000e+00 0.000000e+00 -0.000000e+00 -1.000000e+00 5.491750e-01 7.803670e-01 0.000000e+00 
1.727550e+02 2.494580e+19 6.121770e+03 1.854070e+03 6.118670e+02 6.387190e+03 9.157750e+02 0.000000e+00 4.994670e-05 0.000000e+00 0.000000e+00 -1.296020e-11 0.000000e+00 0.000000e+00 0.000000e+00 0.000000e+00 -1.000000e+00 5.495430e-01 7.804200e-01 0.000000e+00 
1.727550e+02 2.494580e+19 6.121770e+03 1.854070e+03 6.118670e+02 6.387190e+03 9.157750e+02 0.000000e+00 5.000440e-05 0.000000e+00 0.000000e+00 1.296020e-11 0.000000e+00 0.000000e+00 0.000000e+00 -0.000000e+00 -1.000000e+00 5.499110e-01 7.804730e-01 0.000000e+00 
1.727550e+02 2.494580e+19 6.121770e+03 1.854070e+03 6.118670e+02 6.387190e+03 9.157750e+02 0.000000e+00 5.006200e-05 0.000000e+00 0.000000e+00 1.296020e-11 0.000000e+00 0.000000e+00 0.000000e+00 -0.000000e+00 -1.000000e+00 5.502800e-01 7.805260e-01 0.000000e+00 
1.727550e+02 2.494580e+19 6.121770e+03 1.854070e+03 6.118670e+02 6.387190e+03 9.157750e+02 0.000000e+00 5.011970e-05 0.000000e+00 0.000000e+00 0.000000e+00 0.000000e+00 0.000000e+00 0.000000e+00 0.000000e+00 -1.000000e+00 5.506480e-01 7.805790e-01 0.000000e+00 
1.727550e+02 2.494580e+19 6.121770e+03 1.854070e+03 6.118670e+02 6.387190e+03 9.157750e+02 0.000000e+00 5.017740e-05 0.000000e+00 0.000000e+00 -2.160030e-12 0.000000e+00 0.000000e+00 0.000000e+00 0.000000e+00 -1.000000e+00 5.510170e-01 7.806310e-01 0.000000e+00 
1.727550e+02 2.494580e+19 6.121770e+03 1.854070e+03 6.118670e+02 6.387190e+03 9.157750e+02 0.000000e+00 5.023510e-05 0.000000e+00 0.000000e+00 -1.080020e-11 0.000000e+00 0.000000e+00 0.000000e+00 -0.000000e+00 -1.000000e+00 5.513850e-01 7.806840e-01 0.000000e+00 
1.727550e+02 2.494580e+19 6.121770e+03 1.854070e+03 6.118670e+02 6.387190e+03 9.157750e+02 0.000000e+00 5.029270e-05 0.000000e+00 0.000000e+00 1.296020e-11 0.000000e+00 0.000000e+00 0.000000e+00 0.000000e+00 -1.000000e+00 5.517530e-01 7.807370e-01 0.000000e+00 
1.727550e+02 2.494580e+19 6.121770e+03 1.854070e+03 6.118670e+02 6.387190e+03 9.157750e+02 0.000000e+00 5.035040e-05 0.000000e+00 0.000000e+00 2.700040e-12 0.000000e+00 0.000000e+00 0.000000e+00 -0.000000e+00 -1.000000e+00 5.521220e-01 7.807900e-01 0.000000e+00 
1.727550e+02 2.494580e+19 6.121770e+03 1.854070e+03 6.118670e+02 6.387190e+03 9.157750e+02 0.000000e+00 5.040810e-05 0.000000e+00 0.000000e+00 5.400080e-13 0.000000e+00 0.000000e+00 0.000000e+00 0.000000e+00 -1.000000e+00 5.524900e-01 7.808430e-01 0.000000e+00 
1.740150e+02 2.512780e+19 6.102920e+03 1.859010e+03 6.332600e+02 6.374060e+03 9.432520e+02 0.000000e+00 5.046580e-05 0.000000e+00 0.000000e+00 0.000000e+00 0.000000e+00 0.000000e+00 0.000000e+00 0.000000e+00 -1.000000e+00 5.528590e-01 7.808960e-01 0.000000e+00 
1.740150e+02 2.512780e+19 6.102920e+03 1.859010e+03 6.332600e+02 6.374060e+03 9.432520e+02 0.000000e+00 5.052350e-05 0.000000e+00 0.000000e+00 0.000000e+00 0.000000e+00 0.000000e+00 0.000000e+00 -0.000000e+00 -1.000000e+00 5.532270e-01 7.809510e-01 0.000000e+00 
1.740150e+02 2.512780e+19 6.102920e+03 1.859010e+03 6.332600e+02 6.374060e+03 9.432520e+02 0.000000e+00 5.058130e-05 0.000000e+00 0.000000e+00 0.000000e+00 0.000000e+00 0.000000e+00 0.000000e+00 0.000000e+00 -1.000000e+00 5.535950e-01 7.810050e-01 0.000000e+00 
1.740150e+02 2.512780e+19 6.102920e+03 1.859010e+03 6.332600e+02 6.374060e+03 9.432520e+02 0.000000e+00 5.063900e-05 0.000000e+00 0.000000e+00 0.000000e+00 0.000000e+00 0.000000e+00 0.000000e+00 -0.000000e+00 -1.000000e+00 5.539630e-01 7.810600e-01 0.000000e+00 
1.740150e+02 2.512780e+19 6.102920e+03 1.859010e+03 6.332600e+02 6.374060e+03 9.432520e+02 0.000000e+00 5.069680e-05 0.000000e+00 0.000000e+00 0.000000e+00 0.000000e+00 0.000000e+00 0.000000e+00 0.000000e+00 -1.000000e+00 5.543310e-01 7.811140e-01 0.000000e+00 
1.740150e+02 2.512780e+19 6.102920e+03 1.859010e+03 6.332600e+02 6.374060e+03 9.432520e+02 0.000000e+00 5.075460e-05 0.000000e+00 0.000000e+00 -3.456050e-11 0.000000e+00 0.000000e+00 0.000000e+00 -0.000000e+00 -1.000000e+00 5.546990e-01 7.811690e-01 0.000000e+00 
1.740150e+02 2.512780e+19 6.102920e+03 1.859010e+03 6.332600e+02 6.374060e+03 9.432520e+02 0.000000e+00 5.081230e-05 0.000000e+00 0.000000e+00 0.000000e+00 0.000000e+00 0.000000e+00 0.000000e+00 0.000000e+00 -1.000000e+00 5.550670e-01 7.812230e-01 0.000000e+00 
1.740150e+02 2.512780e+19 6.102920e+03 1.859010e+03 6.332600e+02 6.374060e+03 9.432520e+02 0.000000e+00 5.087010e-05 0.000000e+00 0.000000e+00 0.000000e+00 0.000000e+00 0.000000e+00 0.000000e+00 -0.000000e+00 -1.000000e+00 5.554360e-01 7.812780e-01 0.000000e+00 
1.740150e+02 2.512780e+19 6.102920e+03 1.859010e+03 6.332600e+02 6.374060e+03 9.432520e+02 0.000000e+00 5.092780e-05 0.000000e+00 0.000000e+00 0.000000e+00 0.000000e+00 0.000000e+00 0.000000e+00 0.000000e+00 -1.000000e+00 5.558040e-01 7.813320e-01 0.000000e+00 
1.740150e+02 2.512780e+19 6.102920e+03 1.859010e+03 6.332600e+02 6.374060e+03 9.432520e+02 0.000000e+00 5.098560e-05 0.000000e+00 0.000000e+00 0.000000e+00 0.000000e+00 0.000000e+00 0.000000e+00 -0.000000e+00 -1.000000e+00 5.561720e-01 7.813870e-01 0.000000e+00 
1.740150e+02 2.512780e+19 6.102920e+03 1.859010e+03 6.332600e+02 6.374060e+03 9.432520e+02 0.000000e+00 5.104330e-05 0.000000e+00 0.000000e+00 0.000000e+00 0.000000e+00 0.000000e+00 0.000000e+00 0.000000e+00 -1.000000e+00 5.565400e-01 7.814410e-01 0.000000e+00 
1.740150e+02 2.512780e+19 6.102920e+03 1.859010e+03 6.332600e+02 6.374060e+03 9.432520e+02 0.000000e+00 5.110110e-05 0.000000e+00 0.000000e+00 0.000000e+00 0.000000e+00 0.000000e+00 0.000000e+00 -0.000000e+00 -1.000000e+00 5.569080e-01 7.814960e-01 0.000000e+00 
1.740150e+02 2.512780e+19 6.102920e+03 1.859010e+03 6.332600e+02 6.374060e+03 9.432520e+02 0.000000e+00 5.115890e-05 0.000000e+00 0.000000e+00 -3.456050e-11 0.000000e+00 0.000000e+00 0.000000e+00 0.000000e+00 -1.000000e+00 5.572760e-01 7.815500e-01 0.000000e+00 
1.740150e+02 2.512780e+19 6.102920e+03 1.859010e+03 6.332600e+02 6.374060e+03 9.432520e+02 0.000000e+00 5.121660e-05 0.000000e+00 0.000000e+00 0.000000e+00 0.000000e+00 0.000000e+00 0.000000e+00 -0.000000e+00 -1.000000e+00 5.576440e-01 7.816050e-01 0.000000e+00 
1.740150e+02 2.512780e+19 6.102920e+03 1.859010e+03 6.332600e+02 6.374060e+03 9.432520e+02 0.000000e+00 5.127440e-05 0.000000e+00 0.000000e+00 0.000000e+00 0.000000e+00 0.000000e+00 0.000000e+00 0.000000e+00 -1.000000e+00 5.580130e-01 7.816590e-01 0.000000e+00 
1.740150e+02 2.512780e+19 6.102920e+03 1.859010e+03 6.332600e+02 6.374060e+03 9.432520e+02 0.000000e+00 5.133210e-05 0.000000e+00 0.000000e+00 0.000000e+00 0.000000e+00 0.000000e+00 0.000000e+00 -0.000000e+00 -1.000000e+00 5.583810e-01 7.817140e-01 0.000000e+00 
1.740150e+02 2.512780e+19 6.102920e+03 1.859010e+03 6.332600e+02 6.374060e+03 9.432520e+02 0.000000e+00 5.138990e-05 0.000000e+00 0.000000e+00 0.000000e+00 0.000000e+00 0.000000e+00 0.000000e+00 0.000000e+00 -1.000000e+00 5.587490e-01 7.817680e-01 0.000000e+00 
1.740150e+02 2.512780e+19 6.102920e+03 1.859010e+03 6.332600e+02 6.374060e+03 9.432520e+02 0.000000e+00 5.144760e-05 0.000000e+00 0.000000e+00 0.000000e+00 0.000000e+00 0.000000e+00 0.000000e+00 -0.000000e+00 -1.000000e+00 5.591170e-01 7.818230e-01 0.000000e+00 
1.740150e+02 2.512780e+19 6.102920e+03 1.859010e+03 6.332600e+02 6.374060e+03 9.432520e+02 0.000000e+00 5.150540e-05 0.000000e+00 0.000000e+00 0.000000e+00 0.000000e+00 0.000000e+00 0.000000e+00 0.000000e+00 -1.000000e+00 5.594850e-01 7.818770e-01 0.000000e+00 
1.740150e+02 2.512780e+19 6.102920e+03 1.859010e+03 6.332600e+02 6.374060e+03 9.432520e+02 0.000000e+00 5.156320e-05 0.000000e+00 0.000000e+00 0.000000e+00 0.000000e+00 0.000000e+00 0.000000e+00 -0.000000e+00 -1.000000e+00 5.598530e-01 7.819320e-01 0.000000e+00 
1.740150e+02 2.512780e+19 6.102920e+03 1.859010e+03 6.332600e+02 6.374060e+03 9.432520e+02 0.000000e+00 5.162090e-05 0.000000e+00 0.000000e+00 0.000000e+00 0.000000e+00 0.000000e+00 0.000000e+00 0.000000e+00 -1.000000e+00 5.602210e-01 7.819860e-01 0.000000e+00 
1.740150e+02 2.512780e+19 6.102920e+03 1.859010e+03 6.332600e+02 6.374060e+03 9.432520e+02 0.000000e+00 5.167870e-05 0.000000e+00 0.000000e+00 0.000000e+00 0.000000e+00 0.000000e+00 0.000000e+00 -0.000000e+00 -1.000000e+00 5.605900e-01 7.820410e-01 0.000000e+00 
1.740150e+02 2.512780e+19 6.102920e+03 1.859010e+03 6.332600e+02 6.374060e+03 9.432520e+02 0.000000e+00 5.173640e-05 0.000000e+00 0.000000e+00 -3.456050e-11 0.000000e+00 0.000000e+00 0.000000e+00 0.000000e+00 -1.000000e+00 5.609580e-01 7.820950e-01 0.000000e+00 
1.740150e+02 2.512780e+19 6.102920e+03 1.859010e+03 6.332600e+02 6.374060e+03 9.432520e+02 0.000000e+00 5.179420e-05 0.000000e+00 0.000000e+00 -3.456050e-11 0.000000e+00 0.000000e+00 0.000000e+00 -0.000000e+00 -1.000000e+00 5.613260e-01 7.821490e-01 0.000000e+00 
1.740150e+02 2.512780e+19 6.102920e+03 1.859010e+03 6.332600e+02 6.374060e+03 9.432520e+02 0.000000e+00 5.185190e-05 0.000000e+00 0.000000e+00 3.456050e-11 0.000000e+00 0.000000e+00 0.000000e+00 0.000000e+00 -1.000000e+00 5.616940e-01 7.822040e-01 0.000000e+00 
1.740150e+02 2.512780e+19 6.102920e+03 1.859010e+03 6.332600e+02 6.374060e+03 9.432520e+02 0.000000e+00 5.190970e-05 0.000000e+00 0.000000e+00 0.000000e+00 0.000000e+00 0.000000e+00 0.000000e+00 -0.000000e+00 -1.000000e+00 5.620620e-01 7.822580e-01 0.000000e+00 
1.740150e+02 2.512780e+19 6.102920e+03 1.859010e+03 6.332600e+02 6.374060e+03 9.432520e+02 0.000000e+00 5.196750e-05 0.000000e+00 0.000000e+00 0.000000e+00 0.000000e+00 0.000000e+00 0.000000e+00 0.000000e+00 -1.000000e+00 5.624300e-01 7.823130e-01 0.000000e+00 
1.740150e+02 2.512780e+19 6.102920e+03 1.859010e+03 6.332600e+02 6.374060e+03 9.432520e+02 0.000000e+00 5.202520e-05 0.000000e+00 0.000000e+00 0.000000e+00 0.000000e+00 0.000000e+00 0.000000e+00 -0.000000e+00 -1.000000e+00 5.627990e-01 7.823670e-01 0.000000e+00 
1.740150e+02 2.512780e+19 6.102920e+03 1.859010e+03 6.332600e+02 6.374060e+03 9.432520e+02 0.000000e+00 5.208300e-05 0.000000e+00 0.000000e+00 0.000000e+00 0.000000e+00 0.000000e+00 0.000000e+00 0.000000e+00 -1.000000e+00 5.631670e-01 7.824220e-01 0.000000e+00 
1.740150e+02 2.512780e+19 6.102920e+03 1.859010e+03 6.332600e+02 6.374060e+03 9.432520e+02 0.000000e+00 5.214070e-05 0.000000e+00 0.000000e+00 0.000000e+00 0.000000e+00 0.000000e+00 0.000000e+00 -0.000000e+00 -1.000000e+00 5.635350e-01 7.824760e-01 0.000000e+00 
1.740150e+02 2.512780e+19 6.102920e+03 1.859010e+03 6.332600e+02 6.374060e+03 9.432520e+02 0.000000e+00 5.219850e-05 0.000000e+00 0.000000e+00 0.000000e+00 0.000000e+00 0.000000e+00 0.000000e+00 0.000000e+00 -1.000000e+00 5.639030e-01 7.825310e-01 0.000000e+00 
1.740150e+02 2.512780e+19 6.102920e+03 1.859010e+03 6.332600e+02 6.374060e+03 9.432520e+02 0.000000e+00 5.225620e-05 0.000000e+00 0.000000e+00 0.000000e+00 0.000000e+00 0.000000e+00 0.000000e+00 -0.000000e+00 -1.000000e+00 5.642710e-01 7.825850e-01 0.000000e+00 
1.740150e+02 2.512780e+19 6.102920e+03 1.859010e+03 6.332600e+02 6.374060e+03 9.432520e+02 0.000000e+00 5.231400e-05 0.000000e+00 0.000000e+00 1.728030e-11 0.000000e+00 0.000000e+00 0.000000e+00 0.000000e+00 -1.000000e+00 5.646390e-01 7.826400e-01 0.000000e+00 
1.740150e+02 2.512780e+19 6.102920e+03 1.859010e+03 6.332600e+02 6.374060e+03 9.432520e+02 0.000000e+00 5.237180e-05 0.000000e+00 0.000000e+00 -1.728030e-11 0.000000e+00 0.000000e+00 0.000000e+00 -0.000000e+00 -1.000000e+00 5.650070e-01 7.826940e-01 0.000000e+00 
1.740150e+02 2.512780e+19 6.102920e+03 1.859010e+03 6.332600e+02 6.374060e+03 9.432520e+02 0.000000e+00 5.242950e-05 0.000000e+00 0.000000e+00 1.728030e-11 0.000000e+00 0.000000e+00 0.000000e+00 0.000000e+00 -1.000000e+00 5.653760e-01 7.827490e-01 0.000000e+00 
1.740150e+02 2.512780e+19 6.102920e+03 1.859010e+03 6.332600e+02 6.374060e+03 9.432520e+02 0.000000e+00 5.248730e-05 0.000000e+00 0.000000e+00 -1.728030e-11 0.000000e+00 0.000000e+00 0.000000e+00 -0.000000e+00 -1.000000e+00 5.657440e-01 7.828030e-01 0.000000e+00 
1.740150e+02 2.512780e+19 6.102920e+03 1.859010e+03 6.332600e+02 6.374060e+03 9.432520e+02 0.000000e+00 5.254500e-05 0.000000e+00 0.000000e+00 0.000000e+00 0.000000e+00 0.000000e+00 0.000000e+00 0.000000e+00 -1.000000e+00 5.661120e-01 7.828580e-01 0.000000e+00 
1.740150e+02 2.512780e+19 6.102920e+03 1.859010e+03 6.332600e+02 6.374060e+03 9.432520e+02 0.000000e+00 5.260280e-05 0.000000e+00 0.000000e+00 0.000000e+00 0.000000e+00 0.000000e+00 0.000000e+00 -0.000000e+00 -1.000000e+00 5.664800e-01 7.829120e-01 0.000000e+00 
1.740150e+02 2.512780e+19 6.102920e+03 1.859010e+03 6.332600e+02 6.374060e+03 9.432520e+02 0.000000e+00 5.266060e-05 0.000000e+00 0.000000e+00 0.000000e+00 0.000000e+00 0.000000e+00 0.000000e+00 0.000000e+00 -1.000000e+00 5.668480e-01 7.829670e-01 0.000000e+00 
1.740150e+02 2.512780e+19 6.102920e+03 1.859010e+03 6.332600e+02 6.374060e+03 9.432520e+02 0.000000e+00 5.271830e-05 0.000000e+00 0.000000e+00 0.000000e+00 0.000000e+00 0.000000e+00 0.000000e+00 -0.000000e+00 -1.000000e+00 5.672160e-01 7.830210e-01 0.000000e+00 
1.740150e+02 2.512780e+19 6.102920e+03 1.859010e+03 6.332600e+02 6.374060e+03 9.432520e+02 0.000000e+00 5.277610e-05 0.000000e+00 0.000000e+00 0.000000e+00 0.000000e+00 0.000000e+00 0.000000e+00 0.000000e+00 -1.000000e+00 5.675840e-01 7.830760e-01 0.000000e+00 
1.740150e+02 2.512780e+19 6.102920e+03 1.859010e+03 6.332600e+02 6.374060e+03 9.432520e+02 0.000000e+00 5.283380e-05 0.000000e+00 0.000000e+00 0.000000e+00 0.000000e+00 0.000000e+00 0.000000e+00 -0.000000e+00 -1.000000e+00 5.679530e-01 7.831300e-01 0.000000e+00 
1.740150e+02 2.512780e+19 6.102920e+03 1.859010e+03 6.332600e+02 6.374060e+03 9.432520e+02 0.000000e+00 5.289160e-05 0.000000e+00 0.000000e+00 0.000000e+00 0.000000e+00 0.000000e+00 0.000000e+00 0.000000e+00 -1.000000e+00 5.683210e-01 7.831850e-01 0.000000e+00 
1.740150e+02 2.512780e+19 6.102920e+03 1.859010e+03 6.332600e+02 6.374060e+03 9.432520e+02 0.000000e+00 5.294930e-05 0.000000e+00 0.000000e+00 0.000000e+00 0.000000e+00 0.000000e+00 0.000000e+00 -0.000000e+00 -1.000000e+00 5.686890e-01 7.832390e-01 0.000000e+00 
1.740150e+02 2.512780e+19 6.102920e+03 1.859010e+03 6.332600e+02 6.374060e+03 9.432520e+02 0.000000e+00 5.300710e-05 0.000000e+00 0.000000e+00 0.000000e+00 0.000000e+00 0.000000e+00 0.000000e+00 0.000000e+00 -1.000000e+00 5.690570e-01 7.832940e-01 0.000000e+00 
1.740150e+02 2.512780e+19 6.102920e+03 1.859010e+03 6.332600e+02 6.374060e+03 9.432520e+02 0.000000e+00 5.306490e-05 0.000000e+00 0.000000e+00 0.000000e+00 0.000000e+00 0.000000e+00 0.000000e+00 -0.000000e+00 -1.000000e+00 5.694250e-01 7.833480e-01 0.000000e+00 
1.740150e+02 2.512780e+19 6.102920e+03 1.859010e+03 6.332600e+02 6.374060e+03 9.432520e+02 0.000000e+00 5.312260e-05 0.000000e+00 0.000000e+00 1.728030e-11 0.000000e+00 0.000000e+00 0.000000e+00 0.000000e+00 -1.000000e+00 5.697930e-01 7.834030e-01 0.000000e+00 
1.740150e+02 2.512780e+19 6.102920e+03 1.859010e+03 6.332600e+02 6.374060e+03 9.432520e+02 0.000000e+00 5.318040e-05 0.000000e+00 0.000000e+00 0.000000e+00 0.000000e+00 0.000000e+00 0.000000e+00 -0.000000e+00 -1.000000e+00 5.701610e-01 7.834570e-01 0.000000e+00 
1.740150e+02 2.512780e+19 6.102920e+03 1.859010e+03 6.332600e+02 6.374060e+03 9.432520e+02 0.000000e+00 5.323810e-05 0.000000e+00 0.000000e+00 8.640130e-12 0.000000e+00 0.000000e+00 0.000000e+00 0.000000e+00 -1.000000e+00 5.705300e-01 7.835110e-01 0.000000e+00 
1.740150e+02 2.512780e+19 6.102920e+03 1.859010e+03 6.332600e+02 6.374060e+03 9.432520e+02 0.000000e+00 5.329590e-05 0.000000e+00 0.000000e+00 8.640130e-12 0.000000e+00 0.000000e+00 0.000000e+00 -0.000000e+00 -1.000000e+00 5.708980e-01 7.835660e-01 0.000000e+00 
1.740150e+02 2.512780e+19 6.102920e+03 1.859010e+03 6.332600e+02 6.374060e+03 9.432520e+02 0.000000e+00 5.335360e-05 0.000000e+00 0.000000e+00 0.000000e+00 0.000000e+00 0.000000e+00 0.000000e+00 0.000000e+00 -1.000000e+00 5.712660e-01 7.836200e-01 0.000000e+00 
1.740150e+02 2.512780e+19 6.102920e+03 1.859010e+03 6.332600e+02 6.374060e+03 9.432520e+02 0.000000e+00 5.341140e-05 0.000000e+00 0.000000e+00 0.000000e+00 0.000000e+00 0.000000e+00 0.000000e+00 -0.000000e+00 -1.000000e+00 5.716340e-01 7.836750e-01 0.000000e+00 
1.740150e+02 2.512780e+19 6.102920e+03 1.859010e+03 6.332600e+02 6.374060e+03 9.432520e+02 0.000000e+00 5.346920e-05 0.000000e+00 0.000000e+00 -8.640130e-12 0.000000e+00 0.000000e+00 0.000000e+00 0.000000e+00 -1.000000e+00 5.720020e-01 7.837290e-01 0.000000e+00 
1.740150e+02 2.512780e+19 6.102920e+03 1.859010e+03 6.332600e+02 6.374060e+03 9.432520e+02 0.000000e+00 5.352690e-05 0.000000e+00 0.000000e+00 -8.640130e-12 0.000000e+00 0.000000e+00 0.000000e+00 -0.000000e+00 -1.000000e+00 5.723700e-01 7.837840e-01 0.000000e+00 
1.740150e+02 2.512780e+19 6.102920e+03 1.859010e+03 6.332600e+02 6.374060e+03 9.432520e+02 0.000000e+00 5.358470e-05 0.000000e+00 0.000000e+00 1.728030e-11 0.000000e+00 0.000000e+00 0.000000e+00 0.000000e+00 -1.000000e+00 5.727390e-01 7.838380e-01 0.000000e+00 
1.740150e+02 2.512780e+19 6.102920e+03 1.859010e+03 6.332600e+02 6.374060e+03 9.432520e+02 0.000000e+00 5.364240e-05 0.000000e+00 0.000000e+00 -1.728030e-11 0.000000e+00 0.000000e+00 0.000000e+00 -0.000000e+00 -1.000000e+00 5.731070e-01 7.838930e-01 0.000000e+00 
1.740150e+02 2.512780e+19 6.102920e+03 1.859010e+03 6.332600e+02 6.374060e+03 9.432520e+02 0.000000e+00 5.370020e-05 0.000000e+00 0.000000e+00 8.640130e-12 0.000000e+00 0.000000e+00 0.000000e+00 0.000000e+00 -1.000000e+00 5.734750e-01 7.839470e-01 0.000000e+00 
1.740150e+02 2.512780e+19 6.102920e+03 1.859010e+03 6.332600e+02 6.374060e+03 9.432520e+02 0.000000e+00 5.375790e-05 0.000000e+00 0.000000e+00 8.640130e-12 0.000000e+00 0.000000e+00 0.000000e+00 -0.000000e+00 -1.000000e+00 5.738430e-01 7.840020e-01 0.000000e+00 
1.740150e+02 2.512780e+19 6.102920e+03 1.859010e+03 6.332600e+02 6.374060e+03 9.432520e+02 0.000000e+00 5.381570e-05 0.000000e+00 0.000000e+00 -8.640130e-12 0.000000e+00 0.000000e+00 0.000000e+00 0.000000e+00 -1.000000e+00 5.742110e-01 7.840560e-01 0.000000e+00 
1.740150e+02 2.512780e+19 6.102920e+03 1.859010e+03 6.332600e+02 6.374060e+03 9.432520e+02 0.000000e+00 5.387350e-05 0.000000e+00 0.000000e+00 0.000000e+00 0.000000e+00 0.000000e+00 0.000000e+00 -0.000000e+00 -1.000000e+00 5.745790e-01 7.841110e-01 0.000000e+00 
1.740150e+02 2.512780e+19 6.102920e+03 1.859010e+03 6.332600e+02 6.374060e+03 9.432520e+02 0.000000e+00 5.393120e-05 0.000000e+00 0.000000e+00 1.296020e-11 0.000000e+00 0.000000e+00 0.000000e+00 0.000000e+00 -1.000000e+00 5.749470e-01 7.841650e-01 0.000000e+00 
1.740150e+02 2.512780e+19 6.102920e+03 1.859010e+03 6.332600e+02 6.374060e+03 9.432520e+02 0.000000e+00 5.398900e-05 0.000000e+00 0.000000e+00 -8.640130e-12 0.000000e+00 0.000000e+00 0.000000e+00 -0.000000e+00 -1.000000e+00 5.753160e-01 7.842200e-01 0.000000e+00 
1.740150e+02 2.512780e+19 6.102920e+03 1.859010e+03 6.332600e+02 6.374060e+03 9.432520e+02 0.000000e+00 5.404670e-05 0.000000e+00 0.000000e+00 4.320070e-12 0.000000e+00 0.000000e+00 0.000000e+00 -0.000000e+00 -1.000000e+00 5.756840e-01 7.842740e-01 0.000000e+00 
1.740150e+02 2.512780e+19 6.102920e+03 1.859010e+03 6.332600e+02 6.374060e+03 9.432520e+02 0.000000e+00 5.410450e-05 0.000000e+00 0.000000e+00 1.728030e-11 0.000000e+00 0.000000e+00 0.000000e+00 0.000000e+00 -1.000000e+00 5.760520e-01 7.843290e-01 0.000000e+00 
1.740150e+02 2.512780e+19 6.102920e+03 1.859010e+03 6.332600e+02 6.374060e+03 9.432520e+02 0.000000e+00 5.416220e-05 0.000000e+00 0.000000e+00 -4.320070e-12 0.000000e+00 0.000000e+00 0.000000e+00 -0.000000e+00 -1.000000e+00 5.764200e-01 7.843830e-01 0.000000e+00 
1.740150e+02 2.512780e+19 6.102920e+03 1.859010e+03 6.332600e+02 6.374060e+03 9.432520e+02 0.000000e+00 5.422000e-05 0.000000e+00 0.000000e+00 8.640130e-12 0.000000e+00 0.000000e+00 0.000000e+00 0.000000e+00 -1.000000e+00 5.767880e-01 7.844380e-01 0.000000e+00 
1.740150e+02 2.512780e+19 6.102920e+03 1.859010e+03 6.332600e+02 6.374060e+03 9.432520e+02 0.000000e+00 5.427780e-05 0.000000e+00 0.000000e+00 -1.512020e-11 0.000000e+00 0.000000e+00 0.000000e+00 -0.000000e+00 -1.000000e+00 5.771560e-01 7.844920e-01 0.000000e+00 
1.740150e+02 2.512780e+19 6.102920e+03 1.859010e+03 6.332600e+02 6.374060e+03 9.432520e+02 0.000000e+00 5.433550e-05 0.000000e+00 0.000000e+00 1.296020e-11 0.000000e+00 0.000000e+00 0.000000e+00 0.000000e+00 -1.000000e+00 5.775240e-01 7.845470e-01 0.000000e+00 
1.740150e+02 2.512780e+19 6.102920e+03 1.859010e+03 6.332600e+02 6.374060e+03 9.432520e+02 0.000000e+00 5.439330e-05 0.000000e+00 0.000000e+00 1.080020e-11 0.000000e+00 0.000000e+00 0.000000e+00 -0.000000e+00 -1.000000e+00 5.778930e-01 7.846010e-01 0.000000e+00 
1.740150e+02 2.512780e+19 6.102920e+03 1.859010e+03 6.332600e+02 6.374060e+03 9.432520e+02 0.000000e+00 5.445100e-05 0.000000e+00 0.000000e+00 -1.188020e-11 0.000000e+00 0.000000e+00 0.000000e+00 0.000000e+00 -1.000000e+00 5.782610e-01 7.846560e-01 0.000000e+00 
1.740150e+02 2.512780e+19 6.102920e+03 1.859010e+03 6.332600e+02 6.374060e+03 9.432520e+02 0.000000e+00 5.450880e-05 0.000000e+00 0.000000e+00 8.640130e-12 0.000000e+00 0.000000e+00 0.000000e+00 0.000000e+00 -1.000000e+00 5.786290e-01 7.847100e-01 0.000000e+00 
1.754150e+02 2.532990e+19 6.023220e+03 1.925470e+03 6.624000e+02 6.376040e+03 9.454330e+02 0.000000e+00 5.456650e-05 0.000000e+00 0.000000e+00 0.000000e+00 0.000000e+00 0.000000e+00 0.000000e+00 0.000000e+00 -1.000000e+00 5.789970e-01 7.847650e-01 0.000000e+00 
1.754150e+02 2.532990e+19 6.023220e+03 1.925470e+03 6.624000e+02 6.376040e+03 9.454330e+02 0.000000e+00 5.462430e-05 0.000000e+00 0.000000e+00 0.000000e+00 0.000000e+00 0.000000e+00 0.000000e+00 0.000000e+00 -1.000000e+00 5.793650e-01 7.848190e-01 0.000000e+00 
1.754150e+02 2.532990e+19 6.023220e+03 1.925470e+03 6.624000e+02 6.376040e+03 9.454330e+02 0.000000e+00 5.468200e-05 0.000000e+00 0.000000e+00 0.000000e+00 0.000000e+00 0.000000e+00 0.000000e+00 -0.000000e+00 -1.000000e+00 5.797330e-01 7.848740e-01 0.000000e+00 
1.754150e+02 2.532990e+19 6.023220e+03 1.925470e+03 6.624000e+02 6.376040e+03 9.454330e+02 0.000000e+00 5.473980e-05 0.000000e+00 0.000000e+00 0.000000e+00 0.000000e+00 0.000000e+00 0.000000e+00 0.000000e+00 -1.000000e+00 5.801010e-01 7.849280e-01 0.000000e+00 
1.754150e+02 2.532990e+19 6.023220e+03 1.925470e+03 6.624000e+02 6.376040e+03 9.454330e+02 0.000000e+00 5.479750e-05 0.000000e+00 0.000000e+00 0.000000e+00 0.000000e+00 0.000000e+00 0.000000e+00 0.000000e+00 -1.000000e+00 5.804700e-01 7.849830e-01 0.000000e+00 
1.754150e+02 2.532990e+19 6.023220e+03 1.925470e+03 6.624000e+02 6.376040e+03 9.454330e+02 0.000000e+00 5.485520e-05 0.000000e+00 0.000000e+00 0.000000e+00 0.000000e+00 0.000000e+00 0.000000e+00 -0.000000e+00 -1.000000e+00 5.808380e-01 7.850370e-01 0.000000e+00 
1.754150e+02 2.532990e+19 6.023220e+03 1.925470e+03 6.624000e+02 6.376040e+03 9.454330e+02 0.000000e+00 5.491300e-05 0.000000e+00 0.000000e+00 0.000000e+00 0.000000e+00 0.000000e+00 0.000000e+00 0.000000e+00 -1.000000e+00 5.812060e-01 7.850920e-01 0.000000e+00 
1.754150e+02 2.532990e+19 6.023220e+03 1.925470e+03 6.624000e+02 6.376040e+03 9.454330e+02 0.000000e+00 5.497070e-05 0.000000e+00 0.000000e+00 0.000000e+00 0.000000e+00 0.000000e+00 0.000000e+00 0.000000e+00 -1.000000e+00 5.815740e-01 7.851470e-01 0.000000e+00 
1.754150e+02 2.532990e+19 6.023220e+03 1.925470e+03 6.624000e+02 6.376040e+03 9.454330e+02 0.000000e+00 5.502840e-05 0.000000e+00 0.000000e+00 3.456050e-11 0.000000e+00 0.000000e+00 0.000000e+00 -0.000000e+00 -1.000000e+00 5.819420e-01 7.852010e-01 0.000000e+00 
1.754150e+02 2.532990e+19 6.023220e+03 1.925470e+03 6.624000e+02 6.376040e+03 9.454330e+02 0.000000e+00 5.508620e-05 0.000000e+00 0.000000e+00 0.000000e+00 0.000000e+00 0.000000e+00 0.000000e+00 0.000000e+00 -1.000000e+00 5.823100e-01 7.852560e-01 0.000000e+00 
1.754150e+02 2.532990e+19 6.023220e+03 1.925470e+03 6.624000e+02 6.376040e+03 9.454330e+02 0.000000e+00 5.514390e-05 0.000000e+00 0.000000e+00 0.000000e+00 0.000000e+00 0.000000e+00 0.000000e+00 0.000000e+00 -1.000000e+00 5.826780e-01 7.853100e-01 0.000000e+00 
1.754150e+02 2.532990e+19 6.023220e+03 1.925470e+03 6.624000e+02 6.376040e+03 9.454330e+02 0.000000e+00 5.520170e-05 0.000000e+00 0.000000e+00 0.000000e+00 0.000000e+00 0.000000e+00 0.000000e+00 -0.000000e+00 -1.000000e+00 5.830470e-01 7.853650e-01 0.000000e+00 
1.754150e+02 2.532990e+19 6.023220e+03 1.925470e+03 6.624000e+02 6.376040e+03 9.454330e+02 0.000000e+00 5.525940e-05 0.000000e+00 0.000000e+00 0.000000e+00 0.000000e+00 0.000000e+00 0.000000e+00 0.000000e+00 -1.000000e+00 5.834150e-01 7.854200e-01 0.000000e+00 
1.754150e+02 2.532990e+19 6.023220e+03 1.925470e+03 6.624000e+02 6.376040e+03 9.454330e+02 0.000000e+00 5.531710e-05 0.000000e+00 0.000000e+00 0.000000e+00 0.000000e+00 0.000000e+00 0.000000e+00 -0.000000e+00 -1.000000e+00 5.837830e-01 7.854740e-01 0.000000e+00 
1.754150e+02 2.532990e+19 6.023220e+03 1.925470e+03 6.624000e+02 6.376040e+03 9.454330e+02 0.000000e+00 5.537490e-05 0.000000e+00 0.000000e+00 0.000000e+00 0.000000e+00 0.000000e+00 0.000000e+00 0.000000e+00 -1.000000e+00 5.841510e-01 7.855290e-01 0.000000e+00 
1.754150e+02 2.532990e+19 6.023220e+03 1.925470e+03 6.624000e+02 6.376040e+03 9.454330e+02 0.000000e+00 5.543260e-05 0.000000e+00 0.000000e+00 0.000000e+00 0.000000e+00 0.000000e+00 0.000000e+00 0.000000e+00 -1.000000e+00 5.845190e-01 7.855830e-01 0.000000e+00 
1.754150e+02 2.532990e+19 6.023220e+03 1.925470e+03 6.624000e+02 6.376040e+03 9.454330e+02 0.000000e+00 5.549030e-05 0.000000e+00 0.000000e+00 0.000000e+00 0.000000e+00 0.000000e+00 0.000000e+00 0.000000e+00 -1.000000e+00 5.848870e-01 7.856380e-01 0.000000e+00 
1.754150e+02 2.532990e+19 6.023220e+03 1.925470e+03 6.624000e+02 6.376040e+03 9.454330e+02 0.000000e+00 5.554810e-05 0.000000e+00 0.000000e+00 0.000000e+00 0.000000e+00 0.000000e+00 0.000000e+00 -0.000000e+00 -1.000000e+00 5.852550e-01 7.856930e-01 0.000000e+00 
1.754150e+02 2.532990e+19 6.023220e+03 1.925470e+03 6.624000e+02 6.376040e+03 9.454330e+02 0.000000e+00 5.560580e-05 0.000000e+00 0.000000e+00 0.000000e+00 0.000000e+00 0.000000e+00 0.000000e+00 0.000000e+00 -1.000000e+00 5.856240e-01 7.857470e-01 0.000000e+00 
1.754150e+02 2.532990e+19 6.023220e+03 1.925470e+03 6.624000e+02 6.376040e+03 9.454330e+02 0.000000e+00 5.566360e-05 0.000000e+00 0.000000e+00 0.000000e+00 0.000000e+00 0.000000e+00 0.000000e+00 -0.000000e+00 -1.000000e+00 5.859920e-01 7.858020e-01 0.000000e+00 
1.754150e+02 2.532990e+19 6.023220e+03 1.925470e+03 6.624000e+02 6.376040e+03 9.454330e+02 0.000000e+00 5.572130e-05 0.000000e+00 0.000000e+00 0.000000e+00 0.000000e+00 0.000000e+00 0.000000e+00 0.000000e+00 -1.000000e+00 5.863600e-01 7.858560e-01 0.000000e+00 
1.754150e+02 2.532990e+19 6.023220e+03 1.925470e+03 6.624000e+02 6.376040e+03 9.454330e+02 0.000000e+00 5.577900e-05 0.000000e+00 0.000000e+00 0.000000e+00 0.000000e+00 0.000000e+00 0.000000e+00 0.000000e+00 -1.000000e+00 5.867280e-01 7.859110e-01 0.000000e+00 
1.754150e+02 2.532990e+19 6.023220e+03 1.925470e+03 6.624000e+02 6.376040e+03 9.454330e+02 0.000000e+00 5.583680e-05 0.000000e+00 0.000000e+00 0.000000e+00 0.000000e+00 0.000000e+00 0.000000e+00 -0.000000e+00 -1.000000e+00 5.870960e-01 7.859650e-01 0.000000e+00 
1.754150e+02 2.532990e+19 6.023220e+03 1.925470e+03 6.624000e+02 6.376040e+03 9.454330e+02 0.000000e+00 5.589450e-05 0.000000e+00 0.000000e+00 0.000000e+00 0.000000e+00 0.000000e+00 0.000000e+00 0.000000e+00 -1.000000e+00 5.874640e-01 7.860200e-01 0.000000e+00 
1.754150e+02 2.532990e+19 6.023220e+03 1.925470e+03 6.624000e+02 6.376040e+03 9.454330e+02 0.000000e+00 5.595220e-05 0.000000e+00 0.000000e+00 0.000000e+00 0.000000e+00 0.000000e+00 0.000000e+00 -0.000000e+00 -1.000000e+00 5.878320e-01 7.860750e-01 0.000000e+00 
1.754150e+02 2.532990e+19 6.023220e+03 1.925470e+03 6.624000e+02 6.376040e+03 9.454330e+02 0.000000e+00 5.601000e-05 0.000000e+00 0.000000e+00 0.000000e+00 0.000000e+00 0.000000e+00 0.000000e+00 0.000000e+00 -1.000000e+00 5.882010e-01 7.861290e-01 0.000000e+00 
1.754150e+02 2.532990e+19 6.023220e+03 1.925470e+03 6.624000e+02 6.376040e+03 9.454330e+02 0.000000e+00 5.606770e-05 0.000000e+00 0.000000e+00 0.000000e+00 0.000000e+00 0.000000e+00 0.000000e+00 0.000000e+00 -1.000000e+00 5.885690e-01 7.861840e-01 0.000000e+00 
1.754150e+02 2.532990e+19 6.023220e+03 1.925470e+03 6.624000e+02 6.376040e+03 9.454330e+02 0.000000e+00 5.612550e-05 0.000000e+00 0.000000e+00 0.000000e+00 0.000000e+00 0.000000e+00 0.000000e+00 0.000000e+00 -1.000000e+00 5.889370e-01 7.862380e-01 0.000000e+00 
1.754150e+02 2.532990e+19 6.023220e+03 1.925470e+03 6.624000e+02 6.376040e+03 9.454330e+02 0.000000e+00 5.618320e-05 0.000000e+00 0.000000e+00 1.728030e-11 0.000000e+00 0.000000e+00 0.000000e+00 -0.000000e+00 -1.000000e+00 5.893050e-01 7.862930e-01 0.000000e+00 
1.754150e+02 2.532990e+19 6.023220e+03 1.925470e+03 6.624000e+02 6.376040e+03 9.454330e+02 0.000000e+00 5.624090e-05 0.000000e+00 0.000000e+00 0.000000e+00 0.000000e+00 0.000000e+00 0.000000e+00 0.000000e+00 -1.000000e+00 5.896730e-01 7.863480e-01 0.000000e+00 
1.754150e+02 2.532990e+19 6.023220e+03 1.925470e+03 6.624000e+02 6.376040e+03 9.454330e+02 0.000000e+00 5.629870e-05 0.000000e+00 0.000000e+00 0.000000e+00 0.000000e+00 0.000000e+00 0.000000e+00 -0.000000e+00 -1.000000e+00 5.900410e-01 7.864020e-01 0.000000e+00 
1.754150e+02 2.532990e+19 6.023220e+03 1.925470e+03 6.624000e+02 6.376040e+03 9.454330e+02 0.000000e+00 5.635640e-05 0.000000e+00 0.000000e+00 0.000000e+00 0.000000e+00 0.000000e+00 0.000000e+00 0.000000e+00 -1.000000e+00 5.904090e-01 7.864570e-01 0.000000e+00 
1.754150e+02 2.532990e+19 6.023220e+03 1.925470e+03 6.624000e+02 6.376040e+03 9.454330e+02 0.000000e+00 5.641420e-05 0.000000e+00 0.000000e+00 0.000000e+00 0.000000e+00 0.000000e+00 0.000000e+00 0.000000e+00 -1.000000e+00 5.907780e-01 7.865110e-01 0.000000e+00 
1.754150e+02 2.532990e+19 6.023220e+03 1.925470e+03 6.624000e+02 6.376040e+03 9.454330e+02 0.000000e+00 5.647190e-05 0.000000e+00 0.000000e+00 -1.728030e-11 0.000000e+00 0.000000e+00 0.000000e+00 0.000000e+00 -1.000000e+00 5.911460e-01 7.865660e-01 0.000000e+00 
1.754150e+02 2.532990e+19 6.023220e+03 1.925470e+03 6.624000e+02 6.376040e+03 9.454330e+02 0.000000e+00 5.652960e-05 0.000000e+00 0.000000e+00 0.000000e+00 0.000000e+00 0.000000e+00 0.000000e+00 -0.000000e+00 -1.000000e+00 5.915140e-01 7.866200e-01 0.000000e+00 
1.754150e+02 2.532990e+19 6.023220e+03 1.925470e+03 6.624000e+02 6.376040e+03 9.454330e+02 0.000000e+00 5.658740e-05 0.000000e+00 0.000000e+00 1.728030e-11 0.000000e+00 0.000000e+00 0.000000e+00 0.000000e+00 -1.000000e+00 5.918820e-01 7.866750e-01 0.000000e+00 
1.754150e+02 2.532990e+19 6.023220e+03 1.925470e+03 6.624000e+02 6.376040e+03 9.454330e+02 0.000000e+00 5.664510e-05 0.000000e+00 0.000000e+00 0.000000e+00 0.000000e+00 0.000000e+00 0.000000e+00 -0.000000e+00 -1.000000e+00 5.922500e-01 7.867300e-01 0.000000e+00 
1.754150e+02 2.532990e+19 6.023220e+03 1.925470e+03 6.624000e+02 6.376040e+03 9.454330e+02 0.000000e+00 5.670280e-05 0.000000e+00 0.000000e+00 0.000000e+00 0.000000e+00 0.000000e+00 0.000000e+00 0.000000e+00 -1.000000e+00 5.926180e-01 7.867840e-01 0.000000e+00 
1.754150e+02 2.532990e+19 6.023220e+03 1.925470e+03 6.624000e+02 6.376040e+03 9.454330e+02 0.000000e+00 5.676060e-05 0.000000e+00 0.000000e+00 0.000000e+00 0.000000e+00 0.000000e+00 0.000000e+00 0.000000e+00 -1.000000e+00 5.929860e-01 7.868390e-01 0.000000e+00 
1.754150e+02 2.532990e+19 6.023220e+03 1.925470e+03 6.624000e+02 6.376040e+03 9.454330e+02 0.000000e+00 5.681830e-05 0.000000e+00 0.000000e+00 0.000000e+00 0.000000e+00 0.000000e+00 0.000000e+00 0.000000e+00 -1.000000e+00 5.933540e-01 7.868930e-01 0.000000e+00 
1.754150e+02 2.532990e+19 6.023220e+03 1.925470e+03 6.624000e+02 6.376040e+03 9.454330e+02 0.000000e+00 5.687610e-05 0.000000e+00 0.000000e+00 0.000000e+00 0.000000e+00 0.000000e+00 0.000000e+00 -0.000000e+00 -1.000000e+00 5.937230e-01 7.869480e-01 0.000000e+00 
1.754150e+02 2.532990e+19 6.023220e+03 1.925470e+03 6.624000e+02 6.376040e+03 9.454330e+02 0.000000e+00 5.693380e-05 0.000000e+00 0.000000e+00 0.000000e+00 0.000000e+00 0.000000e+00 0.000000e+00 -0.000000e+00 -1.000000e+00 5.940910e-01 7.870030e-01 0.000000e+00 
1.754150e+02 2.532990e+19 6.023220e+03 1.925470e+03 6.624000e+02 6.376040e+03 9.454330e+02 0.000000e+00 5.699150e-05 0.000000e+00 0.000000e+00 0.000000e+00 0.000000e+00 0.000000e+00 0.000000e+00 0.000000e+00 -1.000000e+00 5.944590e-01 7.870570e-01 0.000000e+00 
1.754150e+02 2.532990e+19 6.023220e+03 1.925470e+03 6.624000e+02 6.376040e+03 9.454330e+02 0.000000e+00 5.704930e-05 0.000000e+00 0.000000e+00 0.000000e+00 0.000000e+00 0.000000e+00 0.000000e+00 0.000000e+00 -1.000000e+00 5.948270e-01 7.871120e-01 0.000000e+00 
1.754150e+02 2.532990e+19 6.023220e+03 1.925470e+03 6.624000e+02 6.376040e+03 9.454330e+02 0.000000e+00 5.710700e-05 0.000000e+00 0.000000e+00 0.000000e+00 0.000000e+00 0.000000e+00 0.000000e+00 0.000000e+00 -1.000000e+00 5.951950e-01 7.871660e-01 0.000000e+00 
1.754150e+02 2.532990e+19 6.023220e+03 1.925470e+03 6.624000e+02 6.376040e+03 9.454330e+02 0.000000e+00 5.716470e-05 0.000000e+00 0.000000e+00 0.000000e+00 0.000000e+00 0.000000e+00 0.000000e+00 -0.000000e+00 -1.000000e+00 5.955630e-01 7.872210e-01 0.000000e+00 
1.754150e+02 2.532990e+19 6.023220e+03 1.925470e+03 6.624000e+02 6.376040e+03 9.454330e+02 0.000000e+00 5.722250e-05 0.000000e+00 0.000000e+00 1.728030e-11 0.000000e+00 0.000000e+00 0.000000e+00 0.000000e+00 -1.000000e+00 5.959310e-01 7.872760e-01 0.000000e+00 
1.754150e+02 2.532990e+19 6.023220e+03 1.925470e+03 6.624000e+02 6.376040e+03 9.454330e+02 0.000000e+00 5.728020e-05 0.000000e+00 0.000000e+00 0.000000e+00 0.000000e+00 0.000000e+00 0.000000e+00 -0.000000e+00 -1.000000e+00 5.963000e-01 7.873300e-01 0.000000e+00 
1.754150e+02 2.532990e+19 6.023220e+03 1.925470e+03 6.624000e+02 6.376040e+03 9.454330e+02 0.000000e+00 5.733800e-05 0.000000e+00 0.000000e+00 0.000000e+00 0.000000e+00 0.000000e+00 0.000000e+00 0.000000e+00 -1.000000e+00 5.966680e-01 7.873850e-01 0.000000e+00 
1.754150e+02 2.532990e+19 6.023220e+03 1.925470e+03 6.624000e+02 6.376040e+03 9.454330e+02 0.000000e+00 5.739570e-05 0.000000e+00 0.000000e+00 8.640130e-12 0.000000e+00 0.000000e+00 0.000000e+00 0.000000e+00 -1.000000e+00 5.970360e-01 7.874390e-01 0.000000e+00 
1.754150e+02 2.532990e+19 6.023220e+03 1.925470e+03 6.624000e+02 6.376040e+03 9.454330e+02 0.000000e+00 5.745340e-05 0.000000e+00 0.000000e+00 0.000000e+00 0.000000e+00 0.000000e+00 0.000000e+00 0.000000e+00 -1.000000e+00 5.974040e-01 7.874940e-01 0.000000e+00 
1.754150e+02 2.532990e+19 6.023220e+03 1.925470e+03 6.624000e+02 6.376040e+03 9.454330e+02 0.000000e+00 5.751120e-05 0.000000e+00 0.000000e+00 1.728030e-11 0.000000e+00 0.000000e+00 0.000000e+00 -0.000000e+00 -1.000000e+00 5.977720e-01 7.875480e-01 0.000000e+00 
1.754150e+02 2.532990e+19 6.023220e+03 1.925470e+03 6.624000e+02 6.376040e+03 9.454330e+02 0.000000e+00 5.756890e-05 0.000000e+00 0.000000e+00 0.000000e+00 0.000000e+00 0.000000e+00 0.000000e+00 0.000000e+00 -1.000000e+00 5.981400e-01 7.876030e-01 0.000000e+00 
1.754150e+02 2.532990e+19 6.023220e+03 1.925470e+03 6.624000e+02 6.376040e+03 9.454330e+02 0.000000e+00 5.762660e-05 0.000000e+00 0.000000e+00 0.000000e+00 0.000000e+00 0.000000e+00 0.000000e+00 -0.000000e+00 -1.000000e+00 5.985080e-01 7.876580e-01 0.000000e+00 
1.754150e+02 2.532990e+19 6.023220e+03 1.925470e+03 6.624000e+02 6.376040e+03 9.454330e+02 0.000000e+00 5.768440e-05 0.000000e+00 0.000000e+00 8.640130e-12 0.000000e+00 0.000000e+00 0.000000e+00 0.000000e+00 -1.000000e+00 5.988770e-01 7.877120e-01 0.000000e+00 
1.754150e+02 2.532990e+19 6.023220e+03 1.925470e+03 6.624000e+02 6.376040e+03 9.454330e+02 0.000000e+00 5.774210e-05 0.000000e+00 0.000000e+00 -8.640130e-12 0.000000e+00 0.000000e+00 0.000000e+00 0.000000e+00 -1.000000e+00 5.992450e-01 7.877670e-01 0.000000e+00 
1.754150e+02 2.532990e+19 6.023220e+03 1.925470e+03 6.624000e+02 6.376040e+03 9.454330e+02 0.000000e+00 5.779990e-05 0.000000e+00 0.000000e+00 -8.640130e-12 0.000000e+00 0.000000e+00 0.000000e+00 0.000000e+00 -1.000000e+00 5.996130e-01 7.878210e-01 0.000000e+00 
1.754150e+02 2.532990e+19 6.023220e+03 1.925470e+03 6.624000e+02 6.376040e+03 9.454330e+02 0.000000e+00 5.785760e-05 0.000000e+00 0.000000e+00 8.640130e-12 0.000000e+00 0.000000e+00 0.000000e+00 -0.000000e+00 -1.000000e+00 5.999810e-01 7.878760e-01 0.000000e+00 
1.754150e+02 2.532990e+19 6.023220e+03 1.925470e+03 6.624000e+02 6.376040e+03 9.454330e+02 0.000000e+00 5.791530e-05 0.000000e+00 0.000000e+00 -1.728030e-11 0.000000e+00 0.000000e+00 0.000000e+00 -0.000000e+00 -1.000000e+00 6.003490e-01 7.879310e-01 0.000000e+00 
1.754150e+02 2.532990e+19 6.023220e+03 1.925470e+03 6.624000e+02 6.376040e+03 9.454330e+02 0.000000e+00 5.797310e-05 0.000000e+00 0.000000e+00 8.640130e-12 0.000000e+00 0.000000e+00 0.000000e+00 0.000000e+00 -1.000000e+00 6.007170e-01 7.879850e-01 0.000000e+00 
1.754150e+02 2.532990e+19 6.023220e+03 1.925470e+03 6.624000e+02 6.376040e+03 9.454330e+02 0.000000e+00 5.803080e-05 0.000000e+00 0.000000e+00 0.000000e+00 0.000000e+00 0.000000e+00 0.000000e+00 -0.000000e+00 -1.000000e+00 6.010850e-01 7.880400e-01 0.000000e+00 
1.754150e+02 2.532990e+19 6.023220e+03 1.925470e+03 6.624000e+02 6.376040e+03 9.454330e+02 0.000000e+00 5.808860e-05 0.000000e+00 0.000000e+00 0.000000e+00 0.000000e+00 0.000000e+00 0.000000e+00 0.000000e+00 -1.000000e+00 6.014540e-01 7.880940e-01 0.000000e+00 
1.754150e+02 2.532990e+19 6.023220e+03 1.925470e+03 6.624000e+02 6.376040e+03 9.454330e+02 0.000000e+00 5.814630e-05 0.000000e+00 0.000000e+00 -4.320070e-12 0.000000e+00 0.000000e+00 0.000000e+00 -0.000000e+00 -1.000000e+00 6.018220e-01 7.881490e-01 0.000000e+00 
1.754150e+02 2.532990e+19 6.023220e+03 1.925470e+03 6.624000e+02 6.376040e+03 9.454330e+02 0.000000e+00 5.820400e-05 0.000000e+00 0.000000e+00 8.640130e-12 0.000000e+00 0.000000e+00 0.000000e+00 0.000000e+00 -1.000000e+00 6.021900e-01 7.882040e-01 0.000000e+00 
1.754150e+02 2.532990e+19 6.023220e+03 1.925470e+03 6.624000e+02 6.376040e+03 9.454330e+02 0.000000e+00 5.826180e-05 0.000000e+00 0.000000e+00 1.296020e-11 0.000000e+00 0.000000e+00 0.000000e+00 -0.000000e+00 -1.000000e+00 6.025580e-01 7.882580e-01 0.000000e+00 
1.754150e+02 2.532990e+19 6.023220e+03 1.925470e+03 6.624000e+02 6.376040e+03 9.454330e+02 0.000000e+00 5.831950e-05 0.000000e+00 0.000000e+00 -8.640130e-12 0.000000e+00 0.000000e+00 0.000000e+00 0.000000e+00 -1.000000e+00 6.029260e-01 7.883130e-01 0.000000e+00 
1.754150e+02 2.532990e+19 6.023220e+03 1.925470e+03 6.624000e+02 6.376040e+03 9.454330e+02 0.000000e+00 5.837720e-05 0.000000e+00 0.000000e+00 -2.160030e-12 0.000000e+00 0.000000e+00 0.000000e+00 0.000000e+00 -1.000000e+00 6.032940e-01 7.883670e-01 0.000000e+00 
1.754150e+02 2.532990e+19 6.023220e+03 1.925470e+03 6.624000e+02 6.376040e+03 9.454330e+02 0.000000e+00 5.843500e-05 0.000000e+00 0.000000e+00 -8.640130e-12 0.000000e+00 0.000000e+00 0.000000e+00 0.000000e+00 -1.000000e+00 6.036620e-01 7.884220e-01 0.000000e+00 
1.754150e+02 2.532990e+19 6.023220e+03 1.925470e+03 6.624000e+02 6.376040e+03 9.454330e+02 0.000000e+00 5.849270e-05 0.000000e+00 0.000000e+00 -1.296020e-11 0.000000e+00 0.000000e+00 0.000000e+00 -0.000000e+00 -1.000000e+00 6.040300e-01 7.884760e-01 0.000000e+00 
1.754150e+02 2.532990e+19 6.023220e+03 1.925470e+03 6.624000e+02 6.376040e+03 9.454330e+02 0.000000e+00 5.855050e-05 0.000000e+00 0.000000e+00 1.188020e-11 0.000000e+00 0.000000e+00 0.000000e+00 0.000000e+00 -1.000000e+00 6.043990e-01 7.885310e-01 0.000000e+00 
1.754150e+02 2.532990e+19 6.023220e+03 1.925470e+03 6.624000e+02 6.376040e+03 9.454330e+02 0.000000e+00 5.860820e-05 0.000000e+00 0.000000e+00 -1.296020e-11 0.000000e+00 0.000000e+00 0.000000e+00 -0.000000e+00 -1.000000e+00 6.047670e-01 7.885860e-01 0.000000e+00 
1.754150e+02 2.532990e+19 6.023220e+03 1.925470e+03 6.624000e+02 6.376040e+03 9.454330e+02 0.000000e+00 5.866590e-05 0.000000e+00 0.000000e+00 3.105050e-12 0.000000e+00 0.000000e+00 0.000000e+00 0.000000e+00 -1.000000e+00 6.051350e-01 7.886400e-01 0.000000e+00 
1.779400e+02 2.569450e+19 5.905620e+03 1.939810e+03 6.703370e+02 6.370460e+03 9.508410e+02 0.000000e+00 5.872370e-05 0.000000e+00 0.000000e+00 0.000000e+00 0.000000e+00 0.000000e+00 0.000000e+00 0.000000e+00 -1.000000e+00 6.055030e-01 7.886950e-01 0.000000e+00 
1.779400e+02 2.569450e+19 5.905620e+03 1.939810e+03 6.703370e+02 6.370460e+03 9.508410e+02 0.000000e+00 5.878140e-05 0.000000e+00 0.000000e+00 0.000000e+00 0.000000e+00 0.000000e+00 0.000000e+00 0.000000e+00 -1.000000e+00 6.058710e-01 7.887500e-01 0.000000e+00 
1.779400e+02 2.569450e+19 5.905620e+03 1.939810e+03 6.703370e+02 6.370460e+03 9.508410e+02 0.000000e+00 5.883920e-05 0.000000e+00 0.000000e+00 0.000000e+00 0.000000e+00 0.000000e+00 0.000000e+00 -0.000000e+00 -1.000000e+00 6.062390e-01 7.888050e-01 0.000000e+00 
1.779400e+02 2.569450e+19 5.905620e+03 1.939810e+03 6.703370e+02 6.370460e+03 9.508410e+02 0.000000e+00 5.889700e-05 0.000000e+00 0.000000e+00 0.000000e+00 0.000000e+00 0.000000e+00 0.000000e+00 0.000000e+00 -1.000000e+00 6.066070e-01 7.888600e-01 0.000000e+00 
1.779400e+02 2.569450e+19 5.905620e+03 1.939810e+03 6.703370e+02 6.370460e+03 9.508410e+02 0.000000e+00 5.895480e-05 0.000000e+00 0.000000e+00 0.000000e+00 0.000000e+00 0.000000e+00 0.000000e+00 -0.000000e+00 -1.000000e+00 6.069750e-01 7.889150e-01 0.000000e+00 
1.779400e+02 2.569450e+19 5.905620e+03 1.939810e+03 6.703370e+02 6.370460e+03 9.508410e+02 0.000000e+00 5.901260e-05 0.000000e+00 0.000000e+00 0.000000e+00 0.000000e+00 0.000000e+00 0.000000e+00 0.000000e+00 -1.000000e+00 6.073430e-01 7.889700e-01 0.000000e+00 
1.779400e+02 2.569450e+19 5.905620e+03 1.939810e+03 6.703370e+02 6.370460e+03 9.508410e+02 0.000000e+00 5.907040e-05 0.000000e+00 0.000000e+00 0.000000e+00 0.000000e+00 0.000000e+00 0.000000e+00 -0.000000e+00 -1.000000e+00 6.077120e-01 7.890250e-01 0.000000e+00 
1.779400e+02 2.569450e+19 5.905620e+03 1.939810e+03 6.703370e+02 6.370460e+03 9.508410e+02 0.000000e+00 5.912810e-05 0.000000e+00 0.000000e+00 0.000000e+00 0.000000e+00 0.000000e+00 0.000000e+00 0.000000e+00 -1.000000e+00 6.080800e-01 7.890800e-01 0.000000e+00 
1.779400e+02 2.569450e+19 5.905620e+03 1.939810e+03 6.703370e+02 6.370460e+03 9.508410e+02 0.000000e+00 5.918590e-05 0.000000e+00 0.000000e+00 0.000000e+00 0.000000e+00 0.000000e+00 0.000000e+00 -0.000000e+00 -1.000000e+00 6.084480e-01 7.891350e-01 0.000000e+00 
1.779400e+02 2.569450e+19 5.905620e+03 1.939810e+03 6.703370e+02 6.370460e+03 9.508410e+02 0.000000e+00 5.924370e-05 0.000000e+00 0.000000e+00 0.000000e+00 0.000000e+00 0.000000e+00 0.000000e+00 0.000000e+00 -1.000000e+00 6.088160e-01 7.891890e-01 0.000000e+00 
1.779400e+02 2.569450e+19 5.905620e+03 1.939810e+03 6.703370e+02 6.370460e+03 9.508410e+02 0.000000e+00 5.930150e-05 0.000000e+00 0.000000e+00 0.000000e+00 0.000000e+00 0.000000e+00 0.000000e+00 -0.000000e+00 -1.000000e+00 6.091840e-01 7.892440e-01 0.000000e+00 
1.779400e+02 2.569450e+19 5.905620e+03 1.939810e+03 6.703370e+02 6.370460e+03 9.508410e+02 0.000000e+00 5.935930e-05 0.000000e+00 0.000000e+00 0.000000e+00 0.000000e+00 0.000000e+00 0.000000e+00 0.000000e+00 -1.000000e+00 6.095520e-01 7.892990e-01 0.000000e+00 
1.779400e+02 2.569450e+19 5.905620e+03 1.939810e+03 6.703370e+02 6.370460e+03 9.508410e+02 0.000000e+00 5.941700e-05 0.000000e+00 0.000000e+00 0.000000e+00 0.000000e+00 0.000000e+00 0.000000e+00 0.000000e+00 -1.000000e+00 6.099200e-01 7.893540e-01 0.000000e+00 
1.779400e+02 2.569450e+19 5.905620e+03 1.939810e+03 6.703370e+02 6.370460e+03 9.508410e+02 0.000000e+00 5.947480e-05 0.000000e+00 0.000000e+00 3.456050e-11 0.000000e+00 0.000000e+00 0.000000e+00 -0.000000e+00 -1.000000e+00 6.102880e-01 7.894090e-01 0.000000e+00 
1.779400e+02 2.569450e+19 5.905620e+03 1.939810e+03 6.703370e+02 6.370460e+03 9.508410e+02 0.000000e+00 5.953260e-05 0.000000e+00 0.000000e+00 0.000000e+00 0.000000e+00 0.000000e+00 0.000000e+00 -0.000000e+00 -1.000000e+00 6.106560e-01 7.894640e-01 0.000000e+00 
1.736300e+02 2.507220e+19 5.807130e+03 1.917130e+03 6.461400e+02 6.426720e+03 9.136600e+02 0.000000e+00 5.959040e-05 0.000000e+00 0.000000e+00 -3.456190e-11 0.000000e+00 0.000000e+00 0.000000e+00 -0.000000e+00 -1.000000e+00 6.110240e-01 7.895180e-01 0.000000e+00 
1.736300e+02 2.507220e+19 5.807130e+03 1.917130e+03 6.461400e+02 6.426720e+03 9.136600e+02 0.000000e+00 6.245690e-05 0.000000e+00 0.000000e+00 -8.640470e-12 0.000000e+00 0.000000e+00 0.000000e+00 0.000000e+00 -1.000000e+00 6.294470e-01 7.921370e-01 0.000000e+00 
1.762000e+02 2.544330e+19 5.761140e+03 1.899440e+03 6.330280e+02 6.417380e+03 9.272030e+02 0.000000e+00 6.532350e-05 0.000000e+00 0.000000e+00 0.000000e+00 0.000000e+00 0.000000e+00 0.000000e+00 0.000000e+00 -1.000000e+00 6.478640e-01 7.947940e-01 0.000000e+00 
1.765350e+02 2.549170e+19 5.710720e+03 1.974490e+03 6.388550e+02 6.412740e+03 9.315620e+02 0.000000e+00 6.819330e-05 0.000000e+00 0.000000e+00 -3.456190e-11 0.000000e+00 0.000000e+00 0.000000e+00 0.000000e+00 -1.000000e+00 6.662800e-01 7.974620e-01 0.000000e+00 
1.766000e+02 2.550100e+19 5.621570e+03 1.997940e+03 6.642220e+02 6.407210e+03 9.440670e+02 0.000000e+00 7.094470e-05 0.000000e+00 0.000000e+00 0.000000e+00 0.000000e+00 0.000000e+00 0.000000e+00 0.000000e+00 -1.000000e+00 6.846940e-01 8.001370e-01 0.000000e+00 
1.766000e+02 2.550100e+19 5.621570e+03 1.997940e+03 6.642220e+02 6.407210e+03 9.440670e+02 0.000000e+00 7.381790e-05 0.000000e+00 0.000000e+00 1.728090e-11 0.000000e+00 0.000000e+00 0.000000e+00 0.000000e+00 -1.000000e+00 7.031030e-01 8.028500e-01 0.000000e+00 
1.789950e+02 2.584690e+19 5.544650e+03 2.018680e+03 6.655490e+02 6.405030e+03 9.440620e+02 0.000000e+00 7.669100e-05 0.000000e+00 0.000000e+00 0.000000e+00 0.000000e+00 0.000000e+00 0.000000e+00 0.000000e+00 -1.000000e+00 7.215120e-01 8.055620e-01 0.000000e+00 
1.811250e+02 2.615450e+19 5.486840e+03 2.067460e+03 6.872340e+02 6.409000e+03 9.467260e+02 0.000000e+00 7.956510e-05 0.000000e+00 0.000000e+00 0.000000e+00 0.000000e+00 0.000000e+00 0.000000e+00 0.000000e+00 -1.000000e+00 7.399210e-01 8.082780e-01 0.000000e+00 
1.811250e+02 2.615450e+19 5.486840e+03 2.067460e+03 6.872340e+02 6.409000e+03 9.467260e+02 0.000000e+00 7.962260e-05 0.000000e+00 0.000000e+00 -8.640470e-12 0.000000e+00 0.000000e+00 0.000000e+00 -0.000000e+00 -1.000000e+00 7.583290e-01 8.109970e-01 0.000000e+00 
1.811250e+02 2.615450e+19 5.486840e+03 2.067460e+03 6.872340e+02 6.409000e+03 9.467260e+02 0.000000e+00 7.968000e-05 0.000000e+00 0.000000e+00 -1.728090e-11 0.000000e+00 0.000000e+00 0.000000e+00 0.000000e+00 -1.000000e+00 7.586970e-01 8.110510e-01 0.000000e+00 
1.811250e+02 2.615450e+19 5.486840e+03 2.067460e+03 6.872340e+02 6.409000e+03 9.467260e+02 0.000000e+00 7.973750e-05 0.000000e+00 0.000000e+00 8.640470e-12 0.000000e+00 0.000000e+00 0.000000e+00 -0.000000e+00 -1.000000e+00 7.590650e-01 8.111060e-01 0.000000e+00 
1.811250e+02 2.615450e+19 5.486840e+03 2.067460e+03 6.872340e+02 6.409000e+03 9.467260e+02 0.000000e+00 7.979490e-05 0.000000e+00 0.000000e+00 4.320230e-12 0.000000e+00 0.000000e+00 0.000000e+00 0.000000e+00 -1.000000e+00 7.594330e-01 8.111600e-01 0.000000e+00 
1.811250e+02 2.615450e+19 5.486840e+03 2.067460e+03 6.872340e+02 6.409000e+03 9.467260e+02 0.000000e+00 7.985240e-05 0.000000e+00 0.000000e+00 -4.320230e-12 0.000000e+00 0.000000e+00 0.000000e+00 -0.000000e+00 -1.000000e+00 7.598010e-01 8.112140e-01 0.000000e+00 
1.811250e+02 2.615450e+19 5.486840e+03 2.067460e+03 6.872340e+02 6.409000e+03 9.467260e+02 0.000000e+00 7.990980e-05 0.000000e+00 0.000000e+00 -8.640470e-12 0.000000e+00 0.000000e+00 0.000000e+00 -0.000000e+00 -1.000000e+00 7.601700e-01 8.112690e-01 0.000000e+00 
1.811250e+02 2.615450e+19 5.486840e+03 2.067460e+03 6.872340e+02 6.409000e+03 9.467260e+02 0.000000e+00 7.996730e-05 0.000000e+00 0.000000e+00 -4.320230e-12 0.000000e+00 0.000000e+00 0.000000e+00 0.000000e+00 -1.000000e+00 7.605380e-01 8.113230e-01 0.000000e+00 
1.811250e+02 2.615450e+19 5.486840e+03 2.067460e+03 6.872340e+02 6.409000e+03 9.467260e+02 0.000000e+00 8.002470e-05 0.000000e+00 0.000000e+00 8.640470e-12 0.000000e+00 0.000000e+00 0.000000e+00 -0.000000e+00 -1.000000e+00 7.609060e-01 8.113770e-01 0.000000e+00 
1.811250e+02 2.615450e+19 5.486840e+03 2.067460e+03 6.872340e+02 6.409000e+03 9.467260e+02 0.000000e+00 8.008210e-05 0.000000e+00 0.000000e+00 -1.512080e-11 0.000000e+00 0.000000e+00 0.000000e+00 0.000000e+00 -1.000000e+00 7.612740e-01 8.114320e-01 0.000000e+00 
1.811250e+02 2.615450e+19 5.486840e+03 2.067460e+03 6.872340e+02 6.409000e+03 9.467260e+02 0.000000e+00 8.013960e-05 0.000000e+00 0.000000e+00 1.512080e-11 0.000000e+00 0.000000e+00 0.000000e+00 -0.000000e+00 -1.000000e+00 7.616420e-01 8.114860e-01 0.000000e+00 
1.811250e+02 2.615450e+19 5.486840e+03 2.067460e+03 6.872340e+02 6.409000e+03 9.467260e+02 0.000000e+00 8.019700e-05 0.000000e+00 0.000000e+00 8.640470e-12 0.000000e+00 0.000000e+00 0.000000e+00 0.000000e+00 -1.000000e+00 7.620100e-01 8.115410e-01 0.000000e+00 
1.811250e+02 2.615450e+19 5.486840e+03 2.067460e+03 6.872340e+02 6.409000e+03 9.467260e+02 0.000000e+00 8.025450e-05 0.000000e+00 0.000000e+00 1.080060e-11 0.000000e+00 0.000000e+00 0.000000e+00 -0.000000e+00 -1.000000e+00 7.623780e-01 8.115950e-01 0.000000e+00 
1.811250e+02 2.615450e+19 5.486840e+03 2.067460e+03 6.872340e+02 6.409000e+03 9.467260e+02 0.000000e+00 8.031190e-05 0.000000e+00 0.000000e+00 4.320230e-12 0.000000e+00 0.000000e+00 0.000000e+00 -0.000000e+00 -1.000000e+00 7.627470e-01 8.116490e-01 0.000000e+00 
1.811250e+02 2.615450e+19 5.486840e+03 2.067460e+03 6.872340e+02 6.409000e+03 9.467260e+02 0.000000e+00 8.036940e-05 0.000000e+00 0.000000e+00 -2.025110e-13 0.000000e+00 0.000000e+00 0.000000e+00 0.000000e+00 -1.000000e+00 7.631150e-01 8.117040e-01 0.000000e+00 
1.812850e+02 2.617760e+19 5.437600e+03 2.089830e+03 6.857770e+02 6.404590e+03 9.510570e+02 0.000000e+00 8.042680e-05 0.000000e+00 0.000000e+00 0.000000e+00 0.000000e+00 0.000000e+00 0.000000e+00 0.000000e+00 -1.000000e+00 7.634830e-01 8.117580e-01 0.000000e+00 
1.812850e+02 2.617760e+19 5.437600e+03 2.089830e+03 6.857770e+02 6.404590e+03 9.510570e+02 0.000000e+00 8.330070e-05 0.000000e+00 0.000000e+00 8.640470e-12 0.000000e+00 0.000000e+00 0.000000e+00 0.000000e+00 -1.000000e+00 7.818890e-01 8.144920e-01 0.000000e+00 
1.822350e+02 2.631470e+19 5.376440e+03 2.096160e+03 7.174020e+02 6.406510e+03 9.593940e+02 0.000000e+00 8.484790e-05 0.000000e+00 0.000000e+00 0.000000e+00 0.000000e+00 0.000000e+00 0.000000e+00 -0.000000e+00 -1.000000e+00 7.897850e-01 8.156640e-01 0.000000e+00 
1.785000e+02 2.577540e+19 5.239240e+03 1.988190e+03 6.829660e+02 6.441670e+03 9.249970e+02 0.000000e+00 8.667120e-05 0.000000e+00 0.000000e+00 0.000000e+00 0.000000e+00 0.000000e+00 0.000000e+00 0.000000e+00 -1.000000e+00 7.997000e-01 8.170940e-01 0.000000e+00 
1.797800e+02 2.596020e+19 5.237490e+03 2.013530e+03 6.817640e+02 6.433390e+03 9.521600e+02 0.000000e+00 8.953050e-05 0.000000e+00 0.000000e+00 0.000000e+00 0.000000e+00 0.000000e+00 0.000000e+00 0.000000e+00 -1.000000e+00 8.181160e-01 8.197620e-01 0.000000e+00 
1.797800e+02 2.596020e+19 5.237490e+03 2.013530e+03 6.817640e+02 6.433390e+03 9.521600e+02 0.000000e+00 9.239180e-05 0.000000e+00 0.000000e+00 -8.640130e-12 0.000000e+00 0.000000e+00 0.000000e+00 -0.000000e+00 -1.000000e+00 8.365230e-01 8.224860e-01 0.000000e+00 























































































