1.968600e+02 2.842660e+19 9.536580e+03 2.729630e+03 9.216610e+02 5.750430e+03 1.166050e+03 0.000000e+00 0.000000e+00 0.000000e+00 0.000000e+00 0.000000e+00 0.000000e+00 0.000000e+00 0.000000e+00 0.000000e+00 1.000000e+00 2.000000e-01 5.520000e-01 0.000000e+00 
1.914050e+02 2.763890e+19 9.031820e+03 2.594250e+03 8.525870e+02 5.879440e+03 1.133120e+03 0.000000e+00 3.171360e-06 0.000000e+00 0.000000e+00 0.000000e+00 0.000000e+00 0.000000e+00 -0.000000e+00 0.000000e+00 1.000000e+00 2.182750e-01 5.555010e-01 0.000000e+00 
1.914050e+02 2.763890e+19 9.031820e+03 2.594250e+03 8.525870e+02 5.879440e+03 1.133120e+03 0.000000e+00 6.279080e-06 0.000000e+00 0.000000e+00 -4.320220e-12 0.000000e+00 0.000000e+00 -0.000000e+00 0.000000e+00 1.000000e+00 2.365470e-01 5.590220e-01 0.000000e+00 
1.937050e+02 2.797100e+19 8.808760e+03 2.621690e+03 8.476460e+02 5.875900e+03 1.140320e+03 0.000000e+00 9.386800e-06 0.000000e+00 0.000000e+00 8.640450e-12 0.000000e+00 0.000000e+00 -0.000000e+00 0.000000e+00 1.000000e+00 2.548150e-01 5.625650e-01 0.000000e+00 
1.963000e+02 2.834570e+19 8.619430e+03 2.726450e+03 8.447830e+02 5.869870e+03 1.138510e+03 0.000000e+00 1.249560e-05 0.000000e+00 0.000000e+00 1.728090e-11 0.000000e+00 0.000000e+00 0.000000e+00 0.000000e+00 1.000000e+00 2.730820e-01 5.661090e-01 0.000000e+00 
1.987700e+02 2.870240e+19 8.360300e+03 2.748900e+03 8.893060e+02 5.868850e+03 1.134560e+03 0.000000e+00 1.560770e-05 0.000000e+00 0.000000e+00 0.000000e+00 0.000000e+00 0.000000e+00 0.000000e+00 0.000000e+00 1.000000e+00 2.913490e-01 5.696520e-01 0.000000e+00 
1.987700e+02 2.870240e+19 8.360300e+03 2.748900e+03 8.893060e+02 5.868850e+03 1.134560e+03 0.000000e+00 1.872060e-05 0.000000e+00 0.000000e+00 8.640450e-12 0.000000e+00 0.000000e+00 0.000000e+00 0.000000e+00 1.000000e+00 3.096190e-01 5.731840e-01 0.000000e+00 
2.002200e+02 2.891180e+19 8.218490e+03 2.850040e+03 9.158370e+02 5.873300e+03 1.130730e+03 0.000000e+00 2.183350e-05 0.000000e+00 0.000000e+00 0.000000e+00 0.000000e+00 0.000000e+00 0.000000e+00 0.000000e+00 1.000000e+00 3.278890e-01 5.767090e-01 0.000000e+00 
1.972950e+02 2.848940e+19 7.852820e+03 2.668210e+03 8.633010e+02 5.954520e+03 1.099330e+03 0.000000e+00 2.494460e-05 0.000000e+00 0.000000e+00 0.000000e+00 0.000000e+00 0.000000e+00 0.000000e+00 0.000000e+00 1.000000e+00 3.461690e-01 5.801860e-01 0.000000e+00 
1.972950e+02 2.848940e+19 7.852820e+03 2.668210e+03 8.633010e+02 5.954520e+03 1.099330e+03 0.000000e+00 2.801770e-05 0.000000e+00 0.000000e+00 0.000000e+00 0.000000e+00 0.000000e+00 0.000000e+00 0.000000e+00 1.000000e+00 3.644680e-01 5.835650e-01 0.000000e+00 
1.986350e+02 2.868290e+19 7.713110e+03 2.708700e+03 8.329860e+02 5.960870e+03 1.099510e+03 0.000000e+00 3.109090e-05 0.000000e+00 0.000000e+00 0.000000e+00 0.000000e+00 0.000000e+00 0.000000e+00 0.000000e+00 1.000000e+00 3.827680e-01 5.869400e-01 0.000000e+00 
1.993900e+02 2.879190e+19 7.576960e+03 2.761810e+03 8.829300e+02 5.950480e+03 1.091820e+03 0.000000e+00 3.416080e-05 0.000000e+00 0.000000e+00 0.000000e+00 0.000000e+00 0.000000e+00 0.000000e+00 0.000000e+00 1.000000e+00 4.010680e-01 5.903110e-01 0.000000e+00 
1.993900e+02 2.879190e+19 7.576960e+03 2.761810e+03 8.829300e+02 5.950480e+03 1.091820e+03 0.000000e+00 3.422230e-05 0.000000e+00 0.000000e+00 0.000000e+00 0.000000e+00 0.000000e+00 -0.000000e+00 0.000000e+00 1.000000e+00 4.193710e-01 5.936690e-01 0.000000e+00 
1.993900e+02 2.879190e+19 7.576960e+03 2.761810e+03 8.829300e+02 5.950480e+03 1.091820e+03 0.000000e+00 3.428380e-05 0.000000e+00 0.000000e+00 -6.480100e-12 0.000000e+00 0.000000e+00 -0.000000e+00 0.000000e+00 1.000000e+00 4.197370e-01 5.937360e-01 0.000000e+00 
1.993900e+02 2.879190e+19 7.576960e+03 2.761810e+03 8.829300e+02 5.950480e+03 1.091820e+03 0.000000e+00 3.434530e-05 0.000000e+00 0.000000e+00 -1.404020e-11 0.000000e+00 0.000000e+00 0.000000e+00 0.000000e+00 1.000000e+00 4.201030e-01 5.938030e-01 0.000000e+00 
1.993900e+02 2.879190e+19 7.576960e+03 2.761810e+03 8.829300e+02 5.950480e+03 1.091820e+03 0.000000e+00 3.440690e-05 0.000000e+00 0.000000e+00 1.296020e-11 0.000000e+00 0.000000e+00 0.000000e+00 0.000000e+00 1.000000e+00 4.204690e-01 5.938710e-01 0.000000e+00 
1.993900e+02 2.879190e+19 7.576960e+03 2.761810e+03 8.829300e+02 5.950480e+03 1.091820e+03 0.000000e+00 3.446840e-05 0.000000e+00 0.000000e+00 -4.050060e-12 0.000000e+00 0.000000e+00 0.000000e+00 0.000000e+00 1.000000e+00 4.208350e-01 5.939380e-01 0.000000e+00 
1.996700e+02 2.883230e+19 7.297440e+03 2.756950e+03 9.101350e+02 5.978710e+03 1.073300e+03 0.000000e+00 3.452990e-05 0.000000e+00 0.000000e+00 0.000000e+00 0.000000e+00 0.000000e+00 0.000000e+00 0.000000e+00 1.000000e+00 4.212010e-01 5.940040e-01 0.000000e+00 
1.996700e+02 2.883230e+19 7.297440e+03 2.756950e+03 9.101350e+02 5.978710e+03 1.073300e+03 0.000000e+00 3.759330e-05 0.000000e+00 0.000000e+00 1.728030e-11 0.000000e+00 0.000000e+00 0.000000e+00 0.000000e+00 1.000000e+00 4.395160e-01 5.972920e-01 0.000000e+00 
1.996900e+02 2.883520e+19 7.173510e+03 2.793160e+03 9.090390e+02 5.982810e+03 1.060270e+03 0.000000e+00 4.065050e-05 0.000000e+00 0.000000e+00 1.728030e-11 0.000000e+00 0.000000e+00 0.000000e+00 0.000000e+00 1.000000e+00 4.578350e-01 6.005600e-01 0.000000e+00 
2.004250e+02 2.894140e+19 7.011300e+03 2.886490e+03 9.395680e+02 5.986400e+03 1.052140e+03 0.000000e+00 4.371300e-05 0.000000e+00 0.000000e+00 0.000000e+00 0.000000e+00 0.000000e+00 0.000000e+00 0.000000e+00 1.000000e+00 4.761590e-01 6.038000e-01 0.000000e+00 
1.956750e+02 2.825550e+19 6.971810e+03 2.735690e+03 8.826020e+02 6.040750e+03 1.060870e+03 0.000000e+00 4.677450e-05 0.000000e+00 0.000000e+00 0.000000e+00 0.000000e+00 0.000000e+00 0.000000e+00 0.000000e+00 1.000000e+00 4.944860e-01 6.070190e-01 0.000000e+00 
1.973050e+02 2.849080e+19 6.840150e+03 2.694090e+03 8.938560e+02 6.036930e+03 1.047970e+03 0.000000e+00 4.980850e-05 0.000000e+00 0.000000e+00 0.000000e+00 0.000000e+00 0.000000e+00 0.000000e+00 0.000000e+00 1.000000e+00 5.128170e-01 6.102200e-01 0.000000e+00 
1.978150e+02 2.856450e+19 6.681550e+03 2.759990e+03 9.225720e+02 6.044000e+03 1.037690e+03 0.000000e+00 5.276060e-05 0.000000e+00 0.000000e+00 0.000000e+00 0.000000e+00 0.000000e+00 0.000000e+00 0.000000e+00 1.000000e+00 5.311530e-01 6.133930e-01 0.000000e+00 
1.978150e+02 2.856450e+19 6.681550e+03 2.759990e+03 9.225720e+02 6.044000e+03 1.037690e+03 0.000000e+00 5.579500e-05 0.000000e+00 0.000000e+00 4.320070e-12 0.000000e+00 0.000000e+00 0.000000e+00 0.000000e+00 1.000000e+00 5.494930e-01 6.165420e-01 0.000000e+00 
1.970050e+02 2.844750e+19 6.493600e+03 2.837410e+03 9.105320e+02 6.059280e+03 1.009870e+03 0.000000e+00 5.882930e-05 0.000000e+00 0.000000e+00 0.000000e+00 0.000000e+00 0.000000e+00 0.000000e+00 0.000000e+00 1.000000e+00 5.678460e-01 6.196100e-01 0.000000e+00 
1.961350e+02 2.832190e+19 6.366260e+03 2.818790e+03 9.109730e+02 6.070780e+03 9.939050e+02 0.000000e+00 6.128180e-05 0.000000e+00 0.000000e+00 0.000000e+00 0.000000e+00 0.000000e+00 0.000000e+00 0.000000e+00 1.000000e+00 5.841470e-01 6.223120e-01 0.000000e+00 
1.961350e+02 2.832190e+19 6.366260e+03 2.818790e+03 9.109730e+02 6.070780e+03 9.939050e+02 0.000000e+00 6.134230e-05 0.000000e+00 0.000000e+00 8.640130e-12 0.000000e+00 0.000000e+00 -0.000000e+00 0.000000e+00 1.000000e+00 5.990140e-01 6.247470e-01 0.000000e+00 
1.961350e+02 2.832190e+19 6.366260e+03 2.818790e+03 9.109730e+02 6.070780e+03 9.939050e+02 0.000000e+00 6.140280e-05 0.000000e+00 0.000000e+00 -8.640130e-12 0.000000e+00 0.000000e+00 -0.000000e+00 0.000000e+00 1.000000e+00 5.993810e-01 6.248070e-01 0.000000e+00 
1.961350e+02 2.832190e+19 6.366260e+03 2.818790e+03 9.109730e+02 6.070780e+03 9.939050e+02 0.000000e+00 6.146330e-05 0.000000e+00 0.000000e+00 8.640130e-12 0.000000e+00 0.000000e+00 -0.000000e+00 0.000000e+00 1.000000e+00 5.997490e-01 6.248670e-01 0.000000e+00 
1.961350e+02 2.832190e+19 6.366260e+03 2.818790e+03 9.109730e+02 6.070780e+03 9.939050e+02 0.000000e+00 6.152380e-05 0.000000e+00 0.000000e+00 -8.640130e-12 0.000000e+00 0.000000e+00 -0.000000e+00 0.000000e+00 1.000000e+00 6.001160e-01 6.249270e-01 0.000000e+00 
1.961350e+02 2.832190e+19 6.366260e+03 2.818790e+03 9.109730e+02 6.070780e+03 9.939050e+02 0.000000e+00 6.158430e-05 0.000000e+00 0.000000e+00 8.640130e-12 0.000000e+00 0.000000e+00 0.000000e+00 0.000000e+00 1.000000e+00 6.004830e-01 6.249870e-01 0.000000e+00 
1.961350e+02 2.832190e+19 6.366260e+03 2.818790e+03 9.109730e+02 6.070780e+03 9.939050e+02 0.000000e+00 6.164480e-05 0.000000e+00 0.000000e+00 -4.320070e-12 0.000000e+00 0.000000e+00 -0.000000e+00 0.000000e+00 1.000000e+00 6.008500e-01 6.250470e-01 0.000000e+00 
1.961350e+02 2.832190e+19 6.366260e+03 2.818790e+03 9.109730e+02 6.070780e+03 9.939050e+02 0.000000e+00 6.170530e-05 0.000000e+00 0.000000e+00 4.320070e-12 0.000000e+00 0.000000e+00 0.000000e+00 0.000000e+00 1.000000e+00 6.012180e-01 6.251070e-01 0.000000e+00 
1.961350e+02 2.832190e+19 6.366260e+03 2.818790e+03 9.109730e+02 6.070780e+03 9.939050e+02 0.000000e+00 6.176580e-05 0.000000e+00 0.000000e+00 -4.320070e-12 0.000000e+00 0.000000e+00 0.000000e+00 0.000000e+00 1.000000e+00 6.015850e-01 6.251670e-01 0.000000e+00 
1.961350e+02 2.832190e+19 6.366260e+03 2.818790e+03 9.109730e+02 6.070780e+03 9.939050e+02 0.000000e+00 6.182630e-05 0.000000e+00 0.000000e+00 1.296020e-11 0.000000e+00 0.000000e+00 0.000000e+00 0.000000e+00 1.000000e+00 6.019520e-01 6.252280e-01 0.000000e+00 
1.961350e+02 2.832190e+19 6.366260e+03 2.818790e+03 9.109730e+02 6.070780e+03 9.939050e+02 0.000000e+00 6.188680e-05 0.000000e+00 0.000000e+00 -1.296020e-11 0.000000e+00 0.000000e+00 0.000000e+00 0.000000e+00 1.000000e+00 6.023200e-01 6.252880e-01 0.000000e+00 
1.961350e+02 2.832190e+19 6.366260e+03 2.818790e+03 9.109730e+02 6.070780e+03 9.939050e+02 0.000000e+00 6.194730e-05 0.000000e+00 0.000000e+00 4.320070e-12 0.000000e+00 0.000000e+00 0.000000e+00 0.000000e+00 1.000000e+00 6.026870e-01 6.253480e-01 0.000000e+00 
1.961350e+02 2.832190e+19 6.366260e+03 2.818790e+03 9.109730e+02 6.070780e+03 9.939050e+02 0.000000e+00 6.200780e-05 0.000000e+00 0.000000e+00 -1.080020e-11 0.000000e+00 0.000000e+00 -0.000000e+00 0.000000e+00 1.000000e+00 6.030540e-01 6.254080e-01 0.000000e+00 
1.961350e+02 2.832190e+19 6.366260e+03 2.818790e+03 9.109730e+02 6.070780e+03 9.939050e+02 0.000000e+00 6.206830e-05 0.000000e+00 0.000000e+00 8.640130e-12 0.000000e+00 0.000000e+00 -0.000000e+00 0.000000e+00 1.000000e+00 6.034210e-01 6.254680e-01 0.000000e+00 
1.961350e+02 2.832190e+19 6.366260e+03 2.818790e+03 9.109730e+02 6.070780e+03 9.939050e+02 0.000000e+00 6.212880e-05 0.000000e+00 0.000000e+00 -1.512020e-11 0.000000e+00 0.000000e+00 0.000000e+00 0.000000e+00 1.000000e+00 6.037890e-01 6.255280e-01 0.000000e+00 
1.961350e+02 2.832190e+19 6.366260e+03 2.818790e+03 9.109730e+02 6.070780e+03 9.939050e+02 0.000000e+00 6.218930e-05 0.000000e+00 0.000000e+00 3.240050e-12 0.000000e+00 0.000000e+00 0.000000e+00 0.000000e+00 1.000000e+00 6.041560e-01 6.255880e-01 0.000000e+00 
1.961350e+02 2.832190e+19 6.366260e+03 2.818790e+03 9.109730e+02 6.070780e+03 9.939050e+02 0.000000e+00 6.224980e-05 0.000000e+00 0.000000e+00 -1.296020e-11 0.000000e+00 0.000000e+00 0.000000e+00 0.000000e+00 1.000000e+00 6.045230e-01 6.256480e-01 0.000000e+00 
1.961350e+02 2.832190e+19 6.366260e+03 2.818790e+03 9.109730e+02 6.070780e+03 9.939050e+02 0.000000e+00 6.231030e-05 0.000000e+00 0.000000e+00 1.080020e-11 0.000000e+00 0.000000e+00 -0.000000e+00 0.000000e+00 1.000000e+00 6.048900e-01 6.257090e-01 0.000000e+00 
1.961350e+02 2.832190e+19 6.366260e+03 2.818790e+03 9.109730e+02 6.070780e+03 9.939050e+02 0.000000e+00 6.237080e-05 0.000000e+00 0.000000e+00 -5.535090e-12 0.000000e+00 0.000000e+00 0.000000e+00 0.000000e+00 1.000000e+00 6.052580e-01 6.257690e-01 0.000000e+00 
1.945500e+02 2.809300e+19 6.332450e+03 2.837870e+03 9.461920e+02 6.074380e+03 9.853090e+02 0.000000e+00 6.243130e-05 0.000000e+00 0.000000e+00 0.000000e+00 0.000000e+00 0.000000e+00 0.000000e+00 0.000000e+00 1.000000e+00 6.056250e-01 6.258280e-01 0.000000e+00 
1.945500e+02 2.809300e+19 6.332450e+03 2.837870e+03 9.461920e+02 6.074380e+03 9.853090e+02 0.000000e+00 6.249180e-05 0.000000e+00 0.000000e+00 0.000000e+00 0.000000e+00 0.000000e+00 0.000000e+00 0.000000e+00 1.000000e+00 6.059920e-01 6.258880e-01 0.000000e+00 
1.945500e+02 2.809300e+19 6.332450e+03 2.837870e+03 9.461920e+02 6.074380e+03 9.853090e+02 0.000000e+00 6.255220e-05 0.000000e+00 0.000000e+00 0.000000e+00 0.000000e+00 0.000000e+00 -0.000000e+00 0.000000e+00 1.000000e+00 6.063600e-01 6.259480e-01 0.000000e+00 
1.945500e+02 2.809300e+19 6.332450e+03 2.837870e+03 9.461920e+02 6.074380e+03 9.853090e+02 0.000000e+00 6.261270e-05 0.000000e+00 0.000000e+00 0.000000e+00 0.000000e+00 0.000000e+00 -0.000000e+00 0.000000e+00 1.000000e+00 6.067270e-01 6.260070e-01 0.000000e+00 
1.945500e+02 2.809300e+19 6.332450e+03 2.837870e+03 9.461920e+02 6.074380e+03 9.853090e+02 0.000000e+00 6.267320e-05 0.000000e+00 0.000000e+00 0.000000e+00 0.000000e+00 0.000000e+00 0.000000e+00 0.000000e+00 1.000000e+00 6.070950e-01 6.260670e-01 0.000000e+00 
1.945500e+02 2.809300e+19 6.332450e+03 2.837870e+03 9.461920e+02 6.074380e+03 9.853090e+02 0.000000e+00 6.273370e-05 0.000000e+00 0.000000e+00 0.000000e+00 0.000000e+00 0.000000e+00 0.000000e+00 0.000000e+00 1.000000e+00 6.074620e-01 6.261260e-01 0.000000e+00 
1.945500e+02 2.809300e+19 6.332450e+03 2.837870e+03 9.461920e+02 6.074380e+03 9.853090e+02 0.000000e+00 6.279420e-05 0.000000e+00 0.000000e+00 0.000000e+00 0.000000e+00 0.000000e+00 -0.000000e+00 0.000000e+00 1.000000e+00 6.078290e-01 6.261860e-01 0.000000e+00 
1.945500e+02 2.809300e+19 6.332450e+03 2.837870e+03 9.461920e+02 6.074380e+03 9.853090e+02 0.000000e+00 6.285460e-05 0.000000e+00 0.000000e+00 0.000000e+00 0.000000e+00 0.000000e+00 0.000000e+00 0.000000e+00 1.000000e+00 6.081970e-01 6.262450e-01 0.000000e+00 
1.945500e+02 2.809300e+19 6.332450e+03 2.837870e+03 9.461920e+02 6.074380e+03 9.853090e+02 0.000000e+00 6.291510e-05 0.000000e+00 0.000000e+00 3.456050e-11 0.000000e+00 0.000000e+00 0.000000e+00 0.000000e+00 1.000000e+00 6.085640e-01 6.263050e-01 0.000000e+00 
1.945500e+02 2.809300e+19 6.332450e+03 2.837870e+03 9.461920e+02 6.074380e+03 9.853090e+02 0.000000e+00 6.297560e-05 0.000000e+00 0.000000e+00 0.000000e+00 0.000000e+00 0.000000e+00 -0.000000e+00 0.000000e+00 1.000000e+00 6.089310e-01 6.263650e-01 0.000000e+00 
1.945500e+02 2.809300e+19 6.332450e+03 2.837870e+03 9.461920e+02 6.074380e+03 9.853090e+02 0.000000e+00 6.303610e-05 0.000000e+00 0.000000e+00 0.000000e+00 0.000000e+00 0.000000e+00 0.000000e+00 0.000000e+00 1.000000e+00 6.092990e-01 6.264240e-01 0.000000e+00 
1.945500e+02 2.809300e+19 6.332450e+03 2.837870e+03 9.461920e+02 6.074380e+03 9.853090e+02 0.000000e+00 6.309650e-05 0.000000e+00 0.000000e+00 0.000000e+00 0.000000e+00 0.000000e+00 -0.000000e+00 0.000000e+00 1.000000e+00 6.096660e-01 6.264840e-01 0.000000e+00 
1.945500e+02 2.809300e+19 6.332450e+03 2.837870e+03 9.461920e+02 6.074380e+03 9.853090e+02 0.000000e+00 6.315700e-05 0.000000e+00 0.000000e+00 0.000000e+00 0.000000e+00 0.000000e+00 0.000000e+00 0.000000e+00 1.000000e+00 6.100330e-01 6.265430e-01 0.000000e+00 
1.945500e+02 2.809300e+19 6.332450e+03 2.837870e+03 9.461920e+02 6.074380e+03 9.853090e+02 0.000000e+00 6.321750e-05 0.000000e+00 0.000000e+00 0.000000e+00 0.000000e+00 0.000000e+00 -0.000000e+00 0.000000e+00 1.000000e+00 6.104010e-01 6.266030e-01 0.000000e+00 
1.945500e+02 2.809300e+19 6.332450e+03 2.837870e+03 9.461920e+02 6.074380e+03 9.853090e+02 0.000000e+00 6.327800e-05 0.000000e+00 0.000000e+00 0.000000e+00 0.000000e+00 0.000000e+00 0.000000e+00 0.000000e+00 1.000000e+00 6.107680e-01 6.266630e-01 0.000000e+00 
1.945500e+02 2.809300e+19 6.332450e+03 2.837870e+03 9.461920e+02 6.074380e+03 9.853090e+02 0.000000e+00 6.333850e-05 0.000000e+00 0.000000e+00 0.000000e+00 0.000000e+00 0.000000e+00 -0.000000e+00 0.000000e+00 1.000000e+00 6.111360e-01 6.267220e-01 0.000000e+00 
1.945500e+02 2.809300e+19 6.332450e+03 2.837870e+03 9.461920e+02 6.074380e+03 9.853090e+02 0.000000e+00 6.339890e-05 0.000000e+00 0.000000e+00 0.000000e+00 0.000000e+00 0.000000e+00 0.000000e+00 0.000000e+00 1.000000e+00 6.115030e-01 6.267820e-01 0.000000e+00 
1.945500e+02 2.809300e+19 6.332450e+03 2.837870e+03 9.461920e+02 6.074380e+03 9.853090e+02 0.000000e+00 6.345940e-05 0.000000e+00 0.000000e+00 3.456050e-11 0.000000e+00 0.000000e+00 -0.000000e+00 0.000000e+00 1.000000e+00 6.118700e-01 6.268410e-01 0.000000e+00 
1.945500e+02 2.809300e+19 6.332450e+03 2.837870e+03 9.461920e+02 6.074380e+03 9.853090e+02 0.000000e+00 6.351990e-05 0.000000e+00 0.000000e+00 0.000000e+00 0.000000e+00 0.000000e+00 -0.000000e+00 0.000000e+00 1.000000e+00 6.122380e-01 6.269010e-01 0.000000e+00 
1.945500e+02 2.809300e+19 6.332450e+03 2.837870e+03 9.461920e+02 6.074380e+03 9.853090e+02 0.000000e+00 6.358040e-05 0.000000e+00 0.000000e+00 0.000000e+00 0.000000e+00 0.000000e+00 -0.000000e+00 0.000000e+00 1.000000e+00 6.126050e-01 6.269610e-01 0.000000e+00 
1.945500e+02 2.809300e+19 6.332450e+03 2.837870e+03 9.461920e+02 6.074380e+03 9.853090e+02 0.000000e+00 6.364080e-05 0.000000e+00 0.000000e+00 0.000000e+00 0.000000e+00 0.000000e+00 0.000000e+00 0.000000e+00 1.000000e+00 6.129720e-01 6.270200e-01 0.000000e+00 
1.945500e+02 2.809300e+19 6.332450e+03 2.837870e+03 9.461920e+02 6.074380e+03 9.853090e+02 0.000000e+00 6.370130e-05 0.000000e+00 0.000000e+00 3.456050e-11 0.000000e+00 0.000000e+00 -0.000000e+00 0.000000e+00 1.000000e+00 6.133400e-01 6.270800e-01 0.000000e+00 
1.945500e+02 2.809300e+19 6.332450e+03 2.837870e+03 9.461920e+02 6.074380e+03 9.853090e+02 0.000000e+00 6.376180e-05 0.000000e+00 0.000000e+00 0.000000e+00 0.000000e+00 0.000000e+00 -0.000000e+00 0.000000e+00 1.000000e+00 6.137070e-01 6.271390e-01 0.000000e+00 
1.945500e+02 2.809300e+19 6.332450e+03 2.837870e+03 9.461920e+02 6.074380e+03 9.853090e+02 0.000000e+00 6.382230e-05 0.000000e+00 0.000000e+00 0.000000e+00 0.000000e+00 0.000000e+00 0.000000e+00 0.000000e+00 1.000000e+00 6.140740e-01 6.271990e-01 0.000000e+00 
1.945500e+02 2.809300e+19 6.332450e+03 2.837870e+03 9.461920e+02 6.074380e+03 9.853090e+02 0.000000e+00 6.388270e-05 0.000000e+00 0.000000e+00 0.000000e+00 0.000000e+00 0.000000e+00 -0.000000e+00 0.000000e+00 1.000000e+00 6.144420e-01 6.272580e-01 0.000000e+00 
1.945500e+02 2.809300e+19 6.332450e+03 2.837870e+03 9.461920e+02 6.074380e+03 9.853090e+02 0.000000e+00 6.394320e-05 0.000000e+00 0.000000e+00 0.000000e+00 0.000000e+00 0.000000e+00 -0.000000e+00 0.000000e+00 1.000000e+00 6.148090e-01 6.273180e-01 0.000000e+00 
1.945500e+02 2.809300e+19 6.332450e+03 2.837870e+03 9.461920e+02 6.074380e+03 9.853090e+02 0.000000e+00 6.400370e-05 0.000000e+00 0.000000e+00 0.000000e+00 0.000000e+00 0.000000e+00 0.000000e+00 0.000000e+00 1.000000e+00 6.151760e-01 6.273780e-01 0.000000e+00 
1.945500e+02 2.809300e+19 6.332450e+03 2.837870e+03 9.461920e+02 6.074380e+03 9.853090e+02 0.000000e+00 6.406420e-05 0.000000e+00 0.000000e+00 1.728030e-11 0.000000e+00 0.000000e+00 0.000000e+00 0.000000e+00 1.000000e+00 6.155440e-01 6.274370e-01 0.000000e+00 
1.945500e+02 2.809300e+19 6.332450e+03 2.837870e+03 9.461920e+02 6.074380e+03 9.853090e+02 0.000000e+00 6.412470e-05 0.000000e+00 0.000000e+00 0.000000e+00 0.000000e+00 0.000000e+00 -0.000000e+00 0.000000e+00 1.000000e+00 6.159110e-01 6.274970e-01 0.000000e+00 
1.945500e+02 2.809300e+19 6.332450e+03 2.837870e+03 9.461920e+02 6.074380e+03 9.853090e+02 0.000000e+00 6.418510e-05 0.000000e+00 0.000000e+00 0.000000e+00 0.000000e+00 0.000000e+00 0.000000e+00 0.000000e+00 1.000000e+00 6.162790e-01 6.275560e-01 0.000000e+00 
1.945500e+02 2.809300e+19 6.332450e+03 2.837870e+03 9.461920e+02 6.074380e+03 9.853090e+02 0.000000e+00 6.424560e-05 0.000000e+00 0.000000e+00 0.000000e+00 0.000000e+00 0.000000e+00 -0.000000e+00 0.000000e+00 1.000000e+00 6.166460e-01 6.276160e-01 0.000000e+00 
1.945500e+02 2.809300e+19 6.332450e+03 2.837870e+03 9.461920e+02 6.074380e+03 9.853090e+02 0.000000e+00 6.430610e-05 0.000000e+00 0.000000e+00 1.728030e-11 0.000000e+00 0.000000e+00 0.000000e+00 0.000000e+00 1.000000e+00 6.170130e-01 6.276760e-01 0.000000e+00 
1.945500e+02 2.809300e+19 6.332450e+03 2.837870e+03 9.461920e+02 6.074380e+03 9.853090e+02 0.000000e+00 6.436660e-05 0.000000e+00 0.000000e+00 1.728030e-11 0.000000e+00 0.000000e+00 -0.000000e+00 0.000000e+00 1.000000e+00 6.173810e-01 6.277350e-01 0.000000e+00 
1.945500e+02 2.809300e+19 6.332450e+03 2.837870e+03 9.461920e+02 6.074380e+03 9.853090e+02 0.000000e+00 6.442700e-05 0.000000e+00 0.000000e+00 0.000000e+00 0.000000e+00 0.000000e+00 -0.000000e+00 0.000000e+00 1.000000e+00 6.177480e-01 6.277950e-01 0.000000e+00 
1.945500e+02 2.809300e+19 6.332450e+03 2.837870e+03 9.461920e+02 6.074380e+03 9.853090e+02 0.000000e+00 6.448750e-05 0.000000e+00 0.000000e+00 0.000000e+00 0.000000e+00 0.000000e+00 -0.000000e+00 0.000000e+00 1.000000e+00 6.181150e-01 6.278540e-01 0.000000e+00 
1.945500e+02 2.809300e+19 6.332450e+03 2.837870e+03 9.461920e+02 6.074380e+03 9.853090e+02 0.000000e+00 6.454800e-05 0.000000e+00 0.000000e+00 0.000000e+00 0.000000e+00 0.000000e+00 0.000000e+00 0.000000e+00 1.000000e+00 6.184830e-01 6.279140e-01 0.000000e+00 
1.945500e+02 2.809300e+19 6.332450e+03 2.837870e+03 9.461920e+02 6.074380e+03 9.853090e+02 0.000000e+00 6.460850e-05 0.000000e+00 0.000000e+00 0.000000e+00 0.000000e+00 0.000000e+00 -0.000000e+00 0.000000e+00 1.000000e+00 6.188500e-01 6.279740e-01 0.000000e+00 
1.945500e+02 2.809300e+19 6.332450e+03 2.837870e+03 9.461920e+02 6.074380e+03 9.853090e+02 0.000000e+00 6.466900e-05 0.000000e+00 0.000000e+00 0.000000e+00 0.000000e+00 0.000000e+00 -0.000000e+00 0.000000e+00 1.000000e+00 6.192180e-01 6.280330e-01 0.000000e+00 
1.945500e+02 2.809300e+19 6.332450e+03 2.837870e+03 9.461920e+02 6.074380e+03 9.853090e+02 0.000000e+00 6.472940e-05 0.000000e+00 0.000000e+00 0.000000e+00 0.000000e+00 0.000000e+00 0.000000e+00 0.000000e+00 1.000000e+00 6.195850e-01 6.280930e-01 0.000000e+00 
1.945500e+02 2.809300e+19 6.332450e+03 2.837870e+03 9.461920e+02 6.074380e+03 9.853090e+02 0.000000e+00 6.478990e-05 0.000000e+00 0.000000e+00 0.000000e+00 0.000000e+00 0.000000e+00 0.000000e+00 0.000000e+00 1.000000e+00 6.199520e-01 6.281520e-01 0.000000e+00 
1.945500e+02 2.809300e+19 6.332450e+03 2.837870e+03 9.461920e+02 6.074380e+03 9.853090e+02 0.000000e+00 6.485040e-05 0.000000e+00 0.000000e+00 0.000000e+00 0.000000e+00 0.000000e+00 -0.000000e+00 0.000000e+00 1.000000e+00 6.203200e-01 6.282120e-01 0.000000e+00 
1.945500e+02 2.809300e+19 6.332450e+03 2.837870e+03 9.461920e+02 6.074380e+03 9.853090e+02 0.000000e+00 6.491090e-05 0.000000e+00 0.000000e+00 0.000000e+00 0.000000e+00 0.000000e+00 0.000000e+00 0.000000e+00 1.000000e+00 6.206870e-01 6.282720e-01 0.000000e+00 
1.945500e+02 2.809300e+19 6.332450e+03 2.837870e+03 9.461920e+02 6.074380e+03 9.853090e+02 0.000000e+00 6.497130e-05 0.000000e+00 0.000000e+00 0.000000e+00 0.000000e+00 0.000000e+00 0.000000e+00 0.000000e+00 1.000000e+00 6.210540e-01 6.283310e-01 0.000000e+00 
1.945500e+02 2.809300e+19 6.332450e+03 2.837870e+03 9.461920e+02 6.074380e+03 9.853090e+02 0.000000e+00 6.503180e-05 0.000000e+00 0.000000e+00 0.000000e+00 0.000000e+00 0.000000e+00 -0.000000e+00 0.000000e+00 1.000000e+00 6.214220e-01 6.283910e-01 0.000000e+00 
1.945500e+02 2.809300e+19 6.332450e+03 2.837870e+03 9.461920e+02 6.074380e+03 9.853090e+02 0.000000e+00 6.509230e-05 0.000000e+00 0.000000e+00 0.000000e+00 0.000000e+00 0.000000e+00 0.000000e+00 0.000000e+00 1.000000e+00 6.217890e-01 6.284500e-01 0.000000e+00 
1.945500e+02 2.809300e+19 6.332450e+03 2.837870e+03 9.461920e+02 6.074380e+03 9.853090e+02 0.000000e+00 6.515280e-05 0.000000e+00 0.000000e+00 0.000000e+00 0.000000e+00 0.000000e+00 -0.000000e+00 0.000000e+00 1.000000e+00 6.221560e-01 6.285100e-01 0.000000e+00 
1.945500e+02 2.809300e+19 6.332450e+03 2.837870e+03 9.461920e+02 6.074380e+03 9.853090e+02 0.000000e+00 6.521330e-05 0.000000e+00 0.000000e+00 0.000000e+00 0.000000e+00 0.000000e+00 0.000000e+00 0.000000e+00 1.000000e+00 6.225240e-01 6.285690e-01 0.000000e+00 
1.945500e+02 2.809300e+19 6.332450e+03 2.837870e+03 9.461920e+02 6.074380e+03 9.853090e+02 0.000000e+00 6.527370e-05 0.000000e+00 0.000000e+00 0.000000e+00 0.000000e+00 0.000000e+00 -0.000000e+00 0.000000e+00 1.000000e+00 6.228910e-01 6.286290e-01 0.000000e+00 
1.945500e+02 2.809300e+19 6.332450e+03 2.837870e+03 9.461920e+02 6.074380e+03 9.853090e+02 0.000000e+00 6.533420e-05 0.000000e+00 0.000000e+00 0.000000e+00 0.000000e+00 0.000000e+00 -0.000000e+00 0.000000e+00 1.000000e+00 6.232590e-01 6.286890e-01 0.000000e+00 
1.945500e+02 2.809300e+19 6.332450e+03 2.837870e+03 9.461920e+02 6.074380e+03 9.853090e+02 0.000000e+00 6.539470e-05 0.000000e+00 0.000000e+00 -1.728030e-11 0.000000e+00 0.000000e+00 -0.000000e+00 0.000000e+00 1.000000e+00 6.236260e-01 6.287480e-01 0.000000e+00 
1.945500e+02 2.809300e+19 6.332450e+03 2.837870e+03 9.461920e+02 6.074380e+03 9.853090e+02 0.000000e+00 6.545520e-05 0.000000e+00 0.000000e+00 0.000000e+00 0.000000e+00 0.000000e+00 0.000000e+00 0.000000e+00 1.000000e+00 6.239930e-01 6.288080e-01 0.000000e+00 
1.945500e+02 2.809300e+19 6.332450e+03 2.837870e+03 9.461920e+02 6.074380e+03 9.853090e+02 0.000000e+00 6.551560e-05 0.000000e+00 0.000000e+00 -8.640130e-12 0.000000e+00 0.000000e+00 -0.000000e+00 0.000000e+00 1.000000e+00 6.243610e-01 6.288670e-01 0.000000e+00 
1.945500e+02 2.809300e+19 6.332450e+03 2.837870e+03 9.461920e+02 6.074380e+03 9.853090e+02 0.000000e+00 6.557610e-05 0.000000e+00 0.000000e+00 8.640130e-12 0.000000e+00 0.000000e+00 -0.000000e+00 0.000000e+00 1.000000e+00 6.247280e-01 6.289270e-01 0.000000e+00 
1.945500e+02 2.809300e+19 6.332450e+03 2.837870e+03 9.461920e+02 6.074380e+03 9.853090e+02 0.000000e+00 6.563660e-05 0.000000e+00 0.000000e+00 -8.640130e-12 0.000000e+00 0.000000e+00 -0.000000e+00 0.000000e+00 1.000000e+00 6.250950e-01 6.289870e-01 0.000000e+00 
1.945500e+02 2.809300e+19 6.332450e+03 2.837870e+03 9.461920e+02 6.074380e+03 9.853090e+02 0.000000e+00 6.569710e-05 0.000000e+00 0.000000e+00 8.640130e-12 0.000000e+00 0.000000e+00 0.000000e+00 0.000000e+00 1.000000e+00 6.254630e-01 6.290460e-01 0.000000e+00 
1.945500e+02 2.809300e+19 6.332450e+03 2.837870e+03 9.461920e+02 6.074380e+03 9.853090e+02 0.000000e+00 6.575750e-05 0.000000e+00 0.000000e+00 -8.640130e-12 0.000000e+00 0.000000e+00 -0.000000e+00 0.000000e+00 1.000000e+00 6.258300e-01 6.291060e-01 0.000000e+00 
1.945500e+02 2.809300e+19 6.332450e+03 2.837870e+03 9.461920e+02 6.074380e+03 9.853090e+02 0.000000e+00 6.581800e-05 0.000000e+00 0.000000e+00 8.640130e-12 0.000000e+00 0.000000e+00 -0.000000e+00 0.000000e+00 1.000000e+00 6.261970e-01 6.291650e-01 0.000000e+00 
1.945500e+02 2.809300e+19 6.332450e+03 2.837870e+03 9.461920e+02 6.074380e+03 9.853090e+02 0.000000e+00 6.587850e-05 0.000000e+00 0.000000e+00 0.000000e+00 0.000000e+00 0.000000e+00 0.000000e+00 0.000000e+00 1.000000e+00 6.265650e-01 6.292250e-01 0.000000e+00 
1.945500e+02 2.809300e+19 6.332450e+03 2.837870e+03 9.461920e+02 6.074380e+03 9.853090e+02 0.000000e+00 6.593900e-05 0.000000e+00 0.000000e+00 1.728030e-11 0.000000e+00 0.000000e+00 0.000000e+00 0.000000e+00 1.000000e+00 6.269320e-01 6.292850e-01 0.000000e+00 
1.945500e+02 2.809300e+19 6.332450e+03 2.837870e+03 9.461920e+02 6.074380e+03 9.853090e+02 0.000000e+00 6.599950e-05 0.000000e+00 0.000000e+00 8.640130e-12 0.000000e+00 0.000000e+00 -0.000000e+00 0.000000e+00 1.000000e+00 6.272990e-01 6.293440e-01 0.000000e+00 
1.945500e+02 2.809300e+19 6.332450e+03 2.837870e+03 9.461920e+02 6.074380e+03 9.853090e+02 0.000000e+00 6.605990e-05 0.000000e+00 0.000000e+00 -1.728030e-11 0.000000e+00 0.000000e+00 0.000000e+00 0.000000e+00 1.000000e+00 6.276670e-01 6.294040e-01 0.000000e+00 
1.945500e+02 2.809300e+19 6.332450e+03 2.837870e+03 9.461920e+02 6.074380e+03 9.853090e+02 0.000000e+00 6.612040e-05 0.000000e+00 0.000000e+00 8.640130e-12 0.000000e+00 0.000000e+00 0.000000e+00 0.000000e+00 1.000000e+00 6.280340e-01 6.294630e-01 0.000000e+00 
1.945500e+02 2.809300e+19 6.332450e+03 2.837870e+03 9.461920e+02 6.074380e+03 9.853090e+02 0.000000e+00 6.618090e-05 0.000000e+00 0.000000e+00 -8.640130e-12 0.000000e+00 0.000000e+00 -0.000000e+00 0.000000e+00 1.000000e+00 6.284020e-01 6.295230e-01 0.000000e+00 
1.945500e+02 2.809300e+19 6.332450e+03 2.837870e+03 9.461920e+02 6.074380e+03 9.853090e+02 0.000000e+00 6.624140e-05 0.000000e+00 0.000000e+00 -1.296020e-11 0.000000e+00 0.000000e+00 0.000000e+00 0.000000e+00 1.000000e+00 6.287690e-01 6.295820e-01 0.000000e+00 
1.945500e+02 2.809300e+19 6.332450e+03 2.837870e+03 9.461920e+02 6.074380e+03 9.853090e+02 0.000000e+00 6.630180e-05 0.000000e+00 0.000000e+00 -8.640130e-12 0.000000e+00 0.000000e+00 -0.000000e+00 0.000000e+00 1.000000e+00 6.291360e-01 6.296420e-01 0.000000e+00 
1.945500e+02 2.809300e+19 6.332450e+03 2.837870e+03 9.461920e+02 6.074380e+03 9.853090e+02 0.000000e+00 6.636230e-05 0.000000e+00 0.000000e+00 -1.512020e-11 0.000000e+00 0.000000e+00 0.000000e+00 0.000000e+00 1.000000e+00 6.295040e-01 6.297020e-01 0.000000e+00 
1.945500e+02 2.809300e+19 6.332450e+03 2.837870e+03 9.461920e+02 6.074380e+03 9.853090e+02 0.000000e+00 6.642280e-05 0.000000e+00 0.000000e+00 2.160030e-12 0.000000e+00 0.000000e+00 -0.000000e+00 0.000000e+00 1.000000e+00 6.298710e-01 6.297610e-01 0.000000e+00 
1.945500e+02 2.809300e+19 6.332450e+03 2.837870e+03 9.461920e+02 6.074380e+03 9.853090e+02 0.000000e+00 6.648330e-05 0.000000e+00 0.000000e+00 1.296020e-11 0.000000e+00 0.000000e+00 -0.000000e+00 0.000000e+00 1.000000e+00 6.302380e-01 6.298210e-01 0.000000e+00 
1.945500e+02 2.809300e+19 6.332450e+03 2.837870e+03 9.461920e+02 6.074380e+03 9.853090e+02 0.000000e+00 6.654380e-05 0.000000e+00 0.000000e+00 0.000000e+00 0.000000e+00 0.000000e+00 -0.000000e+00 0.000000e+00 1.000000e+00 6.306060e-01 6.298800e-01 0.000000e+00 
1.945500e+02 2.809300e+19 6.332450e+03 2.837870e+03 9.461920e+02 6.074380e+03 9.853090e+02 0.000000e+00 6.660420e-05 0.000000e+00 0.000000e+00 -1.512020e-11 0.000000e+00 0.000000e+00 0.000000e+00 0.000000e+00 1.000000e+00 6.309730e-01 6.299400e-01 0.000000e+00 
1.945500e+02 2.809300e+19 6.332450e+03 2.837870e+03 9.461920e+02 6.074380e+03 9.853090e+02 0.000000e+00 6.666470e-05 0.000000e+00 0.000000e+00 5.400080e-13 0.000000e+00 0.000000e+00 0.000000e+00 0.000000e+00 1.000000e+00 6.313410e-01 6.300000e-01 0.000000e+00 
1.941200e+02 2.803090e+19 6.134120e+03 2.846750e+03 9.381810e+02 6.079050e+03 9.529870e+02 0.000000e+00 6.672520e-05 0.000000e+00 0.000000e+00 0.000000e+00 0.000000e+00 0.000000e+00 0.000000e+00 0.000000e+00 1.000000e+00 6.317080e-01 6.300590e-01 0.000000e+00 
1.941200e+02 2.803090e+19 6.134120e+03 2.846750e+03 9.381810e+02 6.079050e+03 9.529870e+02 0.000000e+00 6.678570e-05 0.000000e+00 0.000000e+00 0.000000e+00 0.000000e+00 0.000000e+00 0.000000e+00 0.000000e+00 1.000000e+00 6.320760e-01 6.301160e-01 0.000000e+00 
1.941200e+02 2.803090e+19 6.134120e+03 2.846750e+03 9.381810e+02 6.079050e+03 9.529870e+02 0.000000e+00 6.684620e-05 0.000000e+00 0.000000e+00 0.000000e+00 0.000000e+00 0.000000e+00 -0.000000e+00 0.000000e+00 1.000000e+00 6.324430e-01 6.301740e-01 0.000000e+00 
1.941200e+02 2.803090e+19 6.134120e+03 2.846750e+03 9.381810e+02 6.079050e+03 9.529870e+02 0.000000e+00 6.690660e-05 0.000000e+00 0.000000e+00 0.000000e+00 0.000000e+00 0.000000e+00 0.000000e+00 0.000000e+00 1.000000e+00 6.328110e-01 6.302320e-01 0.000000e+00 
1.941200e+02 2.803090e+19 6.134120e+03 2.846750e+03 9.381810e+02 6.079050e+03 9.529870e+02 0.000000e+00 6.696710e-05 0.000000e+00 0.000000e+00 0.000000e+00 0.000000e+00 0.000000e+00 -0.000000e+00 0.000000e+00 1.000000e+00 6.331790e-01 6.302890e-01 0.000000e+00 
1.941200e+02 2.803090e+19 6.134120e+03 2.846750e+03 9.381810e+02 6.079050e+03 9.529870e+02 0.000000e+00 6.702760e-05 0.000000e+00 0.000000e+00 0.000000e+00 0.000000e+00 0.000000e+00 0.000000e+00 0.000000e+00 1.000000e+00 6.335460e-01 6.303470e-01 0.000000e+00 
1.941200e+02 2.803090e+19 6.134120e+03 2.846750e+03 9.381810e+02 6.079050e+03 9.529870e+02 0.000000e+00 6.708810e-05 0.000000e+00 0.000000e+00 -3.456050e-11 0.000000e+00 0.000000e+00 -0.000000e+00 0.000000e+00 1.000000e+00 6.339140e-01 6.304040e-01 0.000000e+00 
1.941200e+02 2.803090e+19 6.134120e+03 2.846750e+03 9.381810e+02 6.079050e+03 9.529870e+02 0.000000e+00 6.714860e-05 0.000000e+00 0.000000e+00 0.000000e+00 0.000000e+00 0.000000e+00 0.000000e+00 0.000000e+00 1.000000e+00 6.342820e-01 6.304620e-01 0.000000e+00 
1.941200e+02 2.803090e+19 6.134120e+03 2.846750e+03 9.381810e+02 6.079050e+03 9.529870e+02 0.000000e+00 6.720900e-05 0.000000e+00 0.000000e+00 0.000000e+00 0.000000e+00 0.000000e+00 -0.000000e+00 0.000000e+00 1.000000e+00 6.346490e-01 6.305200e-01 0.000000e+00 
1.941200e+02 2.803090e+19 6.134120e+03 2.846750e+03 9.381810e+02 6.079050e+03 9.529870e+02 0.000000e+00 6.726950e-05 0.000000e+00 0.000000e+00 0.000000e+00 0.000000e+00 0.000000e+00 0.000000e+00 0.000000e+00 1.000000e+00 6.350170e-01 6.305770e-01 0.000000e+00 
1.941200e+02 2.803090e+19 6.134120e+03 2.846750e+03 9.381810e+02 6.079050e+03 9.529870e+02 0.000000e+00 6.733000e-05 0.000000e+00 0.000000e+00 0.000000e+00 0.000000e+00 0.000000e+00 0.000000e+00 0.000000e+00 1.000000e+00 6.353850e-01 6.306350e-01 0.000000e+00 
1.941200e+02 2.803090e+19 6.134120e+03 2.846750e+03 9.381810e+02 6.079050e+03 9.529870e+02 0.000000e+00 6.739050e-05 0.000000e+00 0.000000e+00 0.000000e+00 0.000000e+00 0.000000e+00 -0.000000e+00 0.000000e+00 1.000000e+00 6.357520e-01 6.306930e-01 0.000000e+00 
1.941200e+02 2.803090e+19 6.134120e+03 2.846750e+03 9.381810e+02 6.079050e+03 9.529870e+02 0.000000e+00 6.745100e-05 0.000000e+00 0.000000e+00 0.000000e+00 0.000000e+00 0.000000e+00 0.000000e+00 0.000000e+00 1.000000e+00 6.361200e-01 6.307500e-01 0.000000e+00 
1.941200e+02 2.803090e+19 6.134120e+03 2.846750e+03 9.381810e+02 6.079050e+03 9.529870e+02 0.000000e+00 6.751150e-05 0.000000e+00 0.000000e+00 0.000000e+00 0.000000e+00 0.000000e+00 -0.000000e+00 0.000000e+00 1.000000e+00 6.364880e-01 6.308080e-01 0.000000e+00 
1.941200e+02 2.803090e+19 6.134120e+03 2.846750e+03 9.381810e+02 6.079050e+03 9.529870e+02 0.000000e+00 6.757190e-05 0.000000e+00 0.000000e+00 0.000000e+00 0.000000e+00 0.000000e+00 0.000000e+00 0.000000e+00 1.000000e+00 6.368550e-01 6.308660e-01 0.000000e+00 
1.941200e+02 2.803090e+19 6.134120e+03 2.846750e+03 9.381810e+02 6.079050e+03 9.529870e+02 0.000000e+00 6.763240e-05 0.000000e+00 0.000000e+00 0.000000e+00 0.000000e+00 0.000000e+00 -0.000000e+00 0.000000e+00 1.000000e+00 6.372230e-01 6.309230e-01 0.000000e+00 
1.941200e+02 2.803090e+19 6.134120e+03 2.846750e+03 9.381810e+02 6.079050e+03 9.529870e+02 0.000000e+00 6.769290e-05 0.000000e+00 0.000000e+00 0.000000e+00 0.000000e+00 0.000000e+00 0.000000e+00 0.000000e+00 1.000000e+00 6.375910e-01 6.309810e-01 0.000000e+00 
1.941200e+02 2.803090e+19 6.134120e+03 2.846750e+03 9.381810e+02 6.079050e+03 9.529870e+02 0.000000e+00 6.775340e-05 0.000000e+00 0.000000e+00 0.000000e+00 0.000000e+00 0.000000e+00 -0.000000e+00 0.000000e+00 1.000000e+00 6.379580e-01 6.310380e-01 0.000000e+00 
1.941200e+02 2.803090e+19 6.134120e+03 2.846750e+03 9.381810e+02 6.079050e+03 9.529870e+02 0.000000e+00 6.781390e-05 0.000000e+00 0.000000e+00 0.000000e+00 0.000000e+00 0.000000e+00 0.000000e+00 0.000000e+00 1.000000e+00 6.383260e-01 6.310960e-01 0.000000e+00 
1.941200e+02 2.803090e+19 6.134120e+03 2.846750e+03 9.381810e+02 6.079050e+03 9.529870e+02 0.000000e+00 6.787430e-05 0.000000e+00 0.000000e+00 0.000000e+00 0.000000e+00 0.000000e+00 -0.000000e+00 0.000000e+00 1.000000e+00 6.386940e-01 6.311540e-01 0.000000e+00 
1.941200e+02 2.803090e+19 6.134120e+03 2.846750e+03 9.381810e+02 6.079050e+03 9.529870e+02 0.000000e+00 6.793480e-05 0.000000e+00 0.000000e+00 0.000000e+00 0.000000e+00 0.000000e+00 0.000000e+00 0.000000e+00 1.000000e+00 6.390610e-01 6.312110e-01 0.000000e+00 
1.941200e+02 2.803090e+19 6.134120e+03 2.846750e+03 9.381810e+02 6.079050e+03 9.529870e+02 0.000000e+00 6.799530e-05 0.000000e+00 0.000000e+00 0.000000e+00 0.000000e+00 0.000000e+00 0.000000e+00 0.000000e+00 1.000000e+00 6.394290e-01 6.312690e-01 0.000000e+00 
1.941200e+02 2.803090e+19 6.134120e+03 2.846750e+03 9.381810e+02 6.079050e+03 9.529870e+02 0.000000e+00 6.805580e-05 0.000000e+00 0.000000e+00 0.000000e+00 0.000000e+00 0.000000e+00 -0.000000e+00 0.000000e+00 1.000000e+00 6.397970e-01 6.313270e-01 0.000000e+00 
1.941200e+02 2.803090e+19 6.134120e+03 2.846750e+03 9.381810e+02 6.079050e+03 9.529870e+02 0.000000e+00 6.811630e-05 0.000000e+00 0.000000e+00 -1.728030e-11 0.000000e+00 0.000000e+00 0.000000e+00 0.000000e+00 1.000000e+00 6.401640e-01 6.313840e-01 0.000000e+00 
1.941200e+02 2.803090e+19 6.134120e+03 2.846750e+03 9.381810e+02 6.079050e+03 9.529870e+02 0.000000e+00 6.817680e-05 0.000000e+00 0.000000e+00 0.000000e+00 0.000000e+00 0.000000e+00 -0.000000e+00 0.000000e+00 1.000000e+00 6.405320e-01 6.314420e-01 0.000000e+00 
1.941200e+02 2.803090e+19 6.134120e+03 2.846750e+03 9.381810e+02 6.079050e+03 9.529870e+02 0.000000e+00 6.823720e-05 0.000000e+00 0.000000e+00 1.728030e-11 0.000000e+00 0.000000e+00 0.000000e+00 0.000000e+00 1.000000e+00 6.409000e-01 6.315000e-01 0.000000e+00 
1.941200e+02 2.803090e+19 6.134120e+03 2.846750e+03 9.381810e+02 6.079050e+03 9.529870e+02 0.000000e+00 6.829770e-05 0.000000e+00 0.000000e+00 0.000000e+00 0.000000e+00 0.000000e+00 -0.000000e+00 0.000000e+00 1.000000e+00 6.412670e-01 6.315570e-01 0.000000e+00 
1.945650e+02 2.809520e+19 6.180960e+03 2.762230e+03 8.970090e+02 6.123370e+03 9.845810e+02 0.000000e+00 6.835820e-05 0.000000e+00 0.000000e+00 0.000000e+00 0.000000e+00 0.000000e+00 -0.000000e+00 0.000000e+00 1.000000e+00 6.416350e-01 6.316150e-01 0.000000e+00 
1.927350e+02 2.783090e+19 5.999540e+03 2.794600e+03 8.769570e+02 6.145830e+03 9.679310e+02 0.000000e+00 7.135860e-05 0.000000e+00 0.000000e+00 0.000000e+00 0.000000e+00 0.000000e+00 0.000000e+00 0.000000e+00 1.000000e+00 6.600070e-01 6.345690e-01 0.000000e+00 
1.927350e+02 2.783090e+19 5.999540e+03 2.794600e+03 8.769570e+02 6.145830e+03 9.679310e+02 0.000000e+00 7.434950e-05 0.000000e+00 0.000000e+00 -1.728020e-11 0.000000e+00 0.000000e+00 0.000000e+00 0.000000e+00 1.000000e+00 6.783890e-01 6.374640e-01 0.000000e+00 
1.920650e+02 2.773420e+19 5.930160e+03 2.819810e+03 9.214580e+02 6.140130e+03 9.487350e+02 0.000000e+00 7.717970e-05 0.000000e+00 0.000000e+00 -1.728020e-11 0.000000e+00 0.000000e+00 0.000000e+00 0.000000e+00 1.000000e+00 6.967750e-01 6.403330e-01 0.000000e+00 
1.910850e+02 2.759270e+19 5.803850e+03 2.845580e+03 9.307470e+02 6.150520e+03 9.299000e+02 0.000000e+00 7.942210e-05 0.000000e+00 0.000000e+00 0.000000e+00 0.000000e+00 0.000000e+00 0.000000e+00 0.000000e+00 1.000000e+00 7.119620e-01 6.426790e-01 0.000000e+00 
1.910850e+02 2.759270e+19 5.803850e+03 2.845580e+03 9.307470e+02 6.150520e+03 9.299000e+02 0.000000e+00 8.241350e-05 0.000000e+00 0.000000e+00 -8.640120e-12 0.000000e+00 0.000000e+00 0.000000e+00 0.000000e+00 1.000000e+00 7.303610e-01 6.454610e-01 0.000000e+00 
1.880250e+02 2.715080e+19 5.749670e+03 2.825240e+03 9.056390e+02 6.154160e+03 9.166550e+02 0.000000e+00 8.540500e-05 0.000000e+00 0.000000e+00 0.000000e+00 0.000000e+00 0.000000e+00 0.000000e+00 0.000000e+00 1.000000e+00 7.487630e-01 6.482230e-01 0.000000e+00 
1.877150e+02 2.710600e+19 5.608500e+03 2.861870e+03 9.576280e+02 6.158540e+03 8.951060e+02 0.000000e+00 8.839570e-05 0.000000e+00 0.000000e+00 0.000000e+00 0.000000e+00 0.000000e+00 0.000000e+00 0.000000e+00 1.000000e+00 7.671710e-01 6.509450e-01 0.000000e+00 
1.877150e+02 2.710600e+19 5.608500e+03 2.861870e+03 9.576280e+02 6.158540e+03 8.951060e+02 0.000000e+00 8.845550e-05 0.000000e+00 0.000000e+00 -1.728020e-11 0.000000e+00 0.000000e+00 0.000000e+00 0.000000e+00 1.000000e+00 7.855860e-01 6.536220e-01 0.000000e+00 
1.877150e+02 2.710600e+19 5.608500e+03 2.861870e+03 9.576280e+02 6.158540e+03 8.951060e+02 0.000000e+00 8.851530e-05 0.000000e+00 0.000000e+00 4.320060e-12 0.000000e+00 0.000000e+00 0.000000e+00 0.000000e+00 1.000000e+00 7.859540e-01 6.536750e-01 0.000000e+00 
1.877150e+02 2.710600e+19 5.608500e+03 2.861870e+03 9.576280e+02 6.158540e+03 8.951060e+02 0.000000e+00 8.857510e-05 0.000000e+00 0.000000e+00 -4.320060e-12 0.000000e+00 0.000000e+00 0.000000e+00 0.000000e+00 1.000000e+00 7.863220e-01 6.537290e-01 0.000000e+00 
1.877150e+02 2.710600e+19 5.608500e+03 2.861870e+03 9.576280e+02 6.158540e+03 8.951060e+02 0.000000e+00 8.863490e-05 0.000000e+00 0.000000e+00 1.296020e-11 0.000000e+00 0.000000e+00 0.000000e+00 0.000000e+00 1.000000e+00 7.866910e-01 6.537820e-01 0.000000e+00 
1.877150e+02 2.710600e+19 5.608500e+03 2.861870e+03 9.576280e+02 6.158540e+03 8.951060e+02 0.000000e+00 8.869470e-05 0.000000e+00 0.000000e+00 -1.296020e-11 0.000000e+00 0.000000e+00 0.000000e+00 0.000000e+00 1.000000e+00 7.870590e-01 6.538360e-01 0.000000e+00 
1.877150e+02 2.710600e+19 5.608500e+03 2.861870e+03 9.576280e+02 6.158540e+03 8.951060e+02 0.000000e+00 8.875450e-05 0.000000e+00 0.000000e+00 -6.480090e-12 0.000000e+00 0.000000e+00 0.000000e+00 0.000000e+00 1.000000e+00 7.874270e-01 6.538890e-01 0.000000e+00 
1.877150e+02 2.710600e+19 5.608500e+03 2.861870e+03 9.576280e+02 6.158540e+03 8.951060e+02 0.000000e+00 8.881430e-05 0.000000e+00 0.000000e+00 0.000000e+00 0.000000e+00 0.000000e+00 -0.000000e+00 0.000000e+00 1.000000e+00 7.877960e-01 6.539430e-01 0.000000e+00 
1.877150e+02 2.710600e+19 5.608500e+03 2.861870e+03 9.576280e+02 6.158540e+03 8.951060e+02 0.000000e+00 8.887410e-05 0.000000e+00 0.000000e+00 2.160030e-12 0.000000e+00 0.000000e+00 0.000000e+00 0.000000e+00 1.000000e+00 7.881640e-01 6.539960e-01 0.000000e+00 
1.877150e+02 2.710600e+19 5.608500e+03 2.861870e+03 9.576280e+02 6.158540e+03 8.951060e+02 0.000000e+00 8.893390e-05 0.000000e+00 0.000000e+00 9.720130e-12 0.000000e+00 0.000000e+00 0.000000e+00 0.000000e+00 1.000000e+00 7.885320e-01 6.540500e-01 0.000000e+00 
1.877150e+02 2.710600e+19 5.608500e+03 2.861870e+03 9.576280e+02 6.158540e+03 8.951060e+02 0.000000e+00 8.899370e-05 0.000000e+00 0.000000e+00 -1.404020e-11 0.000000e+00 0.000000e+00 0.000000e+00 0.000000e+00 1.000000e+00 7.889000e-01 6.541040e-01 0.000000e+00 
1.877150e+02 2.710600e+19 5.608500e+03 2.861870e+03 9.576280e+02 6.158540e+03 8.951060e+02 0.000000e+00 8.905350e-05 0.000000e+00 0.000000e+00 -2.430030e-12 0.000000e+00 0.000000e+00 0.000000e+00 0.000000e+00 1.000000e+00 7.892690e-01 6.541570e-01 0.000000e+00 
1.851350e+02 2.673350e+19 5.575010e+03 2.832900e+03 9.404700e+02 6.165900e+03 8.932470e+02 0.000000e+00 8.911330e-05 0.000000e+00 0.000000e+00 0.000000e+00 0.000000e+00 0.000000e+00 0.000000e+00 0.000000e+00 1.000000e+00 7.896370e-01 6.542110e-01 0.000000e+00 
1.851350e+02 2.673350e+19 5.575010e+03 2.832900e+03 9.404700e+02 6.165900e+03 8.932470e+02 0.000000e+00 9.210000e-05 0.000000e+00 0.000000e+00 8.640120e-12 0.000000e+00 0.000000e+00 -0.000000e+00 0.000000e+00 1.000000e+00 8.080530e-01 6.568780e-01 0.000000e+00 
1.876650e+02 2.709880e+19 5.503130e+03 2.802210e+03 9.127990e+02 6.193930e+03 9.053810e+02 0.000000e+00 9.508670e-05 0.000000e+00 0.000000e+00 1.728030e-11 0.000000e+00 0.000000e+00 0.000000e+00 0.000000e+00 1.000000e+00 8.264670e-01 6.595580e-01 0.000000e+00 
1.866800e+02 2.695660e+19 5.376690e+03 2.813330e+03 9.232300e+02 6.205110e+03 8.788700e+02 0.000000e+00 9.805940e-05 0.000000e+00 0.000000e+00 3.456050e-11 0.000000e+00 0.000000e+00 0.000000e+00 0.000000e+00 1.000000e+00 8.448830e-01 6.622260e-01 0.000000e+00 








