2.748000e+01 1.587240e+19 7.554270e+03 4.402480e+03 1.757720e+03 4.026760e+03 -6.008700e+02 0.000000e+00 0.000000e+00 0.000000e+00 0.000000e+00 0.000000e+00 0.000000e+00 0.000000e+00 0.000000e+00 0.000000e+00 -1.000000e+00 2.000000e-01 1.840000e-01 0.000000e+00 
2.748000e+01 1.587240e+19 7.554270e+03 4.402480e+03 1.757720e+03 4.026760e+03 -6.008700e+02 0.000000e+00 4.570540e-08 0.000000e+00 0.000000e+00 0.000000e+00 0.000000e+00 0.000000e+00 0.000000e+00 0.000000e+00 -1.000000e+00 2.036810e-01 1.834510e-01 0.000000e+00 
2.748000e+01 1.587240e+19 7.554270e+03 4.402480e+03 1.757720e+03 4.026760e+03 -6.008700e+02 0.000000e+00 9.141070e-08 0.000000e+00 0.000000e+00 1.728030e-11 0.000000e+00 0.000000e+00 0.000000e+00 0.000000e+00 -1.000000e+00 2.038650e-01 1.834230e-01 0.000000e+00 
2.748000e+01 1.587240e+19 7.554270e+03 4.402480e+03 1.757720e+03 4.026760e+03 -6.008700e+02 0.000000e+00 1.371160e-07 0.000000e+00 0.000000e+00 0.000000e+00 0.000000e+00 0.000000e+00 0.000000e+00 0.000000e+00 -1.000000e+00 2.040490e-01 1.833960e-01 0.000000e+00 
2.748000e+01 1.587240e+19 7.554270e+03 4.402480e+03 1.757720e+03 4.026760e+03 -6.008700e+02 0.000000e+00 1.828210e-07 0.000000e+00 0.000000e+00 0.000000e+00 0.000000e+00 0.000000e+00 0.000000e+00 0.000000e+00 -1.000000e+00 2.042330e-01 1.833680e-01 0.000000e+00 
2.748000e+01 1.587240e+19 7.554270e+03 4.402480e+03 1.757720e+03 4.026760e+03 -6.008700e+02 0.000000e+00 2.285270e-07 0.000000e+00 0.000000e+00 -1.728030e-11 0.000000e+00 0.000000e+00 0.000000e+00 0.000000e+00 -1.000000e+00 2.044170e-01 1.833410e-01 0.000000e+00 
2.748000e+01 1.587240e+19 7.554270e+03 4.402480e+03 1.757720e+03 4.026760e+03 -6.008700e+02 0.000000e+00 2.742320e-07 0.000000e+00 0.000000e+00 -1.728030e-11 0.000000e+00 0.000000e+00 0.000000e+00 0.000000e+00 -1.000000e+00 2.046010e-01 1.833130e-01 0.000000e+00 
2.748000e+01 1.587240e+19 7.554270e+03 4.402480e+03 1.757720e+03 4.026760e+03 -6.008700e+02 0.000000e+00 3.199380e-07 0.000000e+00 0.000000e+00 1.728030e-11 0.000000e+00 0.000000e+00 0.000000e+00 0.000000e+00 -1.000000e+00 2.047850e-01 1.832860e-01 0.000000e+00 
2.748000e+01 1.587240e+19 7.554270e+03 4.402480e+03 1.757720e+03 4.026760e+03 -6.008700e+02 0.000000e+00 3.656430e-07 0.000000e+00 0.000000e+00 0.000000e+00 0.000000e+00 0.000000e+00 0.000000e+00 0.000000e+00 -1.000000e+00 2.049690e-01 1.832590e-01 0.000000e+00 
2.748000e+01 1.587240e+19 7.554270e+03 4.402480e+03 1.757720e+03 4.026760e+03 -6.008700e+02 0.000000e+00 4.113480e-07 0.000000e+00 0.000000e+00 1.728030e-11 0.000000e+00 0.000000e+00 -0.000000e+00 -0.000000e+00 -1.000000e+00 2.051530e-01 1.832310e-01 0.000000e+00 
2.748000e+01 1.587240e+19 7.554270e+03 4.402480e+03 1.757720e+03 4.026760e+03 -6.008700e+02 0.000000e+00 4.570540e-07 0.000000e+00 0.000000e+00 0.000000e+00 0.000000e+00 0.000000e+00 -0.000000e+00 -0.000000e+00 -1.000000e+00 2.053370e-01 1.832040e-01 0.000000e+00 
2.748000e+01 1.587240e+19 7.554270e+03 4.402480e+03 1.757720e+03 4.026760e+03 -6.008700e+02 0.000000e+00 5.027590e-07 0.000000e+00 0.000000e+00 0.000000e+00 0.000000e+00 0.000000e+00 -0.000000e+00 -0.000000e+00 -1.000000e+00 2.055210e-01 1.831760e-01 0.000000e+00 
2.748000e+01 1.587240e+19 7.554270e+03 4.402480e+03 1.757720e+03 4.026760e+03 -6.008700e+02 0.000000e+00 5.484640e-07 0.000000e+00 0.000000e+00 1.728030e-11 0.000000e+00 0.000000e+00 -0.000000e+00 -0.000000e+00 -1.000000e+00 2.057050e-01 1.831490e-01 0.000000e+00 
2.748000e+01 1.587240e+19 7.554270e+03 4.402480e+03 1.757720e+03 4.026760e+03 -6.008700e+02 0.000000e+00 5.941700e-07 0.000000e+00 0.000000e+00 0.000000e+00 0.000000e+00 0.000000e+00 -0.000000e+00 -0.000000e+00 -1.000000e+00 2.058890e-01 1.831210e-01 0.000000e+00 
2.748000e+01 1.587240e+19 7.554270e+03 4.402480e+03 1.757720e+03 4.026760e+03 -6.008700e+02 0.000000e+00 6.398750e-07 0.000000e+00 0.000000e+00 1.728030e-11 0.000000e+00 0.000000e+00 -0.000000e+00 -0.000000e+00 -1.000000e+00 2.060730e-01 1.830940e-01 0.000000e+00 
2.748000e+01 1.587240e+19 7.554270e+03 4.402480e+03 1.757720e+03 4.026760e+03 -6.008700e+02 0.000000e+00 6.855800e-07 0.000000e+00 0.000000e+00 0.000000e+00 0.000000e+00 0.000000e+00 -0.000000e+00 -0.000000e+00 -1.000000e+00 2.062580e-01 1.830660e-01 0.000000e+00 
2.748000e+01 1.587240e+19 7.554270e+03 4.402480e+03 1.757720e+03 4.026760e+03 -6.008700e+02 0.000000e+00 7.312860e-07 0.000000e+00 0.000000e+00 0.000000e+00 0.000000e+00 0.000000e+00 -0.000000e+00 -0.000000e+00 -1.000000e+00 2.064420e-01 1.830390e-01 0.000000e+00 
2.748000e+01 1.587240e+19 7.554270e+03 4.402480e+03 1.757720e+03 4.026760e+03 -6.008700e+02 0.000000e+00 7.769910e-07 0.000000e+00 0.000000e+00 -1.728030e-11 0.000000e+00 0.000000e+00 -0.000000e+00 -0.000000e+00 -1.000000e+00 2.066260e-01 1.830110e-01 0.000000e+00 
2.748000e+01 1.587240e+19 7.554270e+03 4.402480e+03 1.757720e+03 4.026760e+03 -6.008700e+02 0.000000e+00 8.226960e-07 0.000000e+00 0.000000e+00 0.000000e+00 0.000000e+00 0.000000e+00 -0.000000e+00 -0.000000e+00 -1.000000e+00 2.068100e-01 1.829840e-01 0.000000e+00 
2.748000e+01 1.587240e+19 7.554270e+03 4.402480e+03 1.757720e+03 4.026760e+03 -6.008700e+02 0.000000e+00 8.684020e-07 0.000000e+00 0.000000e+00 0.000000e+00 0.000000e+00 0.000000e+00 -0.000000e+00 -0.000000e+00 -1.000000e+00 2.069940e-01 1.829560e-01 0.000000e+00 
2.748000e+01 1.587240e+19 7.554270e+03 4.402480e+03 1.757720e+03 4.026760e+03 -6.008700e+02 0.000000e+00 9.141070e-07 0.000000e+00 0.000000e+00 1.728030e-11 0.000000e+00 0.000000e+00 -0.000000e+00 -0.000000e+00 -1.000000e+00 2.071780e-01 1.829290e-01 0.000000e+00 
2.748000e+01 1.587240e+19 7.554270e+03 4.402480e+03 1.757720e+03 4.026760e+03 -6.008700e+02 0.000000e+00 9.598130e-07 0.000000e+00 0.000000e+00 -1.728030e-11 0.000000e+00 0.000000e+00 -0.000000e+00 -0.000000e+00 -1.000000e+00 2.073620e-01 1.829010e-01 0.000000e+00 
2.748000e+01 1.587240e+19 7.554270e+03 4.402480e+03 1.757720e+03 4.026760e+03 -6.008700e+02 0.000000e+00 1.005520e-06 0.000000e+00 0.000000e+00 -8.640130e-12 0.000000e+00 0.000000e+00 -0.000000e+00 -0.000000e+00 -1.000000e+00 2.075460e-01 1.828740e-01 0.000000e+00 
2.748000e+01 1.587240e+19 7.554270e+03 4.402480e+03 1.757720e+03 4.026760e+03 -6.008700e+02 0.000000e+00 1.051220e-06 0.000000e+00 0.000000e+00 -8.640130e-12 0.000000e+00 0.000000e+00 -0.000000e+00 -0.000000e+00 -1.000000e+00 2.077300e-01 1.828470e-01 0.000000e+00 
2.748000e+01 1.587240e+19 7.554270e+03 4.402480e+03 1.757720e+03 4.026760e+03 -6.008700e+02 0.000000e+00 1.096930e-06 0.000000e+00 0.000000e+00 0.000000e+00 0.000000e+00 0.000000e+00 -0.000000e+00 -0.000000e+00 -1.000000e+00 2.079140e-01 1.828190e-01 0.000000e+00 
2.748000e+01 1.587240e+19 7.554270e+03 4.402480e+03 1.757720e+03 4.026760e+03 -6.008700e+02 0.000000e+00 1.142630e-06 0.000000e+00 0.000000e+00 1.728030e-11 0.000000e+00 0.000000e+00 -0.000000e+00 -0.000000e+00 -1.000000e+00 2.080980e-01 1.827920e-01 0.000000e+00 
2.748000e+01 1.587240e+19 7.554270e+03 4.402480e+03 1.757720e+03 4.026760e+03 -6.008700e+02 0.000000e+00 1.188340e-06 0.000000e+00 0.000000e+00 0.000000e+00 0.000000e+00 0.000000e+00 -0.000000e+00 -0.000000e+00 -1.000000e+00 2.082820e-01 1.827640e-01 0.000000e+00 
2.748000e+01 1.587240e+19 7.554270e+03 4.402480e+03 1.757720e+03 4.026760e+03 -6.008700e+02 0.000000e+00 1.234040e-06 0.000000e+00 0.000000e+00 1.728030e-11 0.000000e+00 0.000000e+00 -0.000000e+00 -0.000000e+00 -1.000000e+00 2.084660e-01 1.827370e-01 0.000000e+00 
2.748000e+01 1.587240e+19 7.554270e+03 4.402480e+03 1.757720e+03 4.026760e+03 -6.008700e+02 0.000000e+00 1.279750e-06 0.000000e+00 0.000000e+00 -1.728030e-11 0.000000e+00 0.000000e+00 -0.000000e+00 -0.000000e+00 -1.000000e+00 2.086500e-01 1.827090e-01 0.000000e+00 
2.748000e+01 1.587240e+19 7.554270e+03 4.402480e+03 1.757720e+03 4.026760e+03 -6.008700e+02 0.000000e+00 1.325460e-06 0.000000e+00 0.000000e+00 0.000000e+00 0.000000e+00 0.000000e+00 -0.000000e+00 -0.000000e+00 -1.000000e+00 2.088340e-01 1.826820e-01 0.000000e+00 
2.748000e+01 1.587240e+19 7.554270e+03 4.402480e+03 1.757720e+03 4.026760e+03 -6.008700e+02 0.000000e+00 1.371160e-06 0.000000e+00 0.000000e+00 -1.728030e-11 0.000000e+00 0.000000e+00 -0.000000e+00 -0.000000e+00 -1.000000e+00 2.090180e-01 1.826540e-01 0.000000e+00 
2.748000e+01 1.587240e+19 7.554270e+03 4.402480e+03 1.757720e+03 4.026760e+03 -6.008700e+02 0.000000e+00 1.416870e-06 0.000000e+00 0.000000e+00 0.000000e+00 0.000000e+00 0.000000e+00 -0.000000e+00 -0.000000e+00 -1.000000e+00 2.092020e-01 1.826270e-01 0.000000e+00 
2.748000e+01 1.587240e+19 7.554270e+03 4.402480e+03 1.757720e+03 4.026760e+03 -6.008700e+02 0.000000e+00 1.462570e-06 0.000000e+00 0.000000e+00 4.320070e-12 0.000000e+00 0.000000e+00 -0.000000e+00 -0.000000e+00 -1.000000e+00 2.093860e-01 1.825990e-01 0.000000e+00 
2.748000e+01 1.587240e+19 7.554270e+03 4.402480e+03 1.757720e+03 4.026760e+03 -6.008700e+02 0.000000e+00 1.508280e-06 0.000000e+00 0.000000e+00 8.640130e-12 0.000000e+00 0.000000e+00 -0.000000e+00 -0.000000e+00 -1.000000e+00 2.095700e-01 1.825720e-01 0.000000e+00 
2.748000e+01 1.587240e+19 7.554270e+03 4.402480e+03 1.757720e+03 4.026760e+03 -6.008700e+02 0.000000e+00 1.553980e-06 0.000000e+00 0.000000e+00 -1.080020e-11 0.000000e+00 0.000000e+00 -0.000000e+00 -0.000000e+00 -1.000000e+00 2.097540e-01 1.825440e-01 0.000000e+00 
2.748000e+01 1.587240e+19 7.554270e+03 4.402480e+03 1.757720e+03 4.026760e+03 -6.008700e+02 0.000000e+00 1.599690e-06 0.000000e+00 0.000000e+00 -1.728030e-11 0.000000e+00 0.000000e+00 0.000000e+00 0.000000e+00 -1.000000e+00 2.099380e-01 1.825170e-01 0.000000e+00 
2.748000e+01 1.587240e+19 7.554270e+03 4.402480e+03 1.757720e+03 4.026760e+03 -6.008700e+02 0.000000e+00 1.645390e-06 0.000000e+00 0.000000e+00 -1.188020e-11 0.000000e+00 0.000000e+00 0.000000e+00 0.000000e+00 -1.000000e+00 2.101220e-01 1.824900e-01 0.000000e+00 
2.748000e+01 1.587240e+19 7.554270e+03 4.402480e+03 1.757720e+03 4.026760e+03 -6.008700e+02 0.000000e+00 1.691100e-06 0.000000e+00 0.000000e+00 -7.560120e-12 0.000000e+00 0.000000e+00 0.000000e+00 0.000000e+00 -1.000000e+00 2.103060e-01 1.824620e-01 0.000000e+00 
2.748000e+01 1.587240e+19 7.554270e+03 4.402480e+03 1.757720e+03 4.026760e+03 -6.008700e+02 0.000000e+00 1.736800e-06 0.000000e+00 0.000000e+00 -2.700040e-12 0.000000e+00 0.000000e+00 -0.000000e+00 -0.000000e+00 -1.000000e+00 2.104910e-01 1.824350e-01 0.000000e+00 
2.673500e+01 1.544210e+19 7.393910e+03 4.481660e+03 1.753230e+03 4.025050e+03 -6.233530e+02 0.000000e+00 1.782510e-06 0.000000e+00 0.000000e+00 0.000000e+00 0.000000e+00 0.000000e+00 -0.000000e+00 -0.000000e+00 -1.000000e+00 2.106740e-01 1.824060e-01 0.000000e+00 
2.673500e+01 1.544210e+19 7.393910e+03 4.481660e+03 1.753230e+03 4.025050e+03 -6.233530e+02 0.000000e+00 1.828200e-06 0.000000e+00 0.000000e+00 0.000000e+00 0.000000e+00 0.000000e+00 0.000000e+00 0.000000e+00 -1.000000e+00 2.108580e-01 1.823780e-01 0.000000e+00 
2.673500e+01 1.544210e+19 7.393910e+03 4.481660e+03 1.753230e+03 4.025050e+03 -6.233530e+02 0.000000e+00 1.873880e-06 0.000000e+00 0.000000e+00 0.000000e+00 0.000000e+00 0.000000e+00 -0.000000e+00 -0.000000e+00 -1.000000e+00 2.110420e-01 1.823490e-01 0.000000e+00 
2.673500e+01 1.544210e+19 7.393910e+03 4.481660e+03 1.753230e+03 4.025050e+03 -6.233530e+02 0.000000e+00 1.919570e-06 0.000000e+00 0.000000e+00 0.000000e+00 0.000000e+00 0.000000e+00 0.000000e+00 0.000000e+00 -1.000000e+00 2.112260e-01 1.823210e-01 0.000000e+00 
2.673500e+01 1.544210e+19 7.393910e+03 4.481660e+03 1.753230e+03 4.025050e+03 -6.233530e+02 0.000000e+00 1.965250e-06 0.000000e+00 0.000000e+00 0.000000e+00 0.000000e+00 0.000000e+00 0.000000e+00 0.000000e+00 -1.000000e+00 2.114100e-01 1.822920e-01 0.000000e+00 
2.673500e+01 1.544210e+19 7.393910e+03 4.481660e+03 1.753230e+03 4.025050e+03 -6.233530e+02 0.000000e+00 2.010940e-06 0.000000e+00 0.000000e+00 0.000000e+00 0.000000e+00 0.000000e+00 0.000000e+00 0.000000e+00 -1.000000e+00 2.115940e-01 1.822640e-01 0.000000e+00 
2.673500e+01 1.544210e+19 7.393910e+03 4.481660e+03 1.753230e+03 4.025050e+03 -6.233530e+02 0.000000e+00 2.056630e-06 0.000000e+00 0.000000e+00 0.000000e+00 0.000000e+00 0.000000e+00 -0.000000e+00 -0.000000e+00 -1.000000e+00 2.117780e-01 1.822350e-01 0.000000e+00 
2.673500e+01 1.544210e+19 7.393910e+03 4.481660e+03 1.753230e+03 4.025050e+03 -6.233530e+02 0.000000e+00 2.102310e-06 0.000000e+00 0.000000e+00 0.000000e+00 0.000000e+00 0.000000e+00 0.000000e+00 0.000000e+00 -1.000000e+00 2.119620e-01 1.822070e-01 0.000000e+00 
2.673500e+01 1.544210e+19 7.393910e+03 4.481660e+03 1.753230e+03 4.025050e+03 -6.233530e+02 0.000000e+00 2.148000e-06 0.000000e+00 0.000000e+00 0.000000e+00 0.000000e+00 0.000000e+00 -0.000000e+00 -0.000000e+00 -1.000000e+00 2.121460e-01 1.821780e-01 0.000000e+00 
2.673500e+01 1.544210e+19 7.393910e+03 4.481660e+03 1.753230e+03 4.025050e+03 -6.233530e+02 0.000000e+00 2.193690e-06 0.000000e+00 0.000000e+00 0.000000e+00 0.000000e+00 0.000000e+00 0.000000e+00 0.000000e+00 -1.000000e+00 2.123290e-01 1.821500e-01 0.000000e+00 
2.673500e+01 1.544210e+19 7.393910e+03 4.481660e+03 1.753230e+03 4.025050e+03 -6.233530e+02 0.000000e+00 2.239370e-06 0.000000e+00 0.000000e+00 3.456050e-11 0.000000e+00 0.000000e+00 0.000000e+00 0.000000e+00 -1.000000e+00 2.125130e-01 1.821210e-01 0.000000e+00 
2.673500e+01 1.544210e+19 7.393910e+03 4.481660e+03 1.753230e+03 4.025050e+03 -6.233530e+02 0.000000e+00 2.285060e-06 0.000000e+00 0.000000e+00 0.000000e+00 0.000000e+00 0.000000e+00 -0.000000e+00 -0.000000e+00 -1.000000e+00 2.126970e-01 1.820930e-01 0.000000e+00 
2.673500e+01 1.544210e+19 7.393910e+03 4.481660e+03 1.753230e+03 4.025050e+03 -6.233530e+02 0.000000e+00 2.330750e-06 0.000000e+00 0.000000e+00 0.000000e+00 0.000000e+00 0.000000e+00 0.000000e+00 0.000000e+00 -1.000000e+00 2.128810e-01 1.820640e-01 0.000000e+00 
2.673500e+01 1.544210e+19 7.393910e+03 4.481660e+03 1.753230e+03 4.025050e+03 -6.233530e+02 0.000000e+00 2.376430e-06 0.000000e+00 0.000000e+00 0.000000e+00 0.000000e+00 0.000000e+00 -0.000000e+00 -0.000000e+00 -1.000000e+00 2.130650e-01 1.820360e-01 0.000000e+00 
2.673500e+01 1.544210e+19 7.393910e+03 4.481660e+03 1.753230e+03 4.025050e+03 -6.233530e+02 0.000000e+00 2.422120e-06 0.000000e+00 0.000000e+00 0.000000e+00 0.000000e+00 0.000000e+00 0.000000e+00 0.000000e+00 -1.000000e+00 2.132490e-01 1.820080e-01 0.000000e+00 
2.673500e+01 1.544210e+19 7.393910e+03 4.481660e+03 1.753230e+03 4.025050e+03 -6.233530e+02 0.000000e+00 2.467800e-06 0.000000e+00 0.000000e+00 0.000000e+00 0.000000e+00 0.000000e+00 0.000000e+00 0.000000e+00 -1.000000e+00 2.134330e-01 1.819790e-01 0.000000e+00 
2.673500e+01 1.544210e+19 7.393910e+03 4.481660e+03 1.753230e+03 4.025050e+03 -6.233530e+02 0.000000e+00 2.513490e-06 0.000000e+00 0.000000e+00 0.000000e+00 0.000000e+00 0.000000e+00 0.000000e+00 0.000000e+00 -1.000000e+00 2.136170e-01 1.819510e-01 0.000000e+00 
2.673500e+01 1.544210e+19 7.393910e+03 4.481660e+03 1.753230e+03 4.025050e+03 -6.233530e+02 0.000000e+00 2.559180e-06 0.000000e+00 0.000000e+00 0.000000e+00 0.000000e+00 0.000000e+00 -0.000000e+00 -0.000000e+00 -1.000000e+00 2.138010e-01 1.819220e-01 0.000000e+00 
2.673500e+01 1.544210e+19 7.393910e+03 4.481660e+03 1.753230e+03 4.025050e+03 -6.233530e+02 0.000000e+00 2.604860e-06 0.000000e+00 0.000000e+00 -3.456050e-11 0.000000e+00 0.000000e+00 0.000000e+00 0.000000e+00 -1.000000e+00 2.139840e-01 1.818940e-01 0.000000e+00 
2.673500e+01 1.544210e+19 7.393910e+03 4.481660e+03 1.753230e+03 4.025050e+03 -6.233530e+02 0.000000e+00 2.650550e-06 0.000000e+00 0.000000e+00 0.000000e+00 0.000000e+00 0.000000e+00 -0.000000e+00 -0.000000e+00 -1.000000e+00 2.141680e-01 1.818650e-01 0.000000e+00 
2.673500e+01 1.544210e+19 7.393910e+03 4.481660e+03 1.753230e+03 4.025050e+03 -6.233530e+02 0.000000e+00 2.696240e-06 0.000000e+00 0.000000e+00 0.000000e+00 0.000000e+00 0.000000e+00 0.000000e+00 0.000000e+00 -1.000000e+00 2.143520e-01 1.818370e-01 0.000000e+00 
2.673500e+01 1.544210e+19 7.393910e+03 4.481660e+03 1.753230e+03 4.025050e+03 -6.233530e+02 0.000000e+00 2.741920e-06 0.000000e+00 0.000000e+00 0.000000e+00 0.000000e+00 0.000000e+00 0.000000e+00 0.000000e+00 -1.000000e+00 2.145360e-01 1.818080e-01 0.000000e+00 
2.673500e+01 1.544210e+19 7.393910e+03 4.481660e+03 1.753230e+03 4.025050e+03 -6.233530e+02 0.000000e+00 2.787610e-06 0.000000e+00 0.000000e+00 0.000000e+00 0.000000e+00 0.000000e+00 0.000000e+00 0.000000e+00 -1.000000e+00 2.147200e-01 1.817800e-01 0.000000e+00 
2.673500e+01 1.544210e+19 7.393910e+03 4.481660e+03 1.753230e+03 4.025050e+03 -6.233530e+02 0.000000e+00 2.833300e-06 0.000000e+00 0.000000e+00 0.000000e+00 0.000000e+00 0.000000e+00 -0.000000e+00 -0.000000e+00 -1.000000e+00 2.149040e-01 1.817510e-01 0.000000e+00 
2.673500e+01 1.544210e+19 7.393910e+03 4.481660e+03 1.753230e+03 4.025050e+03 -6.233530e+02 0.000000e+00 2.878980e-06 0.000000e+00 0.000000e+00 0.000000e+00 0.000000e+00 0.000000e+00 0.000000e+00 0.000000e+00 -1.000000e+00 2.150880e-01 1.817230e-01 0.000000e+00 
2.673500e+01 1.544210e+19 7.393910e+03 4.481660e+03 1.753230e+03 4.025050e+03 -6.233530e+02 0.000000e+00 2.924670e-06 0.000000e+00 0.000000e+00 0.000000e+00 0.000000e+00 0.000000e+00 -0.000000e+00 -0.000000e+00 -1.000000e+00 2.152720e-01 1.816940e-01 0.000000e+00 
2.673500e+01 1.544210e+19 7.393910e+03 4.481660e+03 1.753230e+03 4.025050e+03 -6.233530e+02 0.000000e+00 2.970350e-06 0.000000e+00 0.000000e+00 0.000000e+00 0.000000e+00 0.000000e+00 0.000000e+00 0.000000e+00 -1.000000e+00 2.154560e-01 1.816660e-01 0.000000e+00 
2.673500e+01 1.544210e+19 7.393910e+03 4.481660e+03 1.753230e+03 4.025050e+03 -6.233530e+02 0.000000e+00 3.016040e-06 0.000000e+00 0.000000e+00 0.000000e+00 0.000000e+00 0.000000e+00 0.000000e+00 0.000000e+00 -1.000000e+00 2.156390e-01 1.816370e-01 0.000000e+00 
2.673500e+01 1.544210e+19 7.393910e+03 4.481660e+03 1.753230e+03 4.025050e+03 -6.233530e+02 0.000000e+00 3.061730e-06 0.000000e+00 0.000000e+00 0.000000e+00 0.000000e+00 0.000000e+00 -0.000000e+00 -0.000000e+00 -1.000000e+00 2.158230e-01 1.816090e-01 0.000000e+00 
2.673500e+01 1.544210e+19 7.393910e+03 4.481660e+03 1.753230e+03 4.025050e+03 -6.233530e+02 0.000000e+00 3.107410e-06 0.000000e+00 0.000000e+00 0.000000e+00 0.000000e+00 0.000000e+00 0.000000e+00 0.000000e+00 -1.000000e+00 2.160070e-01 1.815800e-01 0.000000e+00 
2.673500e+01 1.544210e+19 7.393910e+03 4.481660e+03 1.753230e+03 4.025050e+03 -6.233530e+02 0.000000e+00 3.153100e-06 0.000000e+00 0.000000e+00 0.000000e+00 0.000000e+00 0.000000e+00 0.000000e+00 0.000000e+00 -1.000000e+00 2.161910e-01 1.815520e-01 0.000000e+00 
2.673500e+01 1.544210e+19 7.393910e+03 4.481660e+03 1.753230e+03 4.025050e+03 -6.233530e+02 0.000000e+00 3.198790e-06 0.000000e+00 0.000000e+00 0.000000e+00 0.000000e+00 0.000000e+00 -0.000000e+00 -0.000000e+00 -1.000000e+00 2.163750e-01 1.815230e-01 0.000000e+00 
2.673500e+01 1.544210e+19 7.393910e+03 4.481660e+03 1.753230e+03 4.025050e+03 -6.233530e+02 0.000000e+00 3.244470e-06 0.000000e+00 0.000000e+00 0.000000e+00 0.000000e+00 0.000000e+00 0.000000e+00 0.000000e+00 -1.000000e+00 2.165590e-01 1.814950e-01 0.000000e+00 
2.673500e+01 1.544210e+19 7.393910e+03 4.481660e+03 1.753230e+03 4.025050e+03 -6.233530e+02 0.000000e+00 3.290160e-06 0.000000e+00 0.000000e+00 0.000000e+00 0.000000e+00 0.000000e+00 0.000000e+00 0.000000e+00 -1.000000e+00 2.167430e-01 1.814660e-01 0.000000e+00 
2.673500e+01 1.544210e+19 7.393910e+03 4.481660e+03 1.753230e+03 4.025050e+03 -6.233530e+02 0.000000e+00 3.335850e-06 0.000000e+00 0.000000e+00 0.000000e+00 0.000000e+00 0.000000e+00 -0.000000e+00 -0.000000e+00 -1.000000e+00 2.169270e-01 1.814380e-01 0.000000e+00 
2.673500e+01 1.544210e+19 7.393910e+03 4.481660e+03 1.753230e+03 4.025050e+03 -6.233530e+02 0.000000e+00 3.381530e-06 0.000000e+00 0.000000e+00 0.000000e+00 0.000000e+00 0.000000e+00 0.000000e+00 0.000000e+00 -1.000000e+00 2.171110e-01 1.814090e-01 0.000000e+00 
2.673500e+01 1.544210e+19 7.393910e+03 4.481660e+03 1.753230e+03 4.025050e+03 -6.233530e+02 0.000000e+00 3.427220e-06 0.000000e+00 0.000000e+00 0.000000e+00 0.000000e+00 0.000000e+00 -0.000000e+00 -0.000000e+00 -1.000000e+00 2.172940e-01 1.813810e-01 0.000000e+00 
2.673500e+01 1.544210e+19 7.393910e+03 4.481660e+03 1.753230e+03 4.025050e+03 -6.233530e+02 0.000000e+00 3.472910e-06 0.000000e+00 0.000000e+00 0.000000e+00 0.000000e+00 0.000000e+00 0.000000e+00 0.000000e+00 -1.000000e+00 2.174780e-01 1.813530e-01 0.000000e+00 
2.673500e+01 1.544210e+19 7.393910e+03 4.481660e+03 1.753230e+03 4.025050e+03 -6.233530e+02 0.000000e+00 3.518590e-06 0.000000e+00 0.000000e+00 -1.728030e-11 0.000000e+00 0.000000e+00 0.000000e+00 0.000000e+00 -1.000000e+00 2.176620e-01 1.813240e-01 0.000000e+00 
2.673500e+01 1.544210e+19 7.393910e+03 4.481660e+03 1.753230e+03 4.025050e+03 -6.233530e+02 0.000000e+00 3.564280e-06 0.000000e+00 0.000000e+00 0.000000e+00 0.000000e+00 0.000000e+00 0.000000e+00 0.000000e+00 -1.000000e+00 2.178460e-01 1.812960e-01 0.000000e+00 
2.673500e+01 1.544210e+19 7.393910e+03 4.481660e+03 1.753230e+03 4.025050e+03 -6.233530e+02 0.000000e+00 3.609960e-06 0.000000e+00 0.000000e+00 0.000000e+00 0.000000e+00 0.000000e+00 -0.000000e+00 -0.000000e+00 -1.000000e+00 2.180300e-01 1.812670e-01 0.000000e+00 
2.673500e+01 1.544210e+19 7.393910e+03 4.481660e+03 1.753230e+03 4.025050e+03 -6.233530e+02 0.000000e+00 3.655650e-06 0.000000e+00 0.000000e+00 1.728030e-11 0.000000e+00 0.000000e+00 0.000000e+00 0.000000e+00 -1.000000e+00 2.182140e-01 1.812390e-01 0.000000e+00 
2.673500e+01 1.544210e+19 7.393910e+03 4.481660e+03 1.753230e+03 4.025050e+03 -6.233530e+02 0.000000e+00 3.701340e-06 0.000000e+00 0.000000e+00 0.000000e+00 0.000000e+00 0.000000e+00 -0.000000e+00 -0.000000e+00 -1.000000e+00 2.183980e-01 1.812100e-01 0.000000e+00 
2.673500e+01 1.544210e+19 7.393910e+03 4.481660e+03 1.753230e+03 4.025050e+03 -6.233530e+02 0.000000e+00 3.747020e-06 0.000000e+00 0.000000e+00 1.728030e-11 0.000000e+00 0.000000e+00 0.000000e+00 0.000000e+00 -1.000000e+00 2.185820e-01 1.811820e-01 0.000000e+00 
2.673500e+01 1.544210e+19 7.393910e+03 4.481660e+03 1.753230e+03 4.025050e+03 -6.233530e+02 0.000000e+00 3.792710e-06 0.000000e+00 0.000000e+00 0.000000e+00 0.000000e+00 0.000000e+00 0.000000e+00 0.000000e+00 -1.000000e+00 2.187660e-01 1.811530e-01 0.000000e+00 
2.673500e+01 1.544210e+19 7.393910e+03 4.481660e+03 1.753230e+03 4.025050e+03 -6.233530e+02 0.000000e+00 3.838400e-06 0.000000e+00 0.000000e+00 1.728030e-11 0.000000e+00 0.000000e+00 -0.000000e+00 -0.000000e+00 -1.000000e+00 2.189490e-01 1.811250e-01 0.000000e+00 
2.673500e+01 1.544210e+19 7.393910e+03 4.481660e+03 1.753230e+03 4.025050e+03 -6.233530e+02 0.000000e+00 3.884080e-06 0.000000e+00 0.000000e+00 -1.728030e-11 0.000000e+00 0.000000e+00 0.000000e+00 0.000000e+00 -1.000000e+00 2.191330e-01 1.810960e-01 0.000000e+00 
2.673500e+01 1.544210e+19 7.393910e+03 4.481660e+03 1.753230e+03 4.025050e+03 -6.233530e+02 0.000000e+00 3.929770e-06 0.000000e+00 0.000000e+00 0.000000e+00 0.000000e+00 0.000000e+00 0.000000e+00 0.000000e+00 -1.000000e+00 2.193170e-01 1.810680e-01 0.000000e+00 
2.673500e+01 1.544210e+19 7.393910e+03 4.481660e+03 1.753230e+03 4.025050e+03 -6.233530e+02 0.000000e+00 3.975460e-06 0.000000e+00 0.000000e+00 0.000000e+00 0.000000e+00 0.000000e+00 -0.000000e+00 -0.000000e+00 -1.000000e+00 2.195010e-01 1.810390e-01 0.000000e+00 
2.673500e+01 1.544210e+19 7.393910e+03 4.481660e+03 1.753230e+03 4.025050e+03 -6.233530e+02 0.000000e+00 4.021140e-06 0.000000e+00 0.000000e+00 -1.728030e-11 0.000000e+00 0.000000e+00 0.000000e+00 0.000000e+00 -1.000000e+00 2.196850e-01 1.810110e-01 0.000000e+00 
2.673500e+01 1.544210e+19 7.393910e+03 4.481660e+03 1.753230e+03 4.025050e+03 -6.233530e+02 0.000000e+00 4.066830e-06 0.000000e+00 0.000000e+00 0.000000e+00 0.000000e+00 0.000000e+00 0.000000e+00 0.000000e+00 -1.000000e+00 2.198690e-01 1.809820e-01 0.000000e+00 
2.673500e+01 1.544210e+19 7.393910e+03 4.481660e+03 1.753230e+03 4.025050e+03 -6.233530e+02 0.000000e+00 4.112510e-06 0.000000e+00 0.000000e+00 -1.728030e-11 0.000000e+00 0.000000e+00 -0.000000e+00 -0.000000e+00 -1.000000e+00 2.200530e-01 1.809540e-01 0.000000e+00 
2.673500e+01 1.544210e+19 7.393910e+03 4.481660e+03 1.753230e+03 4.025050e+03 -6.233530e+02 0.000000e+00 4.158200e-06 0.000000e+00 0.000000e+00 -1.728030e-11 0.000000e+00 0.000000e+00 0.000000e+00 0.000000e+00 -1.000000e+00 2.202370e-01 1.809250e-01 0.000000e+00 
2.673500e+01 1.544210e+19 7.393910e+03 4.481660e+03 1.753230e+03 4.025050e+03 -6.233530e+02 0.000000e+00 4.203890e-06 0.000000e+00 0.000000e+00 8.640130e-12 0.000000e+00 0.000000e+00 -0.000000e+00 -0.000000e+00 -1.000000e+00 2.204210e-01 1.808970e-01 0.000000e+00 
2.673500e+01 1.544210e+19 7.393910e+03 4.481660e+03 1.753230e+03 4.025050e+03 -6.233530e+02 0.000000e+00 4.249570e-06 0.000000e+00 0.000000e+00 0.000000e+00 0.000000e+00 0.000000e+00 0.000000e+00 0.000000e+00 -1.000000e+00 2.206050e-01 1.808680e-01 0.000000e+00 
2.673500e+01 1.544210e+19 7.393910e+03 4.481660e+03 1.753230e+03 4.025050e+03 -6.233530e+02 0.000000e+00 4.295260e-06 0.000000e+00 0.000000e+00 -1.728030e-11 0.000000e+00 0.000000e+00 0.000000e+00 0.000000e+00 -1.000000e+00 2.207880e-01 1.808400e-01 0.000000e+00 
2.673500e+01 1.544210e+19 7.393910e+03 4.481660e+03 1.753230e+03 4.025050e+03 -6.233530e+02 0.000000e+00 4.340950e-06 0.000000e+00 0.000000e+00 1.728030e-11 0.000000e+00 0.000000e+00 0.000000e+00 0.000000e+00 -1.000000e+00 2.209720e-01 1.808110e-01 0.000000e+00 
2.673500e+01 1.544210e+19 7.393910e+03 4.481660e+03 1.753230e+03 4.025050e+03 -6.233530e+02 0.000000e+00 4.386630e-06 0.000000e+00 0.000000e+00 0.000000e+00 0.000000e+00 0.000000e+00 -0.000000e+00 -0.000000e+00 -1.000000e+00 2.211560e-01 1.807830e-01 0.000000e+00 
2.673500e+01 1.544210e+19 7.393910e+03 4.481660e+03 1.753230e+03 4.025050e+03 -6.233530e+02 0.000000e+00 4.432320e-06 0.000000e+00 0.000000e+00 8.640130e-12 0.000000e+00 0.000000e+00 0.000000e+00 0.000000e+00 -1.000000e+00 2.213400e-01 1.807540e-01 0.000000e+00 
2.673500e+01 1.544210e+19 7.393910e+03 4.481660e+03 1.753230e+03 4.025050e+03 -6.233530e+02 0.000000e+00 4.478010e-06 0.000000e+00 0.000000e+00 -8.640130e-12 0.000000e+00 0.000000e+00 -0.000000e+00 -0.000000e+00 -1.000000e+00 2.215240e-01 1.807260e-01 0.000000e+00 
2.673500e+01 1.544210e+19 7.393910e+03 4.481660e+03 1.753230e+03 4.025050e+03 -6.233530e+02 0.000000e+00 4.523690e-06 0.000000e+00 0.000000e+00 -1.728030e-11 0.000000e+00 0.000000e+00 0.000000e+00 0.000000e+00 -1.000000e+00 2.217080e-01 1.806980e-01 0.000000e+00 
2.673500e+01 1.544210e+19 7.393910e+03 4.481660e+03 1.753230e+03 4.025050e+03 -6.233530e+02 0.000000e+00 4.569380e-06 0.000000e+00 0.000000e+00 -8.640130e-12 0.000000e+00 0.000000e+00 0.000000e+00 0.000000e+00 -1.000000e+00 2.218920e-01 1.806690e-01 0.000000e+00 
2.673500e+01 1.544210e+19 7.393910e+03 4.481660e+03 1.753230e+03 4.025050e+03 -6.233530e+02 0.000000e+00 4.615060e-06 0.000000e+00 0.000000e+00 1.296020e-11 0.000000e+00 0.000000e+00 -0.000000e+00 -0.000000e+00 -1.000000e+00 2.220760e-01 1.806410e-01 0.000000e+00 
2.673500e+01 1.544210e+19 7.393910e+03 4.481660e+03 1.753230e+03 4.025050e+03 -6.233530e+02 0.000000e+00 4.660750e-06 0.000000e+00 0.000000e+00 -4.320070e-12 0.000000e+00 0.000000e+00 0.000000e+00 0.000000e+00 -1.000000e+00 2.222600e-01 1.806120e-01 0.000000e+00 
2.673500e+01 1.544210e+19 7.393910e+03 4.481660e+03 1.753230e+03 4.025050e+03 -6.233530e+02 0.000000e+00 4.706440e-06 0.000000e+00 0.000000e+00 1.296020e-11 0.000000e+00 0.000000e+00 0.000000e+00 0.000000e+00 -1.000000e+00 2.224430e-01 1.805840e-01 0.000000e+00 
2.673500e+01 1.544210e+19 7.393910e+03 4.481660e+03 1.753230e+03 4.025050e+03 -6.233530e+02 0.000000e+00 4.752120e-06 0.000000e+00 0.000000e+00 -1.728030e-11 0.000000e+00 0.000000e+00 -0.000000e+00 -0.000000e+00 -1.000000e+00 2.226270e-01 1.805550e-01 0.000000e+00 
2.673500e+01 1.544210e+19 7.393910e+03 4.481660e+03 1.753230e+03 4.025050e+03 -6.233530e+02 0.000000e+00 4.797810e-06 0.000000e+00 0.000000e+00 4.320070e-12 0.000000e+00 0.000000e+00 0.000000e+00 0.000000e+00 -1.000000e+00 2.228110e-01 1.805270e-01 0.000000e+00 
2.673500e+01 1.544210e+19 7.393910e+03 4.481660e+03 1.753230e+03 4.025050e+03 -6.233530e+02 0.000000e+00 4.843500e-06 0.000000e+00 0.000000e+00 -2.160030e-12 0.000000e+00 0.000000e+00 0.000000e+00 0.000000e+00 -1.000000e+00 2.229950e-01 1.804980e-01 0.000000e+00 
2.673500e+01 1.544210e+19 7.393910e+03 4.481660e+03 1.753230e+03 4.025050e+03 -6.233530e+02 0.000000e+00 4.889180e-06 0.000000e+00 0.000000e+00 1.512020e-11 0.000000e+00 0.000000e+00 -0.000000e+00 -0.000000e+00 -1.000000e+00 2.231790e-01 1.804700e-01 0.000000e+00 
2.673500e+01 1.544210e+19 7.393910e+03 4.481660e+03 1.753230e+03 4.025050e+03 -6.233530e+02 0.000000e+00 4.934870e-06 0.000000e+00 0.000000e+00 -1.080020e-12 0.000000e+00 0.000000e+00 0.000000e+00 0.000000e+00 -1.000000e+00 2.233630e-01 1.804410e-01 0.000000e+00 
2.673500e+01 1.544210e+19 7.393910e+03 4.481660e+03 1.753230e+03 4.025050e+03 -6.233530e+02 0.000000e+00 4.980560e-06 0.000000e+00 0.000000e+00 -6.480100e-12 0.000000e+00 0.000000e+00 0.000000e+00 0.000000e+00 -1.000000e+00 2.235470e-01 1.804130e-01 0.000000e+00 
2.618500e+01 1.512450e+19 7.471850e+03 4.430630e+03 1.831850e+03 4.082850e+03 -6.262250e+02 0.000000e+00 5.026240e-06 0.000000e+00 0.000000e+00 0.000000e+00 0.000000e+00 0.000000e+00 0.000000e+00 0.000000e+00 -1.000000e+00 2.237310e-01 1.803840e-01 0.000000e+00 
2.618500e+01 1.512450e+19 7.471850e+03 4.430630e+03 1.831850e+03 4.082850e+03 -6.262250e+02 0.000000e+00 5.071290e-06 0.000000e+00 0.000000e+00 0.000000e+00 0.000000e+00 0.000000e+00 0.000000e+00 0.000000e+00 -1.000000e+00 2.239150e-01 1.803560e-01 0.000000e+00 
2.618500e+01 1.512450e+19 7.471850e+03 4.430630e+03 1.831850e+03 4.082850e+03 -6.262250e+02 0.000000e+00 5.116340e-06 0.000000e+00 0.000000e+00 0.000000e+00 0.000000e+00 0.000000e+00 0.000000e+00 0.000000e+00 -1.000000e+00 2.240990e-01 1.803280e-01 0.000000e+00 
2.618500e+01 1.512450e+19 7.471850e+03 4.430630e+03 1.831850e+03 4.082850e+03 -6.262250e+02 0.000000e+00 5.161390e-06 0.000000e+00 0.000000e+00 0.000000e+00 0.000000e+00 0.000000e+00 -0.000000e+00 -0.000000e+00 -1.000000e+00 2.242820e-01 1.803000e-01 0.000000e+00 
2.618500e+01 1.512450e+19 7.471850e+03 4.430630e+03 1.831850e+03 4.082850e+03 -6.262250e+02 0.000000e+00 5.206440e-06 0.000000e+00 0.000000e+00 0.000000e+00 0.000000e+00 0.000000e+00 0.000000e+00 0.000000e+00 -1.000000e+00 2.244660e-01 1.802710e-01 0.000000e+00 
2.618500e+01 1.512450e+19 7.471850e+03 4.430630e+03 1.831850e+03 4.082850e+03 -6.262250e+02 0.000000e+00 5.251490e-06 0.000000e+00 0.000000e+00 0.000000e+00 0.000000e+00 0.000000e+00 -0.000000e+00 -0.000000e+00 -1.000000e+00 2.246500e-01 1.802430e-01 0.000000e+00 
2.618500e+01 1.512450e+19 7.471850e+03 4.430630e+03 1.831850e+03 4.082850e+03 -6.262250e+02 0.000000e+00 5.296540e-06 0.000000e+00 0.000000e+00 0.000000e+00 0.000000e+00 0.000000e+00 0.000000e+00 0.000000e+00 -1.000000e+00 2.248340e-01 1.802150e-01 0.000000e+00 
2.618500e+01 1.512450e+19 7.471850e+03 4.430630e+03 1.831850e+03 4.082850e+03 -6.262250e+02 0.000000e+00 5.341590e-06 0.000000e+00 0.000000e+00 3.456050e-11 0.000000e+00 0.000000e+00 0.000000e+00 0.000000e+00 -1.000000e+00 2.250180e-01 1.801870e-01 0.000000e+00 
2.618500e+01 1.512450e+19 7.471850e+03 4.430630e+03 1.831850e+03 4.082850e+03 -6.262250e+02 0.000000e+00 5.386640e-06 0.000000e+00 0.000000e+00 -3.456050e-11 0.000000e+00 0.000000e+00 -0.000000e+00 -0.000000e+00 -1.000000e+00 2.252020e-01 1.801590e-01 0.000000e+00 
2.618500e+01 1.512450e+19 7.471850e+03 4.430630e+03 1.831850e+03 4.082850e+03 -6.262250e+02 0.000000e+00 5.431690e-06 0.000000e+00 0.000000e+00 0.000000e+00 0.000000e+00 0.000000e+00 -0.000000e+00 -0.000000e+00 -1.000000e+00 2.253860e-01 1.801300e-01 0.000000e+00 
2.618500e+01 1.512450e+19 7.471850e+03 4.430630e+03 1.831850e+03 4.082850e+03 -6.262250e+02 0.000000e+00 5.476740e-06 0.000000e+00 0.000000e+00 0.000000e+00 0.000000e+00 0.000000e+00 0.000000e+00 0.000000e+00 -1.000000e+00 2.255700e-01 1.801020e-01 0.000000e+00 
2.618500e+01 1.512450e+19 7.471850e+03 4.430630e+03 1.831850e+03 4.082850e+03 -6.262250e+02 0.000000e+00 5.521790e-06 0.000000e+00 0.000000e+00 0.000000e+00 0.000000e+00 0.000000e+00 0.000000e+00 0.000000e+00 -1.000000e+00 2.257540e-01 1.800740e-01 0.000000e+00 
2.618500e+01 1.512450e+19 7.471850e+03 4.430630e+03 1.831850e+03 4.082850e+03 -6.262250e+02 0.000000e+00 5.566840e-06 0.000000e+00 0.000000e+00 0.000000e+00 0.000000e+00 0.000000e+00 0.000000e+00 0.000000e+00 -1.000000e+00 2.259380e-01 1.800460e-01 0.000000e+00 
2.618500e+01 1.512450e+19 7.471850e+03 4.430630e+03 1.831850e+03 4.082850e+03 -6.262250e+02 0.000000e+00 5.611890e-06 0.000000e+00 0.000000e+00 0.000000e+00 0.000000e+00 0.000000e+00 -0.000000e+00 -0.000000e+00 -1.000000e+00 2.261220e-01 1.800180e-01 0.000000e+00 
2.618500e+01 1.512450e+19 7.471850e+03 4.430630e+03 1.831850e+03 4.082850e+03 -6.262250e+02 0.000000e+00 5.656940e-06 0.000000e+00 0.000000e+00 0.000000e+00 0.000000e+00 0.000000e+00 0.000000e+00 0.000000e+00 -1.000000e+00 2.263060e-01 1.799890e-01 0.000000e+00 
2.618500e+01 1.512450e+19 7.471850e+03 4.430630e+03 1.831850e+03 4.082850e+03 -6.262250e+02 0.000000e+00 5.701990e-06 0.000000e+00 0.000000e+00 0.000000e+00 0.000000e+00 0.000000e+00 -0.000000e+00 -0.000000e+00 -1.000000e+00 2.264900e-01 1.799610e-01 0.000000e+00 
2.618500e+01 1.512450e+19 7.471850e+03 4.430630e+03 1.831850e+03 4.082850e+03 -6.262250e+02 0.000000e+00 5.747040e-06 0.000000e+00 0.000000e+00 0.000000e+00 0.000000e+00 0.000000e+00 0.000000e+00 0.000000e+00 -1.000000e+00 2.266740e-01 1.799330e-01 0.000000e+00 
2.618500e+01 1.512450e+19 7.471850e+03 4.430630e+03 1.831850e+03 4.082850e+03 -6.262250e+02 0.000000e+00 5.792090e-06 0.000000e+00 0.000000e+00 3.456050e-11 0.000000e+00 0.000000e+00 -0.000000e+00 -0.000000e+00 -1.000000e+00 2.268570e-01 1.799050e-01 0.000000e+00 
2.618500e+01 1.512450e+19 7.471850e+03 4.430630e+03 1.831850e+03 4.082850e+03 -6.262250e+02 0.000000e+00 5.837140e-06 0.000000e+00 0.000000e+00 0.000000e+00 0.000000e+00 0.000000e+00 -0.000000e+00 -0.000000e+00 -1.000000e+00 2.270410e-01 1.798770e-01 0.000000e+00 
2.618500e+01 1.512450e+19 7.471850e+03 4.430630e+03 1.831850e+03 4.082850e+03 -6.262250e+02 0.000000e+00 5.882190e-06 0.000000e+00 0.000000e+00 -3.456050e-11 0.000000e+00 0.000000e+00 0.000000e+00 0.000000e+00 -1.000000e+00 2.272250e-01 1.798480e-01 0.000000e+00 
2.618500e+01 1.512450e+19 7.471850e+03 4.430630e+03 1.831850e+03 4.082850e+03 -6.262250e+02 0.000000e+00 5.927240e-06 0.000000e+00 0.000000e+00 0.000000e+00 0.000000e+00 0.000000e+00 -0.000000e+00 -0.000000e+00 -1.000000e+00 2.274090e-01 1.798200e-01 0.000000e+00 
2.618500e+01 1.512450e+19 7.471850e+03 4.430630e+03 1.831850e+03 4.082850e+03 -6.262250e+02 0.000000e+00 5.972290e-06 0.000000e+00 0.000000e+00 0.000000e+00 0.000000e+00 0.000000e+00 0.000000e+00 0.000000e+00 -1.000000e+00 2.275930e-01 1.797920e-01 0.000000e+00 
2.618500e+01 1.512450e+19 7.471850e+03 4.430630e+03 1.831850e+03 4.082850e+03 -6.262250e+02 0.000000e+00 6.017340e-06 0.000000e+00 0.000000e+00 0.000000e+00 0.000000e+00 0.000000e+00 -0.000000e+00 -0.000000e+00 -1.000000e+00 2.277770e-01 1.797640e-01 0.000000e+00 
2.618500e+01 1.512450e+19 7.471850e+03 4.430630e+03 1.831850e+03 4.082850e+03 -6.262250e+02 0.000000e+00 6.062390e-06 0.000000e+00 0.000000e+00 0.000000e+00 0.000000e+00 0.000000e+00 0.000000e+00 0.000000e+00 -1.000000e+00 2.279610e-01 1.797350e-01 0.000000e+00 
2.618500e+01 1.512450e+19 7.471850e+03 4.430630e+03 1.831850e+03 4.082850e+03 -6.262250e+02 0.000000e+00 6.107440e-06 0.000000e+00 0.000000e+00 -3.456050e-11 0.000000e+00 0.000000e+00 -0.000000e+00 -0.000000e+00 -1.000000e+00 2.281450e-01 1.797070e-01 0.000000e+00 
2.618500e+01 1.512450e+19 7.471850e+03 4.430630e+03 1.831850e+03 4.082850e+03 -6.262250e+02 0.000000e+00 6.152490e-06 0.000000e+00 0.000000e+00 0.000000e+00 0.000000e+00 0.000000e+00 -0.000000e+00 -0.000000e+00 -1.000000e+00 2.283290e-01 1.796790e-01 0.000000e+00 
2.618500e+01 1.512450e+19 7.471850e+03 4.430630e+03 1.831850e+03 4.082850e+03 -6.262250e+02 0.000000e+00 6.197540e-06 0.000000e+00 0.000000e+00 0.000000e+00 0.000000e+00 0.000000e+00 0.000000e+00 0.000000e+00 -1.000000e+00 2.285130e-01 1.796510e-01 0.000000e+00 
2.618500e+01 1.512450e+19 7.471850e+03 4.430630e+03 1.831850e+03 4.082850e+03 -6.262250e+02 0.000000e+00 6.242580e-06 0.000000e+00 0.000000e+00 0.000000e+00 0.000000e+00 0.000000e+00 -0.000000e+00 -0.000000e+00 -1.000000e+00 2.286970e-01 1.796230e-01 0.000000e+00 
2.618500e+01 1.512450e+19 7.471850e+03 4.430630e+03 1.831850e+03 4.082850e+03 -6.262250e+02 0.000000e+00 6.287630e-06 0.000000e+00 0.000000e+00 0.000000e+00 0.000000e+00 0.000000e+00 0.000000e+00 0.000000e+00 -1.000000e+00 2.288810e-01 1.795940e-01 0.000000e+00 
2.618500e+01 1.512450e+19 7.471850e+03 4.430630e+03 1.831850e+03 4.082850e+03 -6.262250e+02 0.000000e+00 6.332680e-06 0.000000e+00 0.000000e+00 -3.456050e-11 0.000000e+00 0.000000e+00 -0.000000e+00 -0.000000e+00 -1.000000e+00 2.290650e-01 1.795660e-01 0.000000e+00 
2.618500e+01 1.512450e+19 7.471850e+03 4.430630e+03 1.831850e+03 4.082850e+03 -6.262250e+02 0.000000e+00 6.377730e-06 0.000000e+00 0.000000e+00 0.000000e+00 0.000000e+00 0.000000e+00 -0.000000e+00 -0.000000e+00 -1.000000e+00 2.292490e-01 1.795380e-01 0.000000e+00 
2.618500e+01 1.512450e+19 7.471850e+03 4.430630e+03 1.831850e+03 4.082850e+03 -6.262250e+02 0.000000e+00 6.422780e-06 0.000000e+00 0.000000e+00 0.000000e+00 0.000000e+00 0.000000e+00 -0.000000e+00 -0.000000e+00 -1.000000e+00 2.294330e-01 1.795100e-01 0.000000e+00 
2.618500e+01 1.512450e+19 7.471850e+03 4.430630e+03 1.831850e+03 4.082850e+03 -6.262250e+02 0.000000e+00 6.467830e-06 0.000000e+00 0.000000e+00 0.000000e+00 0.000000e+00 0.000000e+00 0.000000e+00 0.000000e+00 -1.000000e+00 2.296160e-01 1.794820e-01 0.000000e+00 
2.618500e+01 1.512450e+19 7.471850e+03 4.430630e+03 1.831850e+03 4.082850e+03 -6.262250e+02 0.000000e+00 6.512880e-06 0.000000e+00 0.000000e+00 0.000000e+00 0.000000e+00 0.000000e+00 0.000000e+00 0.000000e+00 -1.000000e+00 2.298000e-01 1.794530e-01 0.000000e+00 
2.618500e+01 1.512450e+19 7.471850e+03 4.430630e+03 1.831850e+03 4.082850e+03 -6.262250e+02 0.000000e+00 6.557930e-06 0.000000e+00 0.000000e+00 0.000000e+00 0.000000e+00 0.000000e+00 -0.000000e+00 -0.000000e+00 -1.000000e+00 2.299840e-01 1.794250e-01 0.000000e+00 
2.618500e+01 1.512450e+19 7.471850e+03 4.430630e+03 1.831850e+03 4.082850e+03 -6.262250e+02 0.000000e+00 6.602980e-06 0.000000e+00 0.000000e+00 0.000000e+00 0.000000e+00 0.000000e+00 0.000000e+00 0.000000e+00 -1.000000e+00 2.301680e-01 1.793970e-01 0.000000e+00 
2.618500e+01 1.512450e+19 7.471850e+03 4.430630e+03 1.831850e+03 4.082850e+03 -6.262250e+02 0.000000e+00 6.648030e-06 0.000000e+00 0.000000e+00 0.000000e+00 0.000000e+00 0.000000e+00 -0.000000e+00 -0.000000e+00 -1.000000e+00 2.303520e-01 1.793690e-01 0.000000e+00 
2.618500e+01 1.512450e+19 7.471850e+03 4.430630e+03 1.831850e+03 4.082850e+03 -6.262250e+02 0.000000e+00 6.693080e-06 0.000000e+00 0.000000e+00 0.000000e+00 0.000000e+00 0.000000e+00 0.000000e+00 0.000000e+00 -1.000000e+00 2.305360e-01 1.793400e-01 0.000000e+00 
2.618500e+01 1.512450e+19 7.471850e+03 4.430630e+03 1.831850e+03 4.082850e+03 -6.262250e+02 0.000000e+00 6.738130e-06 0.000000e+00 0.000000e+00 1.728030e-11 0.000000e+00 0.000000e+00 0.000000e+00 0.000000e+00 -1.000000e+00 2.307200e-01 1.793120e-01 0.000000e+00 
2.618500e+01 1.512450e+19 7.471850e+03 4.430630e+03 1.831850e+03 4.082850e+03 -6.262250e+02 0.000000e+00 6.783180e-06 0.000000e+00 0.000000e+00 -1.728030e-11 0.000000e+00 0.000000e+00 -0.000000e+00 -0.000000e+00 -1.000000e+00 2.309040e-01 1.792840e-01 0.000000e+00 
2.618500e+01 1.512450e+19 7.471850e+03 4.430630e+03 1.831850e+03 4.082850e+03 -6.262250e+02 0.000000e+00 6.828230e-06 0.000000e+00 0.000000e+00 -1.728030e-11 0.000000e+00 0.000000e+00 -0.000000e+00 -0.000000e+00 -1.000000e+00 2.310880e-01 1.792560e-01 0.000000e+00 
2.618500e+01 1.512450e+19 7.471850e+03 4.430630e+03 1.831850e+03 4.082850e+03 -6.262250e+02 0.000000e+00 6.873280e-06 0.000000e+00 0.000000e+00 0.000000e+00 0.000000e+00 0.000000e+00 0.000000e+00 0.000000e+00 -1.000000e+00 2.312720e-01 1.792280e-01 0.000000e+00 
2.618500e+01 1.512450e+19 7.471850e+03 4.430630e+03 1.831850e+03 4.082850e+03 -6.262250e+02 0.000000e+00 6.918330e-06 0.000000e+00 0.000000e+00 0.000000e+00 0.000000e+00 0.000000e+00 0.000000e+00 0.000000e+00 -1.000000e+00 2.314560e-01 1.791990e-01 0.000000e+00 
2.618500e+01 1.512450e+19 7.471850e+03 4.430630e+03 1.831850e+03 4.082850e+03 -6.262250e+02 0.000000e+00 6.963380e-06 0.000000e+00 0.000000e+00 1.728030e-11 0.000000e+00 0.000000e+00 -0.000000e+00 -0.000000e+00 -1.000000e+00 2.316400e-01 1.791710e-01 0.000000e+00 
2.618500e+01 1.512450e+19 7.471850e+03 4.430630e+03 1.831850e+03 4.082850e+03 -6.262250e+02 0.000000e+00 7.008430e-06 0.000000e+00 0.000000e+00 1.728030e-11 0.000000e+00 0.000000e+00 -0.000000e+00 -0.000000e+00 -1.000000e+00 2.318240e-01 1.791430e-01 0.000000e+00 
2.618500e+01 1.512450e+19 7.471850e+03 4.430630e+03 1.831850e+03 4.082850e+03 -6.262250e+02 0.000000e+00 7.053480e-06 0.000000e+00 0.000000e+00 -1.728030e-11 0.000000e+00 0.000000e+00 0.000000e+00 0.000000e+00 -1.000000e+00 2.320080e-01 1.791150e-01 0.000000e+00 
2.618500e+01 1.512450e+19 7.471850e+03 4.430630e+03 1.831850e+03 4.082850e+03 -6.262250e+02 0.000000e+00 7.098530e-06 0.000000e+00 0.000000e+00 0.000000e+00 0.000000e+00 0.000000e+00 -0.000000e+00 -0.000000e+00 -1.000000e+00 2.321910e-01 1.790870e-01 0.000000e+00 
2.618500e+01 1.512450e+19 7.471850e+03 4.430630e+03 1.831850e+03 4.082850e+03 -6.262250e+02 0.000000e+00 7.143580e-06 0.000000e+00 0.000000e+00 0.000000e+00 0.000000e+00 0.000000e+00 0.000000e+00 0.000000e+00 -1.000000e+00 2.323750e-01 1.790580e-01 0.000000e+00 
2.618500e+01 1.512450e+19 7.471850e+03 4.430630e+03 1.831850e+03 4.082850e+03 -6.262250e+02 0.000000e+00 7.188630e-06 0.000000e+00 0.000000e+00 1.728030e-11 0.000000e+00 0.000000e+00 -0.000000e+00 -0.000000e+00 -1.000000e+00 2.325590e-01 1.790300e-01 0.000000e+00 
2.618500e+01 1.512450e+19 7.471850e+03 4.430630e+03 1.831850e+03 4.082850e+03 -6.262250e+02 0.000000e+00 7.233680e-06 0.000000e+00 0.000000e+00 1.728030e-11 0.000000e+00 0.000000e+00 -0.000000e+00 -0.000000e+00 -1.000000e+00 2.327430e-01 1.790020e-01 0.000000e+00 
2.618500e+01 1.512450e+19 7.471850e+03 4.430630e+03 1.831850e+03 4.082850e+03 -6.262250e+02 0.000000e+00 7.278730e-06 0.000000e+00 0.000000e+00 0.000000e+00 0.000000e+00 0.000000e+00 0.000000e+00 0.000000e+00 -1.000000e+00 2.329270e-01 1.789740e-01 0.000000e+00 
2.618500e+01 1.512450e+19 7.471850e+03 4.430630e+03 1.831850e+03 4.082850e+03 -6.262250e+02 0.000000e+00 7.323780e-06 0.000000e+00 0.000000e+00 0.000000e+00 0.000000e+00 0.000000e+00 -0.000000e+00 -0.000000e+00 -1.000000e+00 2.331110e-01 1.789460e-01 0.000000e+00 
2.618500e+01 1.512450e+19 7.471850e+03 4.430630e+03 1.831850e+03 4.082850e+03 -6.262250e+02 0.000000e+00 7.368830e-06 0.000000e+00 0.000000e+00 0.000000e+00 0.000000e+00 0.000000e+00 0.000000e+00 0.000000e+00 -1.000000e+00 2.332950e-01 1.789170e-01 0.000000e+00 
2.618500e+01 1.512450e+19 7.471850e+03 4.430630e+03 1.831850e+03 4.082850e+03 -6.262250e+02 0.000000e+00 7.413880e-06 0.000000e+00 0.000000e+00 1.728030e-11 0.000000e+00 0.000000e+00 -0.000000e+00 -0.000000e+00 -1.000000e+00 2.334790e-01 1.788890e-01 0.000000e+00 
2.618500e+01 1.512450e+19 7.471850e+03 4.430630e+03 1.831850e+03 4.082850e+03 -6.262250e+02 0.000000e+00 7.458930e-06 0.000000e+00 0.000000e+00 -1.728030e-11 0.000000e+00 0.000000e+00 0.000000e+00 0.000000e+00 -1.000000e+00 2.336630e-01 1.788610e-01 0.000000e+00 
2.618500e+01 1.512450e+19 7.471850e+03 4.430630e+03 1.831850e+03 4.082850e+03 -6.262250e+02 0.000000e+00 7.503980e-06 0.000000e+00 0.000000e+00 -8.640130e-12 0.000000e+00 0.000000e+00 -0.000000e+00 -0.000000e+00 -1.000000e+00 2.338470e-01 1.788330e-01 0.000000e+00 
2.618500e+01 1.512450e+19 7.471850e+03 4.430630e+03 1.831850e+03 4.082850e+03 -6.262250e+02 0.000000e+00 7.549030e-06 0.000000e+00 0.000000e+00 0.000000e+00 0.000000e+00 0.000000e+00 -0.000000e+00 -0.000000e+00 -1.000000e+00 2.340310e-01 1.788040e-01 0.000000e+00 
2.618500e+01 1.512450e+19 7.471850e+03 4.430630e+03 1.831850e+03 4.082850e+03 -6.262250e+02 0.000000e+00 7.594080e-06 0.000000e+00 0.000000e+00 8.640130e-12 0.000000e+00 0.000000e+00 0.000000e+00 0.000000e+00 -1.000000e+00 2.342150e-01 1.787760e-01 0.000000e+00 
2.618500e+01 1.512450e+19 7.471850e+03 4.430630e+03 1.831850e+03 4.082850e+03 -6.262250e+02 0.000000e+00 7.639130e-06 0.000000e+00 0.000000e+00 8.640130e-12 0.000000e+00 0.000000e+00 -0.000000e+00 -0.000000e+00 -1.000000e+00 2.343990e-01 1.787480e-01 0.000000e+00 
2.618500e+01 1.512450e+19 7.471850e+03 4.430630e+03 1.831850e+03 4.082850e+03 -6.262250e+02 0.000000e+00 7.684180e-06 0.000000e+00 0.000000e+00 -8.640130e-12 0.000000e+00 0.000000e+00 0.000000e+00 0.000000e+00 -1.000000e+00 2.345830e-01 1.787200e-01 0.000000e+00 
2.618500e+01 1.512450e+19 7.471850e+03 4.430630e+03 1.831850e+03 4.082850e+03 -6.262250e+02 0.000000e+00 7.729230e-06 0.000000e+00 0.000000e+00 -8.640130e-12 0.000000e+00 0.000000e+00 -0.000000e+00 -0.000000e+00 -1.000000e+00 2.347670e-01 1.786920e-01 0.000000e+00 
2.618500e+01 1.512450e+19 7.471850e+03 4.430630e+03 1.831850e+03 4.082850e+03 -6.262250e+02 0.000000e+00 7.774280e-06 0.000000e+00 0.000000e+00 0.000000e+00 0.000000e+00 0.000000e+00 0.000000e+00 0.000000e+00 -1.000000e+00 2.349500e-01 1.786630e-01 0.000000e+00 
2.618500e+01 1.512450e+19 7.471850e+03 4.430630e+03 1.831850e+03 4.082850e+03 -6.262250e+02 0.000000e+00 7.819330e-06 0.000000e+00 0.000000e+00 8.640130e-12 0.000000e+00 0.000000e+00 -0.000000e+00 -0.000000e+00 -1.000000e+00 2.351340e-01 1.786350e-01 0.000000e+00 
2.618500e+01 1.512450e+19 7.471850e+03 4.430630e+03 1.831850e+03 4.082850e+03 -6.262250e+02 0.000000e+00 7.864380e-06 0.000000e+00 0.000000e+00 1.728030e-11 0.000000e+00 0.000000e+00 0.000000e+00 0.000000e+00 -1.000000e+00 2.353180e-01 1.786070e-01 0.000000e+00 
2.618500e+01 1.512450e+19 7.471850e+03 4.430630e+03 1.831850e+03 4.082850e+03 -6.262250e+02 0.000000e+00 7.909420e-06 0.000000e+00 0.000000e+00 -1.296020e-11 0.000000e+00 0.000000e+00 0.000000e+00 0.000000e+00 -1.000000e+00 2.355020e-01 1.785790e-01 0.000000e+00 
2.618500e+01 1.512450e+19 7.471850e+03 4.430630e+03 1.831850e+03 4.082850e+03 -6.262250e+02 0.000000e+00 7.954470e-06 0.000000e+00 0.000000e+00 -4.320070e-12 0.000000e+00 0.000000e+00 -0.000000e+00 -0.000000e+00 -1.000000e+00 2.356860e-01 1.785510e-01 0.000000e+00 
2.618500e+01 1.512450e+19 7.471850e+03 4.430630e+03 1.831850e+03 4.082850e+03 -6.262250e+02 0.000000e+00 7.999520e-06 0.000000e+00 0.000000e+00 0.000000e+00 0.000000e+00 0.000000e+00 0.000000e+00 0.000000e+00 -1.000000e+00 2.358700e-01 1.785220e-01 0.000000e+00 
2.618500e+01 1.512450e+19 7.471850e+03 4.430630e+03 1.831850e+03 4.082850e+03 -6.262250e+02 0.000000e+00 8.044570e-06 0.000000e+00 0.000000e+00 4.320070e-12 0.000000e+00 0.000000e+00 -0.000000e+00 -0.000000e+00 -1.000000e+00 2.360540e-01 1.784940e-01 0.000000e+00 
2.618500e+01 1.512450e+19 7.471850e+03 4.430630e+03 1.831850e+03 4.082850e+03 -6.262250e+02 0.000000e+00 8.089620e-06 0.000000e+00 0.000000e+00 1.728030e-11 0.000000e+00 0.000000e+00 0.000000e+00 0.000000e+00 -1.000000e+00 2.362380e-01 1.784660e-01 0.000000e+00 
2.618500e+01 1.512450e+19 7.471850e+03 4.430630e+03 1.831850e+03 4.082850e+03 -6.262250e+02 0.000000e+00 8.134670e-06 0.000000e+00 0.000000e+00 -1.296020e-11 0.000000e+00 0.000000e+00 0.000000e+00 0.000000e+00 -1.000000e+00 2.364220e-01 1.784380e-01 0.000000e+00 
2.618500e+01 1.512450e+19 7.471850e+03 4.430630e+03 1.831850e+03 4.082850e+03 -6.262250e+02 0.000000e+00 8.179720e-06 0.000000e+00 0.000000e+00 -7.560120e-12 0.000000e+00 0.000000e+00 -0.000000e+00 -0.000000e+00 -1.000000e+00 2.366060e-01 1.784100e-01 0.000000e+00 
2.618500e+01 1.512450e+19 7.471850e+03 4.430630e+03 1.831850e+03 4.082850e+03 -6.262250e+02 0.000000e+00 8.224770e-06 0.000000e+00 0.000000e+00 3.240050e-12 0.000000e+00 0.000000e+00 -0.000000e+00 -0.000000e+00 -1.000000e+00 2.367900e-01 1.783810e-01 0.000000e+00 
2.557500e+01 1.477210e+19 7.407220e+03 4.479440e+03 1.711500e+03 4.118020e+03 -6.507850e+02 0.000000e+00 8.269820e-06 0.000000e+00 0.000000e+00 0.000000e+00 0.000000e+00 0.000000e+00 -0.000000e+00 -0.000000e+00 -1.000000e+00 2.369740e-01 1.783530e-01 0.000000e+00 
2.557500e+01 1.477210e+19 7.407220e+03 4.479440e+03 1.711500e+03 4.118020e+03 -6.507850e+02 0.000000e+00 1.050150e-05 0.000000e+00 0.000000e+00 -1.728030e-11 0.000000e+00 0.000000e+00 0.000000e+00 0.000000e+00 -1.000000e+00 2.461640e-01 1.769000e-01 0.000000e+00 
2.452500e+01 1.416560e+19 7.437790e+03 4.684530e+03 1.773070e+03 4.082560e+03 -6.415690e+02 0.000000e+00 1.273320e-05 0.000000e+00 0.000000e+00 0.000000e+00 0.000000e+00 0.000000e+00 0.000000e+00 0.000000e+00 -1.000000e+00 2.553540e-01 1.754520e-01 0.000000e+00 
2.385500e+01 1.377860e+19 7.360170e+03 4.553940e+03 1.770010e+03 4.167540e+03 -6.490680e+02 0.000000e+00 1.498450e-05 0.000000e+00 0.000000e+00 -3.456050e-11 0.000000e+00 0.000000e+00 0.000000e+00 0.000000e+00 -1.000000e+00 2.645460e-01 1.740110e-01 0.000000e+00 
2.385500e+01 1.377860e+19 7.360170e+03 4.553940e+03 1.770010e+03 4.167540e+03 -6.490680e+02 0.000000e+00 1.719040e-05 0.000000e+00 0.000000e+00 8.640130e-12 0.000000e+00 0.000000e+00 0.000000e+00 0.000000e+00 -1.000000e+00 2.737400e-01 1.725790e-01 0.000000e+00 
2.310000e+01 1.334260e+19 7.396710e+03 4.565790e+03 1.637130e+03 4.140140e+03 -6.114350e+02 0.000000e+00 1.939640e-05 0.000000e+00 0.000000e+00 0.000000e+00 0.000000e+00 0.000000e+00 -0.000000e+00 -0.000000e+00 -1.000000e+00 2.829430e-01 1.712130e-01 0.000000e+00 
2.087000e+01 1.205450e+19 7.527370e+03 4.664470e+03 1.769730e+03 4.027620e+03 -7.605810e+02 0.000000e+00 2.161950e-05 0.000000e+00 0.000000e+00 -3.456050e-11 0.000000e+00 0.000000e+00 0.000000e+00 0.000000e+00 -1.000000e+00 2.920810e-01 1.694690e-01 0.000000e+00 
2.087000e+01 1.205450e+19 7.527370e+03 4.664470e+03 1.769730e+03 4.027620e+03 -7.605810e+02 0.000000e+00 2.388950e-05 0.000000e+00 0.000000e+00 1.296020e-11 0.000000e+00 0.000000e+00 0.000000e+00 0.000000e+00 -1.000000e+00 3.012230e-01 1.677420e-01 0.000000e+00 
2.071500e+01 1.196500e+19 7.587250e+03 4.684080e+03 1.871930e+03 3.999690e+03 -7.279110e+02 0.000000e+00 2.615950e-05 0.000000e+00 0.000000e+00 0.000000e+00 0.000000e+00 0.000000e+00 0.000000e+00 0.000000e+00 -1.000000e+00 3.103760e-01 1.660700e-01 0.000000e+00 
2.038000e+01 1.177150e+19 7.603070e+03 4.697580e+03 1.683750e+03 4.043010e+03 -7.280740e+02 0.000000e+00 2.844800e-05 0.000000e+00 0.000000e+00 0.000000e+00 0.000000e+00 0.000000e+00 0.000000e+00 0.000000e+00 -1.000000e+00 3.195310e-01 1.644130e-01 0.000000e+00 
2.038000e+01 1.177150e+19 7.603070e+03 4.697580e+03 1.683750e+03 4.043010e+03 -7.280740e+02 0.000000e+00 3.071280e-05 0.000000e+00 0.000000e+00 1.080020e-11 0.000000e+00 0.000000e+00 0.000000e+00 0.000000e+00 -1.000000e+00 3.286880e-01 1.627640e-01 0.000000e+00 
1.986000e+01 1.147110e+19 7.411990e+03 4.774310e+03 1.668850e+03 4.085940e+03 -7.092940e+02 0.000000e+00 3.297770e-05 0.000000e+00 0.000000e+00 0.000000e+00 0.000000e+00 0.000000e+00 0.000000e+00 0.000000e+00 -1.000000e+00 3.378540e-01 1.611670e-01 0.000000e+00 
1.983000e+01 1.145380e+19 7.579280e+03 4.734690e+03 1.786580e+03 4.150330e+03 -6.996750e+02 0.000000e+00 3.517780e-05 0.000000e+00 0.000000e+00 0.000000e+00 0.000000e+00 0.000000e+00 0.000000e+00 0.000000e+00 -1.000000e+00 3.470250e-01 1.595980e-01 0.000000e+00 
1.987500e+01 1.147980e+19 7.766740e+03 4.750350e+03 1.753740e+03 4.124270e+03 -6.735860e+02 0.000000e+00 3.716930e-05 0.000000e+00 0.000000e+00 -3.456050e-11 0.000000e+00 0.000000e+00 -0.000000e+00 -0.000000e+00 -1.000000e+00 3.560220e-01 1.580810e-01 0.000000e+00 
1.818000e+01 1.050080e+19 7.707050e+03 4.902750e+03 1.606220e+03 3.977940e+03 -7.441600e+02 0.000000e+00 3.904330e-05 0.000000e+00 0.000000e+00 -1.728030e-11 0.000000e+00 0.000000e+00 0.000000e+00 0.000000e+00 -1.000000e+00 3.642640e-01 1.565590e-01 0.000000e+00 
1.853000e+01 1.070290e+19 7.951980e+03 4.729870e+03 1.538530e+03 3.984560e+03 -7.109970e+02 0.000000e+00 4.080640e-05 0.000000e+00 0.000000e+00 0.000000e+00 0.000000e+00 0.000000e+00 0.000000e+00 0.000000e+00 -1.000000e+00 3.719680e-01 1.551510e-01 0.000000e+00 
1.853000e+01 1.070290e+19 7.951980e+03 4.729870e+03 1.538530e+03 3.984560e+03 -7.109970e+02 0.000000e+00 4.310520e-05 0.000000e+00 0.000000e+00 -2.160030e-12 0.000000e+00 0.000000e+00 -0.000000e+00 -0.000000e+00 -1.000000e+00 3.811270e-01 1.535160e-01 0.000000e+00 
1.823500e+01 1.053250e+19 7.964240e+03 4.936840e+03 1.691940e+03 3.970210e+03 -7.146390e+02 0.000000e+00 4.540390e-05 0.000000e+00 0.000000e+00 0.000000e+00 0.000000e+00 0.000000e+00 0.000000e+00 0.000000e+00 -1.000000e+00 3.902840e-01 1.518690e-01 0.000000e+00 
6.965500e+01 1.005820e+19 7.993800e+03 4.788640e+03 1.738930e+03 3.969820e+03 -7.070130e+02 0.000000e+00 4.771030e-05 0.000000e+00 0.000000e+00 0.000000e+00 0.000000e+00 0.000000e+00 0.000000e+00 0.000000e+00 -1.000000e+00 3.994430e-01 1.502290e-01 0.000000e+00 
6.965500e+01 1.005820e+19 7.993800e+03 4.788640e+03 1.738930e+03 3.969820e+03 -7.070130e+02 0.000000e+00 5.232510e-05 0.000000e+00 0.000000e+00 0.000000e+00 0.000000e+00 0.000000e+00 0.000000e+00 0.000000e+00 -1.000000e+00 4.177630e-01 1.469670e-01 0.000000e+00 
6.992500e+01 1.009720e+19 8.194290e+03 4.947500e+03 1.673830e+03 3.986350e+03 -6.393840e+02 0.000000e+00 5.533300e-05 0.000000e+00 0.000000e+00 0.000000e+00 0.000000e+00 0.000000e+00 0.000000e+00 0.000000e+00 -1.000000e+00 4.310510e-01 1.448120e-01 0.000000e+00 
6.977000e+01 1.007480e+19 8.244330e+03 4.849370e+03 1.737330e+03 4.011510e+03 -5.906570e+02 0.000000e+00 5.994200e-05 0.000000e+00 0.000000e+00 0.000000e+00 0.000000e+00 0.000000e+00 0.000000e+00 0.000000e+00 -1.000000e+00 4.494240e-01 1.418660e-01 0.000000e+00 
6.977000e+01 1.007480e+19 8.244330e+03 4.849370e+03 1.737330e+03 4.011510e+03 -5.906570e+02 0.000000e+00 6.453120e-05 0.000000e+00 0.000000e+00 -4.320060e-12 0.000000e+00 0.000000e+00 -0.000000e+00 -0.000000e+00 -1.000000e+00 4.678340e-01 1.391550e-01 0.000000e+00 
6.977000e+01 1.007480e+19 8.244330e+03 4.849370e+03 1.737330e+03 4.011510e+03 -5.906570e+02 0.000000e+00 6.462300e-05 0.000000e+00 0.000000e+00 -2.970040e-12 0.000000e+00 0.000000e+00 0.000000e+00 0.000000e+00 -1.000000e+00 4.734100e-01 1.383340e-01 0.000000e+00 
6.992000e+01 1.009640e+19 8.230950e+03 4.693740e+03 1.722410e+03 4.036350e+03 -5.537360e+02 0.000000e+00 6.471480e-05 0.000000e+00 0.000000e+00 0.000000e+00 0.000000e+00 0.000000e+00 0.000000e+00 0.000000e+00 -1.000000e+00 4.737780e-01 1.382810e-01 0.000000e+00 
6.992000e+01 1.009640e+19 8.230950e+03 4.693740e+03 1.722410e+03 4.036350e+03 -5.537360e+02 0.000000e+00 6.928210e-05 0.000000e+00 0.000000e+00 8.640130e-12 0.000000e+00 0.000000e+00 0.000000e+00 0.000000e+00 -1.000000e+00 4.922140e-01 1.357520e-01 0.000000e+00 
7.038500e+01 1.016360e+19 8.245590e+03 4.810670e+03 1.706950e+03 4.042080e+03 -4.789570e+02 0.000000e+00 7.384950e-05 0.000000e+00 0.000000e+00 0.000000e+00 0.000000e+00 0.000000e+00 0.000000e+00 0.000000e+00 -1.000000e+00 5.106710e-01 1.333920e-01 0.000000e+00 
6.521500e+01 9.417050e+18 8.445570e+03 4.924910e+03 1.741810e+03 3.864760e+03 -4.527200e+02 0.000000e+00 7.842120e-05 0.000000e+00 0.000000e+00 0.000000e+00 0.000000e+00 0.000000e+00 0.000000e+00 0.000000e+00 -1.000000e+00 5.291510e-01 1.312100e-01 0.000000e+00 
6.521500e+01 9.417050e+18 8.445570e+03 4.924910e+03 1.741810e+03 3.864760e+03 -4.527200e+02 0.000000e+00 8.320330e-05 0.000000e+00 0.000000e+00 -8.640130e-12 0.000000e+00 0.000000e+00 0.000000e+00 0.000000e+00 -1.000000e+00 5.476330e-01 1.290450e-01 0.000000e+00 
6.623500e+01 9.564330e+18 8.471990e+03 4.864840e+03 1.793040e+03 3.894330e+03 -4.143140e+02 0.000000e+00 8.765110e-05 0.000000e+00 0.000000e+00 0.000000e+00 0.000000e+00 0.000000e+00 0.000000e+00 0.000000e+00 -1.000000e+00 5.661340e-01 1.270570e-01 0.000000e+00 
6.682000e+01 9.648810e+18 8.513140e+03 4.903950e+03 1.734610e+03 3.947150e+03 -3.699350e+02 0.000000e+00 9.240250e-05 0.000000e+00 0.000000e+00 0.000000e+00 0.000000e+00 0.000000e+00 0.000000e+00 0.000000e+00 -1.000000e+00 5.846440e-01 1.251550e-01 0.000000e+00 
6.682000e+01 9.648810e+18 8.513140e+03 4.903950e+03 1.734610e+03 3.947150e+03 -3.699350e+02 0.000000e+00 9.709620e-05 0.000000e+00 0.000000e+00 4.320070e-12 0.000000e+00 0.000000e+00 0.000000e+00 0.000000e+00 -1.000000e+00 6.031710e-01 1.234190e-01 0.000000e+00 
6.617000e+01 9.554950e+18 8.432850e+03 4.940110e+03 1.769240e+03 4.015520e+03 -3.509230e+02 0.000000e+00 1.017900e-04 0.000000e+00 0.000000e+00 0.000000e+00 0.000000e+00 0.000000e+00 0.000000e+00 0.000000e+00 -1.000000e+00 6.217080e-01 1.217870e-01 0.000000e+00 
6.591500e+01 9.518130e+18 8.451900e+03 4.931710e+03 1.753990e+03 4.058070e+03 -3.288170e+02 0.000000e+00 1.064060e-04 0.000000e+00 0.000000e+00 0.000000e+00 0.000000e+00 0.000000e+00 0.000000e+00 0.000000e+00 -1.000000e+00 6.402500e-01 1.202260e-01 0.000000e+00 
6.609000e+01 9.543400e+18 8.355290e+03 4.959330e+03 1.757820e+03 4.085240e+03 -3.131210e+02 0.000000e+00 1.109770e-04 0.000000e+00 0.000000e+00 0.000000e+00 0.000000e+00 0.000000e+00 0.000000e+00 0.000000e+00 -1.000000e+00 6.587980e-01 1.187230e-01 0.000000e+00 
6.609000e+01 9.543400e+18 8.355290e+03 4.959330e+03 1.757820e+03 4.085240e+03 -3.131210e+02 0.000000e+00 1.155190e-04 0.000000e+00 0.000000e+00 0.000000e+00 0.000000e+00 0.000000e+00 0.000000e+00 0.000000e+00 -1.000000e+00 6.773520e-01 1.173010e-01 0.000000e+00 
6.565500e+01 9.480580e+18 8.303420e+03 4.854740e+03 1.756230e+03 4.116970e+03 -2.500740e+02 0.000000e+00 1.200600e-04 0.000000e+00 0.000000e+00 -1.728030e-11 0.000000e+00 0.000000e+00 0.000000e+00 0.000000e+00 -1.000000e+00 6.959150e-01 1.160260e-01 0.000000e+00 
6.639500e+01 9.587440e+18 8.327520e+03 4.880360e+03 1.764580e+03 4.155650e+03 -2.638220e+02 0.000000e+00 1.237840e-04 0.000000e+00 0.000000e+00 -1.728030e-11 0.000000e+00 0.000000e+00 -0.000000e+00 -0.000000e+00 -1.000000e+00 7.126070e-01 1.149990e-01 0.000000e+00 
6.639500e+01 9.587440e+18 8.327520e+03 4.880360e+03 1.764580e+03 4.155650e+03 -2.638220e+02 0.000000e+00 1.282530e-04 0.000000e+00 0.000000e+00 4.320070e-12 0.000000e+00 0.000000e+00 -0.000000e+00 -0.000000e+00 -1.000000e+00 7.311780e-01 1.138200e-01 0.000000e+00 
6.678000e+01 9.643030e+18 8.295070e+03 4.791460e+03 1.823890e+03 4.203930e+03 -2.728440e+02 0.000000e+00 1.327220e-04 0.000000e+00 0.000000e+00 -1.728030e-11 0.000000e+00 0.000000e+00 -0.000000e+00 -0.000000e+00 -1.000000e+00 7.497480e-01 1.126280e-01 0.000000e+00 
6.678000e+01 9.643030e+18 8.295070e+03 4.791460e+03 1.823890e+03 4.203930e+03 -2.728440e+02 0.000000e+00 1.328100e-04 0.000000e+00 0.000000e+00 -6.480100e-12 0.000000e+00 0.000000e+00 -0.000000e+00 -0.000000e+00 -1.000000e+00 7.618590e-01 1.118420e-01 0.000000e+00 
6.678000e+01 9.643030e+18 8.295070e+03 4.791460e+03 1.823890e+03 4.203930e+03 -2.728440e+02 0.000000e+00 1.328980e-04 0.000000e+00 0.000000e+00 -5.400080e-12 0.000000e+00 0.000000e+00 -0.000000e+00 -0.000000e+00 -1.000000e+00 7.622310e-01 1.118170e-01 0.000000e+00 
6.678000e+01 9.643030e+18 8.295070e+03 4.791460e+03 1.823890e+03 4.203930e+03 -2.728440e+02 0.000000e+00 1.329870e-04 0.000000e+00 0.000000e+00 -4.860070e-12 0.000000e+00 0.000000e+00 0.000000e+00 0.000000e+00 -1.000000e+00 7.626020e-01 1.117930e-01 0.000000e+00 
6.678000e+01 9.643030e+18 8.295070e+03 4.791460e+03 1.823890e+03 4.203930e+03 -2.728440e+02 0.000000e+00 1.330750e-04 0.000000e+00 0.000000e+00 1.269020e-11 0.000000e+00 0.000000e+00 0.000000e+00 0.000000e+00 -1.000000e+00 7.629730e-01 1.117690e-01 0.000000e+00 
6.590000e+01 9.515960e+18 8.224650e+03 4.760430e+03 1.796280e+03 4.210240e+03 -2.316300e+02 0.000000e+00 1.331630e-04 0.000000e+00 0.000000e+00 0.000000e+00 0.000000e+00 0.000000e+00 0.000000e+00 0.000000e+00 -1.000000e+00 7.633450e-01 1.117470e-01 0.000000e+00 
6.590000e+01 9.515960e+18 8.224650e+03 4.760430e+03 1.796280e+03 4.210240e+03 -2.316300e+02 0.000000e+00 1.332520e-04 0.000000e+00 0.000000e+00 0.000000e+00 0.000000e+00 0.000000e+00 -0.000000e+00 -0.000000e+00 -1.000000e+00 7.637160e-01 1.117270e-01 0.000000e+00 
6.590000e+01 9.515960e+18 8.224650e+03 4.760430e+03 1.796280e+03 4.210240e+03 -2.316300e+02 0.000000e+00 1.333400e-04 0.000000e+00 0.000000e+00 -1.728030e-11 0.000000e+00 0.000000e+00 -0.000000e+00 -0.000000e+00 -1.000000e+00 7.640880e-01 1.117060e-01 0.000000e+00 
6.590000e+01 9.515960e+18 8.224650e+03 4.760430e+03 1.796280e+03 4.210240e+03 -2.316300e+02 0.000000e+00 1.334280e-04 0.000000e+00 0.000000e+00 -1.728030e-11 0.000000e+00 0.000000e+00 -0.000000e+00 -0.000000e+00 -1.000000e+00 7.644600e-01 1.116860e-01 0.000000e+00 
6.590000e+01 9.515960e+18 8.224650e+03 4.760430e+03 1.796280e+03 4.210240e+03 -2.316300e+02 0.000000e+00 1.335160e-04 0.000000e+00 0.000000e+00 0.000000e+00 0.000000e+00 0.000000e+00 0.000000e+00 0.000000e+00 -1.000000e+00 7.648310e-01 1.116650e-01 0.000000e+00 
6.590000e+01 9.515960e+18 8.224650e+03 4.760430e+03 1.796280e+03 4.210240e+03 -2.316300e+02 0.000000e+00 1.336050e-04 0.000000e+00 0.000000e+00 0.000000e+00 0.000000e+00 0.000000e+00 -0.000000e+00 -0.000000e+00 -1.000000e+00 7.652030e-01 1.116450e-01 0.000000e+00 
6.590000e+01 9.515960e+18 8.224650e+03 4.760430e+03 1.796280e+03 4.210240e+03 -2.316300e+02 0.000000e+00 1.336930e-04 0.000000e+00 0.000000e+00 0.000000e+00 0.000000e+00 0.000000e+00 0.000000e+00 0.000000e+00 -1.000000e+00 7.655740e-01 1.116240e-01 0.000000e+00 
6.590000e+01 9.515960e+18 8.224650e+03 4.760430e+03 1.796280e+03 4.210240e+03 -2.316300e+02 0.000000e+00 1.337810e-04 0.000000e+00 0.000000e+00 0.000000e+00 0.000000e+00 0.000000e+00 -0.000000e+00 -0.000000e+00 -1.000000e+00 7.659460e-01 1.116040e-01 0.000000e+00 
6.590000e+01 9.515960e+18 8.224650e+03 4.760430e+03 1.796280e+03 4.210240e+03 -2.316300e+02 0.000000e+00 1.338690e-04 0.000000e+00 0.000000e+00 0.000000e+00 0.000000e+00 0.000000e+00 0.000000e+00 0.000000e+00 -1.000000e+00 7.663180e-01 1.115830e-01 0.000000e+00 
6.590000e+01 9.515960e+18 8.224650e+03 4.760430e+03 1.796280e+03 4.210240e+03 -2.316300e+02 0.000000e+00 1.339580e-04 0.000000e+00 0.000000e+00 0.000000e+00 0.000000e+00 0.000000e+00 -0.000000e+00 -0.000000e+00 -1.000000e+00 7.666890e-01 1.115630e-01 0.000000e+00 
6.590000e+01 9.515960e+18 8.224650e+03 4.760430e+03 1.796280e+03 4.210240e+03 -2.316300e+02 0.000000e+00 1.340460e-04 0.000000e+00 0.000000e+00 0.000000e+00 0.000000e+00 0.000000e+00 0.000000e+00 0.000000e+00 -1.000000e+00 7.670610e-01 1.115430e-01 0.000000e+00 
6.590000e+01 9.515960e+18 8.224650e+03 4.760430e+03 1.796280e+03 4.210240e+03 -2.316300e+02 0.000000e+00 1.341340e-04 0.000000e+00 0.000000e+00 0.000000e+00 0.000000e+00 0.000000e+00 -0.000000e+00 -0.000000e+00 -1.000000e+00 7.674320e-01 1.115220e-01 0.000000e+00 
6.590000e+01 9.515960e+18 8.224650e+03 4.760430e+03 1.796280e+03 4.210240e+03 -2.316300e+02 0.000000e+00 1.342220e-04 0.000000e+00 0.000000e+00 0.000000e+00 0.000000e+00 0.000000e+00 0.000000e+00 0.000000e+00 -1.000000e+00 7.678040e-01 1.115020e-01 0.000000e+00 
6.590000e+01 9.515960e+18 8.224650e+03 4.760430e+03 1.796280e+03 4.210240e+03 -2.316300e+02 0.000000e+00 1.343110e-04 0.000000e+00 0.000000e+00 -1.728030e-11 0.000000e+00 0.000000e+00 -0.000000e+00 -0.000000e+00 -1.000000e+00 7.681760e-01 1.114810e-01 0.000000e+00 
6.590000e+01 9.515960e+18 8.224650e+03 4.760430e+03 1.796280e+03 4.210240e+03 -2.316300e+02 0.000000e+00 1.343990e-04 0.000000e+00 0.000000e+00 1.728030e-11 0.000000e+00 0.000000e+00 -0.000000e+00 -0.000000e+00 -1.000000e+00 7.685470e-01 1.114610e-01 0.000000e+00 
6.590000e+01 9.515960e+18 8.224650e+03 4.760430e+03 1.796280e+03 4.210240e+03 -2.316300e+02 0.000000e+00 1.344870e-04 0.000000e+00 0.000000e+00 0.000000e+00 0.000000e+00 0.000000e+00 0.000000e+00 0.000000e+00 -1.000000e+00 7.689190e-01 1.114400e-01 0.000000e+00 
6.590000e+01 9.515960e+18 8.224650e+03 4.760430e+03 1.796280e+03 4.210240e+03 -2.316300e+02 0.000000e+00 1.345760e-04 0.000000e+00 0.000000e+00 0.000000e+00 0.000000e+00 0.000000e+00 -0.000000e+00 -0.000000e+00 -1.000000e+00 7.692900e-01 1.114200e-01 0.000000e+00 
6.590000e+01 9.515960e+18 8.224650e+03 4.760430e+03 1.796280e+03 4.210240e+03 -2.316300e+02 0.000000e+00 1.346640e-04 0.000000e+00 0.000000e+00 -1.728030e-11 0.000000e+00 0.000000e+00 0.000000e+00 0.000000e+00 -1.000000e+00 7.696620e-01 1.113990e-01 0.000000e+00 
6.590000e+01 9.515960e+18 8.224650e+03 4.760430e+03 1.796280e+03 4.210240e+03 -2.316300e+02 0.000000e+00 1.347520e-04 0.000000e+00 0.000000e+00 -1.728030e-11 0.000000e+00 0.000000e+00 -0.000000e+00 -0.000000e+00 -1.000000e+00 7.700340e-01 1.113790e-01 0.000000e+00 
6.590000e+01 9.515960e+18 8.224650e+03 4.760430e+03 1.796280e+03 4.210240e+03 -2.316300e+02 0.000000e+00 1.348400e-04 0.000000e+00 0.000000e+00 0.000000e+00 0.000000e+00 0.000000e+00 0.000000e+00 0.000000e+00 -1.000000e+00 7.704050e-01 1.113590e-01 0.000000e+00 
6.590000e+01 9.515960e+18 8.224650e+03 4.760430e+03 1.796280e+03 4.210240e+03 -2.316300e+02 0.000000e+00 1.349290e-04 0.000000e+00 0.000000e+00 0.000000e+00 0.000000e+00 0.000000e+00 0.000000e+00 0.000000e+00 -1.000000e+00 7.707770e-01 1.113380e-01 0.000000e+00 
6.590000e+01 9.515960e+18 8.224650e+03 4.760430e+03 1.796280e+03 4.210240e+03 -2.316300e+02 0.000000e+00 1.350170e-04 0.000000e+00 0.000000e+00 0.000000e+00 0.000000e+00 0.000000e+00 -0.000000e+00 -0.000000e+00 -1.000000e+00 7.711480e-01 1.113180e-01 0.000000e+00 
6.590000e+01 9.515960e+18 8.224650e+03 4.760430e+03 1.796280e+03 4.210240e+03 -2.316300e+02 0.000000e+00 1.351050e-04 0.000000e+00 0.000000e+00 0.000000e+00 0.000000e+00 0.000000e+00 -0.000000e+00 -0.000000e+00 -1.000000e+00 7.715200e-01 1.112970e-01 0.000000e+00 
6.590000e+01 9.515960e+18 8.224650e+03 4.760430e+03 1.796280e+03 4.210240e+03 -2.316300e+02 0.000000e+00 1.351930e-04 0.000000e+00 0.000000e+00 0.000000e+00 0.000000e+00 0.000000e+00 0.000000e+00 0.000000e+00 -1.000000e+00 7.718920e-01 1.112770e-01 0.000000e+00 
6.590000e+01 9.515960e+18 8.224650e+03 4.760430e+03 1.796280e+03 4.210240e+03 -2.316300e+02 0.000000e+00 1.352820e-04 0.000000e+00 0.000000e+00 0.000000e+00 0.000000e+00 0.000000e+00 -0.000000e+00 -0.000000e+00 -1.000000e+00 7.722630e-01 1.112560e-01 0.000000e+00 
6.590000e+01 9.515960e+18 8.224650e+03 4.760430e+03 1.796280e+03 4.210240e+03 -2.316300e+02 0.000000e+00 1.353700e-04 0.000000e+00 0.000000e+00 0.000000e+00 0.000000e+00 0.000000e+00 -0.000000e+00 -0.000000e+00 -1.000000e+00 7.726350e-01 1.112360e-01 0.000000e+00 
6.590000e+01 9.515960e+18 8.224650e+03 4.760430e+03 1.796280e+03 4.210240e+03 -2.316300e+02 0.000000e+00 1.354580e-04 0.000000e+00 0.000000e+00 0.000000e+00 0.000000e+00 0.000000e+00 0.000000e+00 0.000000e+00 -1.000000e+00 7.730060e-01 1.112150e-01 0.000000e+00 
6.590000e+01 9.515960e+18 8.224650e+03 4.760430e+03 1.796280e+03 4.210240e+03 -2.316300e+02 0.000000e+00 1.355460e-04 0.000000e+00 0.000000e+00 0.000000e+00 0.000000e+00 0.000000e+00 -0.000000e+00 -0.000000e+00 -1.000000e+00 7.733780e-01 1.111950e-01 0.000000e+00 
6.590000e+01 9.515960e+18 8.224650e+03 4.760430e+03 1.796280e+03 4.210240e+03 -2.316300e+02 0.000000e+00 1.356350e-04 0.000000e+00 0.000000e+00 0.000000e+00 0.000000e+00 0.000000e+00 0.000000e+00 0.000000e+00 -1.000000e+00 7.737500e-01 1.111750e-01 0.000000e+00 
6.590000e+01 9.515960e+18 8.224650e+03 4.760430e+03 1.796280e+03 4.210240e+03 -2.316300e+02 0.000000e+00 1.357230e-04 0.000000e+00 0.000000e+00 0.000000e+00 0.000000e+00 0.000000e+00 -0.000000e+00 -0.000000e+00 -1.000000e+00 7.741210e-01 1.111540e-01 0.000000e+00 
6.590000e+01 9.515960e+18 8.224650e+03 4.760430e+03 1.796280e+03 4.210240e+03 -2.316300e+02 0.000000e+00 1.358110e-04 0.000000e+00 0.000000e+00 1.728030e-11 0.000000e+00 0.000000e+00 0.000000e+00 0.000000e+00 -1.000000e+00 7.744930e-01 1.111340e-01 0.000000e+00 
6.590000e+01 9.515960e+18 8.224650e+03 4.760430e+03 1.796280e+03 4.210240e+03 -2.316300e+02 0.000000e+00 1.358990e-04 0.000000e+00 0.000000e+00 0.000000e+00 0.000000e+00 0.000000e+00 -0.000000e+00 -0.000000e+00 -1.000000e+00 7.748640e-01 1.111130e-01 0.000000e+00 
6.590000e+01 9.515960e+18 8.224650e+03 4.760430e+03 1.796280e+03 4.210240e+03 -2.316300e+02 0.000000e+00 1.359880e-04 0.000000e+00 0.000000e+00 0.000000e+00 0.000000e+00 0.000000e+00 0.000000e+00 0.000000e+00 -1.000000e+00 7.752360e-01 1.110930e-01 0.000000e+00 
6.590000e+01 9.515960e+18 8.224650e+03 4.760430e+03 1.796280e+03 4.210240e+03 -2.316300e+02 0.000000e+00 1.360760e-04 0.000000e+00 0.000000e+00 0.000000e+00 0.000000e+00 0.000000e+00 -0.000000e+00 -0.000000e+00 -1.000000e+00 7.756080e-01 1.110720e-01 0.000000e+00 
6.590000e+01 9.515960e+18 8.224650e+03 4.760430e+03 1.796280e+03 4.210240e+03 -2.316300e+02 0.000000e+00 1.361640e-04 0.000000e+00 0.000000e+00 0.000000e+00 0.000000e+00 0.000000e+00 0.000000e+00 0.000000e+00 -1.000000e+00 7.759790e-01 1.110520e-01 0.000000e+00 
6.590000e+01 9.515960e+18 8.224650e+03 4.760430e+03 1.796280e+03 4.210240e+03 -2.316300e+02 0.000000e+00 1.362520e-04 0.000000e+00 0.000000e+00 0.000000e+00 0.000000e+00 0.000000e+00 -0.000000e+00 -0.000000e+00 -1.000000e+00 7.763510e-01 1.110310e-01 0.000000e+00 
6.590000e+01 9.515960e+18 8.224650e+03 4.760430e+03 1.796280e+03 4.210240e+03 -2.316300e+02 0.000000e+00 1.363410e-04 0.000000e+00 0.000000e+00 -8.640130e-12 0.000000e+00 0.000000e+00 -0.000000e+00 -0.000000e+00 -1.000000e+00 7.767220e-01 1.110110e-01 0.000000e+00 
6.590000e+01 9.515960e+18 8.224650e+03 4.760430e+03 1.796280e+03 4.210240e+03 -2.316300e+02 0.000000e+00 1.364290e-04 0.000000e+00 0.000000e+00 8.640130e-12 0.000000e+00 0.000000e+00 0.000000e+00 0.000000e+00 -1.000000e+00 7.770940e-01 1.109910e-01 0.000000e+00 
6.590000e+01 9.515960e+18 8.224650e+03 4.760430e+03 1.796280e+03 4.210240e+03 -2.316300e+02 0.000000e+00 1.365170e-04 0.000000e+00 0.000000e+00 0.000000e+00 0.000000e+00 0.000000e+00 -0.000000e+00 -0.000000e+00 -1.000000e+00 7.774660e-01 1.109700e-01 0.000000e+00 
6.590000e+01 9.515960e+18 8.224650e+03 4.760430e+03 1.796280e+03 4.210240e+03 -2.316300e+02 0.000000e+00 1.366060e-04 0.000000e+00 0.000000e+00 0.000000e+00 0.000000e+00 0.000000e+00 0.000000e+00 0.000000e+00 -1.000000e+00 7.778370e-01 1.109500e-01 0.000000e+00 
6.590000e+01 9.515960e+18 8.224650e+03 4.760430e+03 1.796280e+03 4.210240e+03 -2.316300e+02 0.000000e+00 1.366940e-04 0.000000e+00 0.000000e+00 -8.640130e-12 0.000000e+00 0.000000e+00 0.000000e+00 0.000000e+00 -1.000000e+00 7.782090e-01 1.109290e-01 0.000000e+00 
6.590000e+01 9.515960e+18 8.224650e+03 4.760430e+03 1.796280e+03 4.210240e+03 -2.316300e+02 0.000000e+00 1.367820e-04 0.000000e+00 0.000000e+00 -8.640130e-12 0.000000e+00 0.000000e+00 -0.000000e+00 -0.000000e+00 -1.000000e+00 7.785800e-01 1.109090e-01 0.000000e+00 
6.590000e+01 9.515960e+18 8.224650e+03 4.760430e+03 1.796280e+03 4.210240e+03 -2.316300e+02 0.000000e+00 1.368700e-04 0.000000e+00 0.000000e+00 0.000000e+00 0.000000e+00 0.000000e+00 -0.000000e+00 -0.000000e+00 -1.000000e+00 7.789520e-01 1.108880e-01 0.000000e+00 
6.590000e+01 9.515960e+18 8.224650e+03 4.760430e+03 1.796280e+03 4.210240e+03 -2.316300e+02 0.000000e+00 1.369590e-04 0.000000e+00 0.000000e+00 0.000000e+00 0.000000e+00 0.000000e+00 0.000000e+00 0.000000e+00 -1.000000e+00 7.793240e-01 1.108680e-01 0.000000e+00 
6.590000e+01 9.515960e+18 8.224650e+03 4.760430e+03 1.796280e+03 4.210240e+03 -2.316300e+02 0.000000e+00 1.370470e-04 0.000000e+00 0.000000e+00 0.000000e+00 0.000000e+00 0.000000e+00 -0.000000e+00 -0.000000e+00 -1.000000e+00 7.796950e-01 1.108470e-01 0.000000e+00 
6.590000e+01 9.515960e+18 8.224650e+03 4.760430e+03 1.796280e+03 4.210240e+03 -2.316300e+02 0.000000e+00 1.371350e-04 0.000000e+00 0.000000e+00 0.000000e+00 0.000000e+00 0.000000e+00 0.000000e+00 0.000000e+00 -1.000000e+00 7.800670e-01 1.108270e-01 0.000000e+00 
6.590000e+01 9.515960e+18 8.224650e+03 4.760430e+03 1.796280e+03 4.210240e+03 -2.316300e+02 0.000000e+00 1.372230e-04 0.000000e+00 0.000000e+00 8.640130e-12 0.000000e+00 0.000000e+00 -0.000000e+00 -0.000000e+00 -1.000000e+00 7.804390e-01 1.108070e-01 0.000000e+00 
6.590000e+01 9.515960e+18 8.224650e+03 4.760430e+03 1.796280e+03 4.210240e+03 -2.316300e+02 0.000000e+00 1.373120e-04 0.000000e+00 0.000000e+00 8.640130e-12 0.000000e+00 0.000000e+00 -0.000000e+00 -0.000000e+00 -1.000000e+00 7.808100e-01 1.107860e-01 0.000000e+00 
6.590000e+01 9.515960e+18 8.224650e+03 4.760430e+03 1.796280e+03 4.210240e+03 -2.316300e+02 0.000000e+00 1.374000e-04 0.000000e+00 0.000000e+00 0.000000e+00 0.000000e+00 0.000000e+00 0.000000e+00 0.000000e+00 -1.000000e+00 7.811820e-01 1.107660e-01 0.000000e+00 
6.590000e+01 9.515960e+18 8.224650e+03 4.760430e+03 1.796280e+03 4.210240e+03 -2.316300e+02 0.000000e+00 1.374880e-04 0.000000e+00 0.000000e+00 0.000000e+00 0.000000e+00 0.000000e+00 -0.000000e+00 -0.000000e+00 -1.000000e+00 7.815530e-01 1.107450e-01 0.000000e+00 
6.590000e+01 9.515960e+18 8.224650e+03 4.760430e+03 1.796280e+03 4.210240e+03 -2.316300e+02 0.000000e+00 1.375760e-04 0.000000e+00 0.000000e+00 -8.640130e-12 0.000000e+00 0.000000e+00 0.000000e+00 0.000000e+00 -1.000000e+00 7.819250e-01 1.107250e-01 0.000000e+00 
6.590000e+01 9.515960e+18 8.224650e+03 4.760430e+03 1.796280e+03 4.210240e+03 -2.316300e+02 0.000000e+00 1.376650e-04 0.000000e+00 0.000000e+00 8.640130e-12 0.000000e+00 0.000000e+00 -0.000000e+00 -0.000000e+00 -1.000000e+00 7.822970e-01 1.107040e-01 0.000000e+00 
6.590000e+01 9.515960e+18 8.224650e+03 4.760430e+03 1.796280e+03 4.210240e+03 -2.316300e+02 0.000000e+00 1.377530e-04 0.000000e+00 0.000000e+00 8.640130e-12 0.000000e+00 0.000000e+00 0.000000e+00 0.000000e+00 -1.000000e+00 7.826680e-01 1.106840e-01 0.000000e+00 
6.590000e+01 9.515960e+18 8.224650e+03 4.760430e+03 1.796280e+03 4.210240e+03 -2.316300e+02 0.000000e+00 1.378410e-04 0.000000e+00 0.000000e+00 0.000000e+00 0.000000e+00 0.000000e+00 -0.000000e+00 -0.000000e+00 -1.000000e+00 7.830400e-01 1.106630e-01 0.000000e+00 
6.590000e+01 9.515960e+18 8.224650e+03 4.760430e+03 1.796280e+03 4.210240e+03 -2.316300e+02 0.000000e+00 1.379290e-04 0.000000e+00 0.000000e+00 -4.320070e-12 0.000000e+00 0.000000e+00 0.000000e+00 0.000000e+00 -1.000000e+00 7.834110e-01 1.106430e-01 0.000000e+00 
6.590000e+01 9.515960e+18 8.224650e+03 4.760430e+03 1.796280e+03 4.210240e+03 -2.316300e+02 0.000000e+00 1.380180e-04 0.000000e+00 0.000000e+00 -4.320070e-12 0.000000e+00 0.000000e+00 -0.000000e+00 -0.000000e+00 -1.000000e+00 7.837830e-01 1.106230e-01 0.000000e+00 
6.590000e+01 9.515960e+18 8.224650e+03 4.760430e+03 1.796280e+03 4.210240e+03 -2.316300e+02 0.000000e+00 1.381060e-04 0.000000e+00 0.000000e+00 8.640130e-12 0.000000e+00 0.000000e+00 0.000000e+00 0.000000e+00 -1.000000e+00 7.841550e-01 1.106020e-01 0.000000e+00 
6.590000e+01 9.515960e+18 8.224650e+03 4.760430e+03 1.796280e+03 4.210240e+03 -2.316300e+02 0.000000e+00 1.381940e-04 0.000000e+00 0.000000e+00 4.320070e-12 0.000000e+00 0.000000e+00 -0.000000e+00 -0.000000e+00 -1.000000e+00 7.845260e-01 1.105820e-01 0.000000e+00 
6.590000e+01 9.515960e+18 8.224650e+03 4.760430e+03 1.796280e+03 4.210240e+03 -2.316300e+02 0.000000e+00 1.382820e-04 0.000000e+00 0.000000e+00 0.000000e+00 0.000000e+00 0.000000e+00 -0.000000e+00 -0.000000e+00 -1.000000e+00 7.848980e-01 1.105610e-01 0.000000e+00 
6.590000e+01 9.515960e+18 8.224650e+03 4.760430e+03 1.796280e+03 4.210240e+03 -2.316300e+02 0.000000e+00 1.383710e-04 0.000000e+00 0.000000e+00 -4.320070e-12 0.000000e+00 0.000000e+00 0.000000e+00 0.000000e+00 -1.000000e+00 7.852690e-01 1.105410e-01 0.000000e+00 
6.590000e+01 9.515960e+18 8.224650e+03 4.760430e+03 1.796280e+03 4.210240e+03 -2.316300e+02 0.000000e+00 1.384590e-04 0.000000e+00 0.000000e+00 -4.320070e-12 0.000000e+00 0.000000e+00 -0.000000e+00 -0.000000e+00 -1.000000e+00 7.856410e-01 1.105200e-01 0.000000e+00 
6.590000e+01 9.515960e+18 8.224650e+03 4.760430e+03 1.796280e+03 4.210240e+03 -2.316300e+02 0.000000e+00 1.385470e-04 0.000000e+00 0.000000e+00 -8.640130e-12 0.000000e+00 0.000000e+00 0.000000e+00 0.000000e+00 -1.000000e+00 7.860130e-01 1.105000e-01 0.000000e+00 
6.590000e+01 9.515960e+18 8.224650e+03 4.760430e+03 1.796280e+03 4.210240e+03 -2.316300e+02 0.000000e+00 1.386360e-04 0.000000e+00 0.000000e+00 4.320070e-12 0.000000e+00 0.000000e+00 -0.000000e+00 -0.000000e+00 -1.000000e+00 7.863840e-01 1.104790e-01 0.000000e+00 
6.590000e+01 9.515960e+18 8.224650e+03 4.760430e+03 1.796280e+03 4.210240e+03 -2.316300e+02 0.000000e+00 1.387240e-04 0.000000e+00 0.000000e+00 0.000000e+00 0.000000e+00 0.000000e+00 0.000000e+00 0.000000e+00 -1.000000e+00 7.867560e-01 1.104590e-01 0.000000e+00 
6.590000e+01 9.515960e+18 8.224650e+03 4.760430e+03 1.796280e+03 4.210240e+03 -2.316300e+02 0.000000e+00 1.388120e-04 0.000000e+00 0.000000e+00 -2.160030e-12 0.000000e+00 0.000000e+00 -0.000000e+00 -0.000000e+00 -1.000000e+00 7.871270e-01 1.104390e-01 0.000000e+00 
6.590000e+01 9.515960e+18 8.224650e+03 4.760430e+03 1.796280e+03 4.210240e+03 -2.316300e+02 0.000000e+00 1.389000e-04 0.000000e+00 0.000000e+00 -6.480100e-12 0.000000e+00 0.000000e+00 0.000000e+00 0.000000e+00 -1.000000e+00 7.874990e-01 1.104180e-01 0.000000e+00 
6.590000e+01 9.515960e+18 8.224650e+03 4.760430e+03 1.796280e+03 4.210240e+03 -2.316300e+02 0.000000e+00 1.389890e-04 0.000000e+00 0.000000e+00 -8.640130e-12 0.000000e+00 0.000000e+00 -0.000000e+00 -0.000000e+00 -1.000000e+00 7.878710e-01 1.103980e-01 0.000000e+00 
6.590000e+01 9.515960e+18 8.224650e+03 4.760430e+03 1.796280e+03 4.210240e+03 -2.316300e+02 0.000000e+00 1.390770e-04 0.000000e+00 0.000000e+00 3.240050e-12 0.000000e+00 0.000000e+00 -0.000000e+00 -0.000000e+00 -1.000000e+00 7.882420e-01 1.103770e-01 0.000000e+00 
6.590000e+01 9.515960e+18 8.224650e+03 4.760430e+03 1.796280e+03 4.210240e+03 -2.316300e+02 0.000000e+00 1.391650e-04 0.000000e+00 0.000000e+00 1.080020e-12 0.000000e+00 0.000000e+00 0.000000e+00 0.000000e+00 -1.000000e+00 7.886140e-01 1.103570e-01 0.000000e+00 
6.590000e+01 9.515960e+18 8.224650e+03 4.760430e+03 1.796280e+03 4.210240e+03 -2.316300e+02 0.000000e+00 1.392530e-04 0.000000e+00 0.000000e+00 -3.240050e-12 0.000000e+00 0.000000e+00 -0.000000e+00 -0.000000e+00 -1.000000e+00 7.889850e-01 1.103360e-01 0.000000e+00 
6.590000e+01 9.515960e+18 8.224650e+03 4.760430e+03 1.796280e+03 4.210240e+03 -2.316300e+02 0.000000e+00 1.393420e-04 0.000000e+00 0.000000e+00 1.093520e-11 0.000000e+00 0.000000e+00 -0.000000e+00 -0.000000e+00 -1.000000e+00 7.893570e-01 1.103160e-01 0.000000e+00 
6.543500e+01 9.448810e+18 8.152200e+03 4.663110e+03 1.725480e+03 4.240190e+03 -2.349140e+02 0.000000e+00 1.394300e-04 0.000000e+00 0.000000e+00 0.000000e+00 0.000000e+00 0.000000e+00 -0.000000e+00 -0.000000e+00 -1.000000e+00 7.897290e-01 1.102950e-01 0.000000e+00 
6.543500e+01 9.448810e+18 8.152200e+03 4.663110e+03 1.725480e+03 4.240190e+03 -2.349140e+02 0.000000e+00 1.438120e-04 0.000000e+00 0.000000e+00 -8.640130e-12 0.000000e+00 0.000000e+00 0.000000e+00 0.000000e+00 -1.000000e+00 8.083080e-01 1.092660e-01 0.000000e+00 
6.595500e+01 9.523900e+18 8.161720e+03 4.704840e+03 1.711740e+03 4.253630e+03 -1.937830e+02 0.000000e+00 1.481930e-04 0.000000e+00 0.000000e+00 1.728030e-11 0.000000e+00 0.000000e+00 0.000000e+00 0.000000e+00 -1.000000e+00 8.268920e-01 1.083280e-01 0.000000e+00 
6.676500e+01 9.640870e+18 8.050430e+03 4.805120e+03 1.769860e+03 4.281430e+03 -1.789080e+02 0.000000e+00 1.525630e-04 0.000000e+00 0.000000e+00 0.000000e+00 0.000000e+00 0.000000e+00 0.000000e+00 0.000000e+00 -1.000000e+00 8.454820e-01 1.075010e-01 0.000000e+00 

















































