2.182600e+02 3.151670e+19 9.658560e+03 3.427940e+03 1.083250e+03 5.469860e+03 1.232130e+03 0.000000e+00 0.000000e+00 0.000000e+00 0.000000e+00 0.000000e+00 0.000000e+00 0.000000e+00 0.000000e+00 0.000000e+00 -1.000000e+00 2.000000e-01 4.600000e-01 0.000000e+00 
2.189900e+02 3.162220e+19 9.286140e+03 3.516690e+03 1.095990e+03 5.512400e+03 1.217140e+03 0.000000e+00 3.318740e-06 0.000000e+00 0.000000e+00 0.000000e+00 0.000000e+00 0.000000e+00 0.000000e+00 -0.000000e+00 -1.000000e+00 2.181620e-01 4.640510e-01 0.000000e+00 
2.189900e+02 3.162220e+19 9.286140e+03 3.516690e+03 1.095990e+03 5.512400e+03 1.217140e+03 0.000000e+00 6.615040e-06 0.000000e+00 0.000000e+00 -1.350020e-11 0.000000e+00 0.000000e+00 0.000000e+00 -0.000000e+00 -1.000000e+00 2.363320e-01 4.680630e-01 0.000000e+00 
2.193250e+02 3.167050e+19 8.893020e+03 3.500470e+03 1.131030e+03 5.523780e+03 1.180710e+03 0.000000e+00 9.911350e-06 0.000000e+00 0.000000e+00 8.640120e-12 0.000000e+00 0.000000e+00 0.000000e+00 -0.000000e+00 -1.000000e+00 2.545270e-01 4.719640e-01 0.000000e+00 
2.129400e+02 3.074850e+19 8.702680e+03 3.329330e+03 1.052460e+03 5.617520e+03 1.169310e+03 0.000000e+00 1.156100e-05 0.000000e+00 0.000000e+00 0.000000e+00 0.000000e+00 0.000000e+00 0.000000e+00 -0.000000e+00 -1.000000e+00 2.638040e-01 4.739450e-01 0.000000e+00 
2.129400e+02 3.074850e+19 8.702680e+03 3.329330e+03 1.052460e+03 5.617520e+03 1.169310e+03 0.000000e+00 1.480400e-05 0.000000e+00 0.000000e+00 0.000000e+00 0.000000e+00 0.000000e+00 0.000000e+00 -0.000000e+00 -1.000000e+00 2.820220e-01 4.777370e-01 0.000000e+00 
2.127900e+02 3.072690e+19 8.328240e+03 3.470660e+03 1.087360e+03 5.650490e+03 1.143530e+03 0.000000e+00 1.618010e-05 0.000000e+00 0.000000e+00 0.000000e+00 0.000000e+00 0.000000e+00 0.000000e+00 -0.000000e+00 -1.000000e+00 2.905310e-01 4.794940e-01 0.000000e+00 
2.127900e+02 3.072690e+19 8.328240e+03 3.470660e+03 1.087360e+03 5.650490e+03 1.143530e+03 0.000000e+00 1.940780e-05 0.000000e+00 0.000000e+00 1.728030e-11 0.000000e+00 0.000000e+00 0.000000e+00 -0.000000e+00 -1.000000e+00 3.087690e-01 4.831850e-01 0.000000e+00 
2.123700e+02 3.066620e+19 8.073910e+03 3.437140e+03 1.123750e+03 5.660260e+03 1.105250e+03 0.000000e+00 2.263550e-05 0.000000e+00 0.000000e+00 0.000000e+00 0.000000e+00 0.000000e+00 0.000000e+00 -0.000000e+00 -1.000000e+00 3.270200e-01 4.868140e-01 0.000000e+00 
2.096000e+02 3.026620e+19 7.833270e+03 3.467770e+03 1.131470e+03 5.685260e+03 1.071780e+03 0.000000e+00 2.586210e-05 0.000000e+00 0.000000e+00 0.000000e+00 0.000000e+00 0.000000e+00 0.000000e+00 -0.000000e+00 -1.000000e+00 3.452900e-01 4.903450e-01 0.000000e+00 
2.096000e+02 3.026620e+19 7.833270e+03 3.467770e+03 1.131470e+03 5.685260e+03 1.071780e+03 0.000000e+00 2.592640e-05 0.000000e+00 0.000000e+00 0.000000e+00 0.000000e+00 0.000000e+00 0.000000e+00 -0.000000e+00 -1.000000e+00 3.635760e-01 4.937930e-01 0.000000e+00 
2.096000e+02 3.026620e+19 7.833270e+03 3.467770e+03 1.131470e+03 5.685260e+03 1.071780e+03 0.000000e+00 2.599080e-05 0.000000e+00 0.000000e+00 -4.320070e-12 0.000000e+00 0.000000e+00 0.000000e+00 -0.000000e+00 -1.000000e+00 3.639420e-01 4.938620e-01 0.000000e+00 
2.096000e+02 3.026620e+19 7.833270e+03 3.467770e+03 1.131470e+03 5.685260e+03 1.071780e+03 0.000000e+00 2.605510e-05 0.000000e+00 0.000000e+00 4.320070e-12 0.000000e+00 0.000000e+00 0.000000e+00 0.000000e+00 -1.000000e+00 3.643070e-01 4.939300e-01 0.000000e+00 
2.096000e+02 3.026620e+19 7.833270e+03 3.467770e+03 1.131470e+03 5.685260e+03 1.071780e+03 0.000000e+00 2.611940e-05 0.000000e+00 0.000000e+00 0.000000e+00 0.000000e+00 0.000000e+00 0.000000e+00 -0.000000e+00 -1.000000e+00 3.646730e-01 4.939990e-01 0.000000e+00 
2.096000e+02 3.026620e+19 7.833270e+03 3.467770e+03 1.131470e+03 5.685260e+03 1.071780e+03 0.000000e+00 2.618380e-05 0.000000e+00 0.000000e+00 -1.728030e-11 0.000000e+00 0.000000e+00 0.000000e+00 0.000000e+00 -1.000000e+00 3.650390e-01 4.940680e-01 0.000000e+00 
2.096000e+02 3.026620e+19 7.833270e+03 3.467770e+03 1.131470e+03 5.685260e+03 1.071780e+03 0.000000e+00 2.624810e-05 0.000000e+00 0.000000e+00 0.000000e+00 0.000000e+00 0.000000e+00 0.000000e+00 -0.000000e+00 -1.000000e+00 3.654050e-01 4.941370e-01 0.000000e+00 
2.096000e+02 3.026620e+19 7.833270e+03 3.467770e+03 1.131470e+03 5.685260e+03 1.071780e+03 0.000000e+00 2.631240e-05 0.000000e+00 0.000000e+00 -1.728030e-11 0.000000e+00 0.000000e+00 0.000000e+00 0.000000e+00 -1.000000e+00 3.657700e-01 4.942060e-01 0.000000e+00 
2.096000e+02 3.026620e+19 7.833270e+03 3.467770e+03 1.131470e+03 5.685260e+03 1.071780e+03 0.000000e+00 2.637670e-05 0.000000e+00 0.000000e+00 2.160030e-12 0.000000e+00 0.000000e+00 0.000000e+00 -0.000000e+00 -1.000000e+00 3.661360e-01 4.942750e-01 0.000000e+00 
2.096000e+02 3.026620e+19 7.833270e+03 3.467770e+03 1.131470e+03 5.685260e+03 1.071780e+03 0.000000e+00 2.644110e-05 0.000000e+00 0.000000e+00 -1.296020e-11 0.000000e+00 0.000000e+00 0.000000e+00 -0.000000e+00 -1.000000e+00 3.665020e-01 4.943440e-01 0.000000e+00 
2.096000e+02 3.026620e+19 7.833270e+03 3.467770e+03 1.131470e+03 5.685260e+03 1.071780e+03 0.000000e+00 2.650540e-05 0.000000e+00 0.000000e+00 4.320070e-12 0.000000e+00 0.000000e+00 0.000000e+00 0.000000e+00 -1.000000e+00 3.668670e-01 4.944130e-01 0.000000e+00 
2.096000e+02 3.026620e+19 7.833270e+03 3.467770e+03 1.131470e+03 5.685260e+03 1.071780e+03 0.000000e+00 2.656970e-05 0.000000e+00 0.000000e+00 -1.296020e-11 0.000000e+00 0.000000e+00 0.000000e+00 -0.000000e+00 -1.000000e+00 3.672330e-01 4.944820e-01 0.000000e+00 
2.096000e+02 3.026620e+19 7.833270e+03 3.467770e+03 1.131470e+03 5.685260e+03 1.071780e+03 0.000000e+00 2.663410e-05 0.000000e+00 0.000000e+00 6.480100e-12 0.000000e+00 0.000000e+00 0.000000e+00 0.000000e+00 -1.000000e+00 3.675990e-01 4.945510e-01 0.000000e+00 
2.096000e+02 3.026620e+19 7.833270e+03 3.467770e+03 1.131470e+03 5.685260e+03 1.071780e+03 0.000000e+00 2.669840e-05 0.000000e+00 0.000000e+00 -6.480100e-12 0.000000e+00 0.000000e+00 0.000000e+00 -0.000000e+00 -1.000000e+00 3.679650e-01 4.946200e-01 0.000000e+00 
2.096000e+02 3.026620e+19 7.833270e+03 3.467770e+03 1.131470e+03 5.685260e+03 1.071780e+03 0.000000e+00 2.676270e-05 0.000000e+00 0.000000e+00 1.080020e-12 0.000000e+00 0.000000e+00 0.000000e+00 -0.000000e+00 -1.000000e+00 3.683300e-01 4.946890e-01 0.000000e+00 
2.074700e+02 2.995870e+19 7.641090e+03 3.444340e+03 1.136120e+03 5.697830e+03 1.034100e+03 0.000000e+00 2.682700e-05 0.000000e+00 0.000000e+00 0.000000e+00 0.000000e+00 0.000000e+00 0.000000e+00 -0.000000e+00 -1.000000e+00 3.686960e-01 4.947570e-01 0.000000e+00 
2.074700e+02 2.995870e+19 7.641090e+03 3.444340e+03 1.136120e+03 5.697830e+03 1.034100e+03 0.000000e+00 3.004040e-05 0.000000e+00 0.000000e+00 0.000000e+00 0.000000e+00 0.000000e+00 0.000000e+00 -0.000000e+00 -1.000000e+00 3.870050e-01 4.980800e-01 0.000000e+00 
2.051100e+02 2.961790e+19 7.452820e+03 3.380760e+03 1.059390e+03 5.780550e+03 1.043870e+03 0.000000e+00 3.325370e-05 0.000000e+00 0.000000e+00 0.000000e+00 0.000000e+00 0.000000e+00 0.000000e+00 -0.000000e+00 -1.000000e+00 4.053160e-01 5.013940e-01 0.000000e+00 
2.051100e+02 2.961790e+19 7.452820e+03 3.380760e+03 1.059390e+03 5.780550e+03 1.043870e+03 0.000000e+00 3.331710e-05 0.000000e+00 0.000000e+00 -2.160030e-12 0.000000e+00 0.000000e+00 0.000000e+00 0.000000e+00 -1.000000e+00 4.191010e-01 5.038840e-01 0.000000e+00 
2.051100e+02 2.961790e+19 7.452820e+03 3.380760e+03 1.059390e+03 5.780550e+03 1.043870e+03 0.000000e+00 3.338050e-05 0.000000e+00 0.000000e+00 0.000000e+00 0.000000e+00 0.000000e+00 0.000000e+00 0.000000e+00 -1.000000e+00 4.194670e-01 5.039500e-01 0.000000e+00 
2.051100e+02 2.961790e+19 7.452820e+03 3.380760e+03 1.059390e+03 5.780550e+03 1.043870e+03 0.000000e+00 3.344380e-05 0.000000e+00 0.000000e+00 1.080020e-11 0.000000e+00 0.000000e+00 0.000000e+00 -0.000000e+00 -1.000000e+00 4.198330e-01 5.040160e-01 0.000000e+00 
2.051100e+02 2.961790e+19 7.452820e+03 3.380760e+03 1.059390e+03 5.780550e+03 1.043870e+03 0.000000e+00 3.350720e-05 0.000000e+00 0.000000e+00 0.000000e+00 0.000000e+00 0.000000e+00 0.000000e+00 0.000000e+00 -1.000000e+00 4.201990e-01 5.040820e-01 0.000000e+00 
2.051100e+02 2.961790e+19 7.452820e+03 3.380760e+03 1.059390e+03 5.780550e+03 1.043870e+03 0.000000e+00 3.357050e-05 0.000000e+00 0.000000e+00 3.240050e-12 0.000000e+00 0.000000e+00 0.000000e+00 -0.000000e+00 -1.000000e+00 4.205650e-01 5.041480e-01 0.000000e+00 
2.051100e+02 2.961790e+19 7.452820e+03 3.380760e+03 1.059390e+03 5.780550e+03 1.043870e+03 0.000000e+00 3.363390e-05 0.000000e+00 0.000000e+00 -7.560120e-12 0.000000e+00 0.000000e+00 0.000000e+00 -0.000000e+00 -1.000000e+00 4.209320e-01 5.042140e-01 0.000000e+00 
2.030150e+02 2.931540e+19 7.246660e+03 3.357170e+03 1.106540e+03 5.805910e+03 1.015200e+03 0.000000e+00 3.369720e-05 0.000000e+00 0.000000e+00 0.000000e+00 0.000000e+00 0.000000e+00 0.000000e+00 -0.000000e+00 -1.000000e+00 4.212980e-01 5.042790e-01 0.000000e+00 
2.030150e+02 2.931540e+19 7.246660e+03 3.357170e+03 1.106540e+03 5.805910e+03 1.015200e+03 0.000000e+00 3.685430e-05 0.000000e+00 0.000000e+00 -8.640130e-12 0.000000e+00 0.000000e+00 0.000000e+00 -0.000000e+00 -1.000000e+00 4.396280e-01 5.074850e-01 0.000000e+00 
1.989400e+02 2.872690e+19 6.989550e+03 3.358270e+03 1.101220e+03 5.814800e+03 9.757730e+02 0.000000e+00 4.001140e-05 0.000000e+00 0.000000e+00 0.000000e+00 0.000000e+00 0.000000e+00 0.000000e+00 -0.000000e+00 -1.000000e+00 4.579680e-01 5.106270e-01 0.000000e+00 
1.974700e+02 2.851470e+19 6.845480e+03 3.420030e+03 1.101200e+03 5.825330e+03 9.420100e+02 0.000000e+00 4.316740e-05 0.000000e+00 0.000000e+00 0.000000e+00 0.000000e+00 0.000000e+00 0.000000e+00 -0.000000e+00 -1.000000e+00 4.763250e-01 5.136750e-01 0.000000e+00 
1.974700e+02 2.851470e+19 6.845480e+03 3.420030e+03 1.101200e+03 5.825330e+03 9.420100e+02 0.000000e+00 4.632080e-05 0.000000e+00 0.000000e+00 0.000000e+00 0.000000e+00 0.000000e+00 0.000000e+00 -0.000000e+00 -1.000000e+00 4.946950e-01 5.166450e-01 0.000000e+00 
1.928100e+02 2.784180e+19 6.681640e+03 3.457260e+03 1.106980e+03 5.843990e+03 9.108050e+02 0.000000e+00 4.947420e-05 0.000000e+00 0.000000e+00 -1.728030e-11 0.000000e+00 0.000000e+00 0.000000e+00 -0.000000e+00 -1.000000e+00 5.130790e-01 5.195210e-01 0.000000e+00 
1.918100e+02 2.769740e+19 6.579170e+03 3.432230e+03 1.075660e+03 5.857000e+03 8.802780e+02 0.000000e+00 5.262040e-05 0.000000e+00 0.000000e+00 0.000000e+00 0.000000e+00 0.000000e+00 0.000000e+00 -0.000000e+00 -1.000000e+00 5.314700e-01 5.223580e-01 0.000000e+00 
1.918100e+02 2.769740e+19 6.579170e+03 3.432230e+03 1.075660e+03 5.857000e+03 8.802780e+02 0.000000e+00 5.576220e-05 0.000000e+00 0.000000e+00 -8.640130e-12 0.000000e+00 0.000000e+00 0.000000e+00 -0.000000e+00 -1.000000e+00 5.498720e-01 5.251240e-01 0.000000e+00 
1.938650e+02 2.799410e+19 6.414300e+03 3.260600e+03 1.098950e+03 5.924630e+03 9.042210e+02 0.000000e+00 5.713780e-05 0.000000e+00 0.000000e+00 0.000000e+00 0.000000e+00 0.000000e+00 0.000000e+00 0.000000e+00 -1.000000e+00 5.582490e-01 5.263580e-01 0.000000e+00 
1.938650e+02 2.799410e+19 6.414300e+03 3.260600e+03 1.098950e+03 5.924630e+03 9.042210e+02 0.000000e+00 6.024260e-05 0.000000e+00 0.000000e+00 -1.728030e-11 0.000000e+00 0.000000e+00 0.000000e+00 -0.000000e+00 -1.000000e+00 5.766440e-01 5.291650e-01 0.000000e+00 
1.901600e+02 2.745910e+19 6.334600e+03 3.282490e+03 1.063510e+03 5.926210e+03 8.797970e+02 0.000000e+00 6.334740e-05 0.000000e+00 0.000000e+00 0.000000e+00 0.000000e+00 0.000000e+00 0.000000e+00 -0.000000e+00 -1.000000e+00 5.950490e-01 5.319050e-01 0.000000e+00 
1.874800e+02 2.707210e+19 6.212150e+03 3.277030e+03 1.086550e+03 5.937940e+03 8.600590e+02 0.000000e+00 6.617320e-05 0.000000e+00 0.000000e+00 0.000000e+00 0.000000e+00 0.000000e+00 0.000000e+00 -0.000000e+00 -1.000000e+00 6.134600e-01 5.346050e-01 0.000000e+00 
1.874800e+02 2.707210e+19 6.212150e+03 3.277030e+03 1.086550e+03 5.937940e+03 8.600590e+02 0.000000e+00 6.623520e-05 0.000000e+00 0.000000e+00 2.160030e-12 0.000000e+00 0.000000e+00 0.000000e+00 0.000000e+00 -1.000000e+00 6.302150e-01 5.370320e-01 0.000000e+00 
1.874800e+02 2.707210e+19 6.212150e+03 3.277030e+03 1.086550e+03 5.937940e+03 8.600590e+02 0.000000e+00 6.629730e-05 0.000000e+00 0.000000e+00 4.320070e-12 0.000000e+00 0.000000e+00 0.000000e+00 0.000000e+00 -1.000000e+00 6.305830e-01 5.370850e-01 0.000000e+00 
1.874800e+02 2.707210e+19 6.212150e+03 3.277030e+03 1.086550e+03 5.937940e+03 8.600590e+02 0.000000e+00 6.635930e-05 0.000000e+00 0.000000e+00 6.480100e-12 0.000000e+00 0.000000e+00 0.000000e+00 -0.000000e+00 -1.000000e+00 6.309520e-01 5.371380e-01 0.000000e+00 
1.874800e+02 2.707210e+19 6.212150e+03 3.277030e+03 1.086550e+03 5.937940e+03 8.600590e+02 0.000000e+00 6.642130e-05 0.000000e+00 0.000000e+00 -1.674030e-11 0.000000e+00 0.000000e+00 0.000000e+00 -0.000000e+00 -1.000000e+00 6.313200e-01 5.371920e-01 0.000000e+00 
1.840950e+02 2.658330e+19 6.092500e+03 3.249110e+03 1.081120e+03 5.953370e+03 8.257390e+02 0.000000e+00 6.648340e-05 0.000000e+00 0.000000e+00 0.000000e+00 0.000000e+00 0.000000e+00 0.000000e+00 -0.000000e+00 -1.000000e+00 6.316880e-01 5.372440e-01 0.000000e+00 
1.840950e+02 2.658330e+19 6.092500e+03 3.249110e+03 1.081120e+03 5.953370e+03 8.257390e+02 0.000000e+00 6.654530e-05 0.000000e+00 0.000000e+00 0.000000e+00 0.000000e+00 0.000000e+00 0.000000e+00 -0.000000e+00 -1.000000e+00 6.320570e-01 5.372960e-01 0.000000e+00 
1.840950e+02 2.658330e+19 6.092500e+03 3.249110e+03 1.081120e+03 5.953370e+03 8.257390e+02 0.000000e+00 6.660720e-05 0.000000e+00 0.000000e+00 0.000000e+00 0.000000e+00 0.000000e+00 0.000000e+00 -0.000000e+00 -1.000000e+00 6.324260e-01 5.373470e-01 0.000000e+00 
1.840950e+02 2.658330e+19 6.092500e+03 3.249110e+03 1.081120e+03 5.953370e+03 8.257390e+02 0.000000e+00 6.666910e-05 0.000000e+00 0.000000e+00 0.000000e+00 0.000000e+00 0.000000e+00 0.000000e+00 0.000000e+00 -1.000000e+00 6.327940e-01 5.373980e-01 0.000000e+00 
1.840950e+02 2.658330e+19 6.092500e+03 3.249110e+03 1.081120e+03 5.953370e+03 8.257390e+02 0.000000e+00 6.673100e-05 0.000000e+00 0.000000e+00 0.000000e+00 0.000000e+00 0.000000e+00 0.000000e+00 -0.000000e+00 -1.000000e+00 6.331630e-01 5.374490e-01 0.000000e+00 
1.840950e+02 2.658330e+19 6.092500e+03 3.249110e+03 1.081120e+03 5.953370e+03 8.257390e+02 0.000000e+00 6.679300e-05 0.000000e+00 0.000000e+00 0.000000e+00 0.000000e+00 0.000000e+00 0.000000e+00 -0.000000e+00 -1.000000e+00 6.335310e-01 5.375000e-01 0.000000e+00 
1.840950e+02 2.658330e+19 6.092500e+03 3.249110e+03 1.081120e+03 5.953370e+03 8.257390e+02 0.000000e+00 6.685490e-05 0.000000e+00 0.000000e+00 0.000000e+00 0.000000e+00 0.000000e+00 0.000000e+00 -0.000000e+00 -1.000000e+00 6.339000e-01 5.375510e-01 0.000000e+00 
1.840950e+02 2.658330e+19 6.092500e+03 3.249110e+03 1.081120e+03 5.953370e+03 8.257390e+02 0.000000e+00 6.691680e-05 0.000000e+00 0.000000e+00 0.000000e+00 0.000000e+00 0.000000e+00 0.000000e+00 0.000000e+00 -1.000000e+00 6.342690e-01 5.376020e-01 0.000000e+00 
1.840950e+02 2.658330e+19 6.092500e+03 3.249110e+03 1.081120e+03 5.953370e+03 8.257390e+02 0.000000e+00 6.697870e-05 0.000000e+00 0.000000e+00 0.000000e+00 0.000000e+00 0.000000e+00 0.000000e+00 -0.000000e+00 -1.000000e+00 6.346370e-01 5.376540e-01 0.000000e+00 
1.840950e+02 2.658330e+19 6.092500e+03 3.249110e+03 1.081120e+03 5.953370e+03 8.257390e+02 0.000000e+00 6.704060e-05 0.000000e+00 0.000000e+00 0.000000e+00 0.000000e+00 0.000000e+00 0.000000e+00 0.000000e+00 -1.000000e+00 6.350060e-01 5.377050e-01 0.000000e+00 
1.840950e+02 2.658330e+19 6.092500e+03 3.249110e+03 1.081120e+03 5.953370e+03 8.257390e+02 0.000000e+00 6.710260e-05 0.000000e+00 0.000000e+00 0.000000e+00 0.000000e+00 0.000000e+00 0.000000e+00 0.000000e+00 -1.000000e+00 6.353750e-01 5.377560e-01 0.000000e+00 
1.840950e+02 2.658330e+19 6.092500e+03 3.249110e+03 1.081120e+03 5.953370e+03 8.257390e+02 0.000000e+00 6.716450e-05 0.000000e+00 0.000000e+00 0.000000e+00 0.000000e+00 0.000000e+00 0.000000e+00 -0.000000e+00 -1.000000e+00 6.357430e-01 5.378070e-01 0.000000e+00 
1.840950e+02 2.658330e+19 6.092500e+03 3.249110e+03 1.081120e+03 5.953370e+03 8.257390e+02 0.000000e+00 6.722640e-05 0.000000e+00 0.000000e+00 0.000000e+00 0.000000e+00 0.000000e+00 0.000000e+00 -0.000000e+00 -1.000000e+00 6.361120e-01 5.378580e-01 0.000000e+00 
1.840950e+02 2.658330e+19 6.092500e+03 3.249110e+03 1.081120e+03 5.953370e+03 8.257390e+02 0.000000e+00 6.728830e-05 0.000000e+00 0.000000e+00 0.000000e+00 0.000000e+00 0.000000e+00 0.000000e+00 -0.000000e+00 -1.000000e+00 6.364810e-01 5.379090e-01 0.000000e+00 
1.840950e+02 2.658330e+19 6.092500e+03 3.249110e+03 1.081120e+03 5.953370e+03 8.257390e+02 0.000000e+00 6.735020e-05 0.000000e+00 0.000000e+00 0.000000e+00 0.000000e+00 0.000000e+00 0.000000e+00 0.000000e+00 -1.000000e+00 6.368490e-01 5.379600e-01 0.000000e+00 
1.840950e+02 2.658330e+19 6.092500e+03 3.249110e+03 1.081120e+03 5.953370e+03 8.257390e+02 0.000000e+00 6.741220e-05 0.000000e+00 0.000000e+00 0.000000e+00 0.000000e+00 0.000000e+00 0.000000e+00 0.000000e+00 -1.000000e+00 6.372180e-01 5.380110e-01 0.000000e+00 
1.840950e+02 2.658330e+19 6.092500e+03 3.249110e+03 1.081120e+03 5.953370e+03 8.257390e+02 0.000000e+00 6.747410e-05 0.000000e+00 0.000000e+00 0.000000e+00 0.000000e+00 0.000000e+00 0.000000e+00 0.000000e+00 -1.000000e+00 6.375860e-01 5.380630e-01 0.000000e+00 
1.840950e+02 2.658330e+19 6.092500e+03 3.249110e+03 1.081120e+03 5.953370e+03 8.257390e+02 0.000000e+00 6.753600e-05 0.000000e+00 0.000000e+00 0.000000e+00 0.000000e+00 0.000000e+00 0.000000e+00 -0.000000e+00 -1.000000e+00 6.379550e-01 5.381140e-01 0.000000e+00 
1.840950e+02 2.658330e+19 6.092500e+03 3.249110e+03 1.081120e+03 5.953370e+03 8.257390e+02 0.000000e+00 6.759790e-05 0.000000e+00 0.000000e+00 0.000000e+00 0.000000e+00 0.000000e+00 0.000000e+00 -0.000000e+00 -1.000000e+00 6.383240e-01 5.381650e-01 0.000000e+00 
1.840950e+02 2.658330e+19 6.092500e+03 3.249110e+03 1.081120e+03 5.953370e+03 8.257390e+02 0.000000e+00 6.765980e-05 0.000000e+00 0.000000e+00 3.456050e-11 0.000000e+00 0.000000e+00 0.000000e+00 -0.000000e+00 -1.000000e+00 6.386920e-01 5.382160e-01 0.000000e+00 
1.840950e+02 2.658330e+19 6.092500e+03 3.249110e+03 1.081120e+03 5.953370e+03 8.257390e+02 0.000000e+00 6.772180e-05 0.000000e+00 0.000000e+00 3.456050e-11 0.000000e+00 0.000000e+00 0.000000e+00 0.000000e+00 -1.000000e+00 6.390610e-01 5.382670e-01 0.000000e+00 
1.840950e+02 2.658330e+19 6.092500e+03 3.249110e+03 1.081120e+03 5.953370e+03 8.257390e+02 0.000000e+00 6.778370e-05 0.000000e+00 0.000000e+00 0.000000e+00 0.000000e+00 0.000000e+00 0.000000e+00 0.000000e+00 -1.000000e+00 6.394300e-01 5.383180e-01 0.000000e+00 
1.840950e+02 2.658330e+19 6.092500e+03 3.249110e+03 1.081120e+03 5.953370e+03 8.257390e+02 0.000000e+00 6.784560e-05 0.000000e+00 0.000000e+00 1.728030e-11 0.000000e+00 0.000000e+00 0.000000e+00 0.000000e+00 -1.000000e+00 6.397980e-01 5.383690e-01 0.000000e+00 
1.840950e+02 2.658330e+19 6.092500e+03 3.249110e+03 1.081120e+03 5.953370e+03 8.257390e+02 0.000000e+00 6.790750e-05 0.000000e+00 0.000000e+00 0.000000e+00 0.000000e+00 0.000000e+00 0.000000e+00 -0.000000e+00 -1.000000e+00 6.401670e-01 5.384200e-01 0.000000e+00 
1.840950e+02 2.658330e+19 6.092500e+03 3.249110e+03 1.081120e+03 5.953370e+03 8.257390e+02 0.000000e+00 6.796940e-05 0.000000e+00 0.000000e+00 0.000000e+00 0.000000e+00 0.000000e+00 0.000000e+00 -0.000000e+00 -1.000000e+00 6.405360e-01 5.384720e-01 0.000000e+00 
1.840950e+02 2.658330e+19 6.092500e+03 3.249110e+03 1.081120e+03 5.953370e+03 8.257390e+02 0.000000e+00 6.803140e-05 0.000000e+00 0.000000e+00 0.000000e+00 0.000000e+00 0.000000e+00 0.000000e+00 -0.000000e+00 -1.000000e+00 6.409040e-01 5.385230e-01 0.000000e+00 
1.840950e+02 2.658330e+19 6.092500e+03 3.249110e+03 1.081120e+03 5.953370e+03 8.257390e+02 0.000000e+00 6.809330e-05 0.000000e+00 0.000000e+00 0.000000e+00 0.000000e+00 0.000000e+00 0.000000e+00 0.000000e+00 -1.000000e+00 6.412730e-01 5.385740e-01 0.000000e+00 
1.840950e+02 2.658330e+19 6.092500e+03 3.249110e+03 1.081120e+03 5.953370e+03 8.257390e+02 0.000000e+00 6.815520e-05 0.000000e+00 0.000000e+00 -1.728030e-11 0.000000e+00 0.000000e+00 0.000000e+00 0.000000e+00 -1.000000e+00 6.416410e-01 5.386250e-01 0.000000e+00 
1.840950e+02 2.658330e+19 6.092500e+03 3.249110e+03 1.081120e+03 5.953370e+03 8.257390e+02 0.000000e+00 6.821710e-05 0.000000e+00 0.000000e+00 0.000000e+00 0.000000e+00 0.000000e+00 0.000000e+00 0.000000e+00 -1.000000e+00 6.420100e-01 5.386760e-01 0.000000e+00 
1.840950e+02 2.658330e+19 6.092500e+03 3.249110e+03 1.081120e+03 5.953370e+03 8.257390e+02 0.000000e+00 6.827910e-05 0.000000e+00 0.000000e+00 -1.728030e-11 0.000000e+00 0.000000e+00 0.000000e+00 -0.000000e+00 -1.000000e+00 6.423790e-01 5.387270e-01 0.000000e+00 
1.840950e+02 2.658330e+19 6.092500e+03 3.249110e+03 1.081120e+03 5.953370e+03 8.257390e+02 0.000000e+00 6.834100e-05 0.000000e+00 0.000000e+00 0.000000e+00 0.000000e+00 0.000000e+00 0.000000e+00 -0.000000e+00 -1.000000e+00 6.427470e-01 5.387780e-01 0.000000e+00 
1.840950e+02 2.658330e+19 6.092500e+03 3.249110e+03 1.081120e+03 5.953370e+03 8.257390e+02 0.000000e+00 6.840290e-05 0.000000e+00 0.000000e+00 0.000000e+00 0.000000e+00 0.000000e+00 0.000000e+00 0.000000e+00 -1.000000e+00 6.431160e-01 5.388290e-01 0.000000e+00 
1.840950e+02 2.658330e+19 6.092500e+03 3.249110e+03 1.081120e+03 5.953370e+03 8.257390e+02 0.000000e+00 6.846480e-05 0.000000e+00 0.000000e+00 0.000000e+00 0.000000e+00 0.000000e+00 0.000000e+00 0.000000e+00 -1.000000e+00 6.434850e-01 5.388810e-01 0.000000e+00 
1.840950e+02 2.658330e+19 6.092500e+03 3.249110e+03 1.081120e+03 5.953370e+03 8.257390e+02 0.000000e+00 6.852670e-05 0.000000e+00 0.000000e+00 0.000000e+00 0.000000e+00 0.000000e+00 0.000000e+00 -0.000000e+00 -1.000000e+00 6.438530e-01 5.389320e-01 0.000000e+00 
1.840950e+02 2.658330e+19 6.092500e+03 3.249110e+03 1.081120e+03 5.953370e+03 8.257390e+02 0.000000e+00 6.858870e-05 0.000000e+00 0.000000e+00 1.728030e-11 0.000000e+00 0.000000e+00 0.000000e+00 -0.000000e+00 -1.000000e+00 6.442220e-01 5.389830e-01 0.000000e+00 
1.840950e+02 2.658330e+19 6.092500e+03 3.249110e+03 1.081120e+03 5.953370e+03 8.257390e+02 0.000000e+00 6.865060e-05 0.000000e+00 0.000000e+00 1.728030e-11 0.000000e+00 0.000000e+00 0.000000e+00 0.000000e+00 -1.000000e+00 6.445910e-01 5.390340e-01 0.000000e+00 
1.840950e+02 2.658330e+19 6.092500e+03 3.249110e+03 1.081120e+03 5.953370e+03 8.257390e+02 0.000000e+00 6.871250e-05 0.000000e+00 0.000000e+00 0.000000e+00 0.000000e+00 0.000000e+00 0.000000e+00 -0.000000e+00 -1.000000e+00 6.449590e-01 5.390850e-01 0.000000e+00 
1.840950e+02 2.658330e+19 6.092500e+03 3.249110e+03 1.081120e+03 5.953370e+03 8.257390e+02 0.000000e+00 6.877440e-05 0.000000e+00 0.000000e+00 0.000000e+00 0.000000e+00 0.000000e+00 0.000000e+00 0.000000e+00 -1.000000e+00 6.453280e-01 5.391360e-01 0.000000e+00 
1.840950e+02 2.658330e+19 6.092500e+03 3.249110e+03 1.081120e+03 5.953370e+03 8.257390e+02 0.000000e+00 6.883630e-05 0.000000e+00 0.000000e+00 0.000000e+00 0.000000e+00 0.000000e+00 0.000000e+00 0.000000e+00 -1.000000e+00 6.456960e-01 5.391870e-01 0.000000e+00 
1.840950e+02 2.658330e+19 6.092500e+03 3.249110e+03 1.081120e+03 5.953370e+03 8.257390e+02 0.000000e+00 6.889830e-05 0.000000e+00 0.000000e+00 0.000000e+00 0.000000e+00 0.000000e+00 0.000000e+00 -0.000000e+00 -1.000000e+00 6.460650e-01 5.392390e-01 0.000000e+00 
1.840950e+02 2.658330e+19 6.092500e+03 3.249110e+03 1.081120e+03 5.953370e+03 8.257390e+02 0.000000e+00 6.896020e-05 0.000000e+00 0.000000e+00 0.000000e+00 0.000000e+00 0.000000e+00 0.000000e+00 -0.000000e+00 -1.000000e+00 6.464340e-01 5.392900e-01 0.000000e+00 
1.840950e+02 2.658330e+19 6.092500e+03 3.249110e+03 1.081120e+03 5.953370e+03 8.257390e+02 0.000000e+00 6.902210e-05 0.000000e+00 0.000000e+00 0.000000e+00 0.000000e+00 0.000000e+00 0.000000e+00 -0.000000e+00 -1.000000e+00 6.468020e-01 5.393410e-01 0.000000e+00 
1.840950e+02 2.658330e+19 6.092500e+03 3.249110e+03 1.081120e+03 5.953370e+03 8.257390e+02 0.000000e+00 6.908400e-05 0.000000e+00 0.000000e+00 0.000000e+00 0.000000e+00 0.000000e+00 0.000000e+00 0.000000e+00 -1.000000e+00 6.471710e-01 5.393920e-01 0.000000e+00 
1.840950e+02 2.658330e+19 6.092500e+03 3.249110e+03 1.081120e+03 5.953370e+03 8.257390e+02 0.000000e+00 6.914590e-05 0.000000e+00 0.000000e+00 0.000000e+00 0.000000e+00 0.000000e+00 0.000000e+00 0.000000e+00 -1.000000e+00 6.475400e-01 5.394430e-01 0.000000e+00 
1.840950e+02 2.658330e+19 6.092500e+03 3.249110e+03 1.081120e+03 5.953370e+03 8.257390e+02 0.000000e+00 6.920790e-05 0.000000e+00 0.000000e+00 0.000000e+00 0.000000e+00 0.000000e+00 0.000000e+00 0.000000e+00 -1.000000e+00 6.479080e-01 5.394940e-01 0.000000e+00 
1.840950e+02 2.658330e+19 6.092500e+03 3.249110e+03 1.081120e+03 5.953370e+03 8.257390e+02 0.000000e+00 6.926980e-05 0.000000e+00 0.000000e+00 0.000000e+00 0.000000e+00 0.000000e+00 0.000000e+00 -0.000000e+00 -1.000000e+00 6.482770e-01 5.395450e-01 0.000000e+00 
1.840950e+02 2.658330e+19 6.092500e+03 3.249110e+03 1.081120e+03 5.953370e+03 8.257390e+02 0.000000e+00 6.933170e-05 0.000000e+00 0.000000e+00 0.000000e+00 0.000000e+00 0.000000e+00 0.000000e+00 -0.000000e+00 -1.000000e+00 6.486460e-01 5.395960e-01 0.000000e+00 
1.840950e+02 2.658330e+19 6.092500e+03 3.249110e+03 1.081120e+03 5.953370e+03 8.257390e+02 0.000000e+00 6.939360e-05 0.000000e+00 0.000000e+00 0.000000e+00 0.000000e+00 0.000000e+00 0.000000e+00 -0.000000e+00 -1.000000e+00 6.490140e-01 5.396480e-01 0.000000e+00 
1.840950e+02 2.658330e+19 6.092500e+03 3.249110e+03 1.081120e+03 5.953370e+03 8.257390e+02 0.000000e+00 6.945550e-05 0.000000e+00 0.000000e+00 8.640130e-12 0.000000e+00 0.000000e+00 0.000000e+00 0.000000e+00 -1.000000e+00 6.493830e-01 5.396990e-01 0.000000e+00 
1.840950e+02 2.658330e+19 6.092500e+03 3.249110e+03 1.081120e+03 5.953370e+03 8.257390e+02 0.000000e+00 6.951750e-05 0.000000e+00 0.000000e+00 0.000000e+00 0.000000e+00 0.000000e+00 0.000000e+00 0.000000e+00 -1.000000e+00 6.497510e-01 5.397500e-01 0.000000e+00 
1.840950e+02 2.658330e+19 6.092500e+03 3.249110e+03 1.081120e+03 5.953370e+03 8.257390e+02 0.000000e+00 6.957940e-05 0.000000e+00 0.000000e+00 -8.640130e-12 0.000000e+00 0.000000e+00 0.000000e+00 0.000000e+00 -1.000000e+00 6.501200e-01 5.398010e-01 0.000000e+00 
1.840950e+02 2.658330e+19 6.092500e+03 3.249110e+03 1.081120e+03 5.953370e+03 8.257390e+02 0.000000e+00 6.964130e-05 0.000000e+00 0.000000e+00 0.000000e+00 0.000000e+00 0.000000e+00 0.000000e+00 -0.000000e+00 -1.000000e+00 6.504890e-01 5.398520e-01 0.000000e+00 
1.840950e+02 2.658330e+19 6.092500e+03 3.249110e+03 1.081120e+03 5.953370e+03 8.257390e+02 0.000000e+00 6.970320e-05 0.000000e+00 0.000000e+00 1.728030e-11 0.000000e+00 0.000000e+00 0.000000e+00 -0.000000e+00 -1.000000e+00 6.508570e-01 5.399030e-01 0.000000e+00 
1.840950e+02 2.658330e+19 6.092500e+03 3.249110e+03 1.081120e+03 5.953370e+03 8.257390e+02 0.000000e+00 6.976510e-05 0.000000e+00 0.000000e+00 -8.640130e-12 0.000000e+00 0.000000e+00 0.000000e+00 -0.000000e+00 -1.000000e+00 6.512260e-01 5.399540e-01 0.000000e+00 
1.840950e+02 2.658330e+19 6.092500e+03 3.249110e+03 1.081120e+03 5.953370e+03 8.257390e+02 0.000000e+00 6.982710e-05 0.000000e+00 0.000000e+00 0.000000e+00 0.000000e+00 0.000000e+00 0.000000e+00 0.000000e+00 -1.000000e+00 6.515950e-01 5.400050e-01 0.000000e+00 
1.840950e+02 2.658330e+19 6.092500e+03 3.249110e+03 1.081120e+03 5.953370e+03 8.257390e+02 0.000000e+00 6.988900e-05 0.000000e+00 0.000000e+00 0.000000e+00 0.000000e+00 0.000000e+00 0.000000e+00 0.000000e+00 -1.000000e+00 6.519630e-01 5.400570e-01 0.000000e+00 
1.840950e+02 2.658330e+19 6.092500e+03 3.249110e+03 1.081120e+03 5.953370e+03 8.257390e+02 0.000000e+00 6.995090e-05 0.000000e+00 0.000000e+00 8.640130e-12 0.000000e+00 0.000000e+00 0.000000e+00 0.000000e+00 -1.000000e+00 6.523320e-01 5.401080e-01 0.000000e+00 
1.840950e+02 2.658330e+19 6.092500e+03 3.249110e+03 1.081120e+03 5.953370e+03 8.257390e+02 0.000000e+00 7.001280e-05 0.000000e+00 0.000000e+00 8.640130e-12 0.000000e+00 0.000000e+00 0.000000e+00 0.000000e+00 -1.000000e+00 6.527010e-01 5.401590e-01 0.000000e+00 
1.840950e+02 2.658330e+19 6.092500e+03 3.249110e+03 1.081120e+03 5.953370e+03 8.257390e+02 0.000000e+00 7.007470e-05 0.000000e+00 0.000000e+00 -8.640130e-12 0.000000e+00 0.000000e+00 0.000000e+00 -0.000000e+00 -1.000000e+00 6.530690e-01 5.402100e-01 0.000000e+00 
1.840950e+02 2.658330e+19 6.092500e+03 3.249110e+03 1.081120e+03 5.953370e+03 8.257390e+02 0.000000e+00 7.013670e-05 0.000000e+00 0.000000e+00 1.296020e-11 0.000000e+00 0.000000e+00 0.000000e+00 0.000000e+00 -1.000000e+00 6.534380e-01 5.402610e-01 0.000000e+00 
1.840950e+02 2.658330e+19 6.092500e+03 3.249110e+03 1.081120e+03 5.953370e+03 8.257390e+02 0.000000e+00 7.019860e-05 0.000000e+00 0.000000e+00 8.640130e-12 0.000000e+00 0.000000e+00 0.000000e+00 0.000000e+00 -1.000000e+00 6.538060e-01 5.403120e-01 0.000000e+00 
1.840950e+02 2.658330e+19 6.092500e+03 3.249110e+03 1.081120e+03 5.953370e+03 8.257390e+02 0.000000e+00 7.026050e-05 0.000000e+00 0.000000e+00 -1.728030e-11 0.000000e+00 0.000000e+00 0.000000e+00 -0.000000e+00 -1.000000e+00 6.541750e-01 5.403630e-01 0.000000e+00 
1.840950e+02 2.658330e+19 6.092500e+03 3.249110e+03 1.081120e+03 5.953370e+03 8.257390e+02 0.000000e+00 7.032240e-05 0.000000e+00 0.000000e+00 -4.320070e-12 0.000000e+00 0.000000e+00 0.000000e+00 -0.000000e+00 -1.000000e+00 6.545440e-01 5.404150e-01 0.000000e+00 
1.840950e+02 2.658330e+19 6.092500e+03 3.249110e+03 1.081120e+03 5.953370e+03 8.257390e+02 0.000000e+00 7.038430e-05 0.000000e+00 0.000000e+00 4.320070e-12 0.000000e+00 0.000000e+00 0.000000e+00 0.000000e+00 -1.000000e+00 6.549120e-01 5.404660e-01 0.000000e+00 
1.840950e+02 2.658330e+19 6.092500e+03 3.249110e+03 1.081120e+03 5.953370e+03 8.257390e+02 0.000000e+00 7.044630e-05 0.000000e+00 0.000000e+00 0.000000e+00 0.000000e+00 0.000000e+00 0.000000e+00 -0.000000e+00 -1.000000e+00 6.552810e-01 5.405170e-01 0.000000e+00 
1.840950e+02 2.658330e+19 6.092500e+03 3.249110e+03 1.081120e+03 5.953370e+03 8.257390e+02 0.000000e+00 7.050820e-05 0.000000e+00 0.000000e+00 1.296020e-11 0.000000e+00 0.000000e+00 0.000000e+00 0.000000e+00 -1.000000e+00 6.556500e-01 5.405680e-01 0.000000e+00 
1.840950e+02 2.658330e+19 6.092500e+03 3.249110e+03 1.081120e+03 5.953370e+03 8.257390e+02 0.000000e+00 7.057010e-05 0.000000e+00 0.000000e+00 1.512020e-11 0.000000e+00 0.000000e+00 0.000000e+00 0.000000e+00 -1.000000e+00 6.560180e-01 5.406190e-01 0.000000e+00 
1.840950e+02 2.658330e+19 6.092500e+03 3.249110e+03 1.081120e+03 5.953370e+03 8.257390e+02 0.000000e+00 7.063200e-05 0.000000e+00 0.000000e+00 -2.160030e-12 0.000000e+00 0.000000e+00 0.000000e+00 -0.000000e+00 -1.000000e+00 6.563870e-01 5.406700e-01 0.000000e+00 
1.840950e+02 2.658330e+19 6.092500e+03 3.249110e+03 1.081120e+03 5.953370e+03 8.257390e+02 0.000000e+00 7.069400e-05 0.000000e+00 0.000000e+00 2.160030e-12 0.000000e+00 0.000000e+00 0.000000e+00 -0.000000e+00 -1.000000e+00 6.567560e-01 5.407210e-01 0.000000e+00 
1.840950e+02 2.658330e+19 6.092500e+03 3.249110e+03 1.081120e+03 5.953370e+03 8.257390e+02 0.000000e+00 7.075590e-05 0.000000e+00 0.000000e+00 1.296020e-11 0.000000e+00 0.000000e+00 0.000000e+00 0.000000e+00 -1.000000e+00 6.571240e-01 5.407720e-01 0.000000e+00 
1.840950e+02 2.658330e+19 6.092500e+03 3.249110e+03 1.081120e+03 5.953370e+03 8.257390e+02 0.000000e+00 7.081780e-05 0.000000e+00 0.000000e+00 -1.080020e-11 0.000000e+00 0.000000e+00 0.000000e+00 -0.000000e+00 -1.000000e+00 6.574930e-01 5.408240e-01 0.000000e+00 
1.840950e+02 2.658330e+19 6.092500e+03 3.249110e+03 1.081120e+03 5.953370e+03 8.257390e+02 0.000000e+00 7.087970e-05 0.000000e+00 0.000000e+00 -6.075090e-13 0.000000e+00 0.000000e+00 0.000000e+00 -0.000000e+00 -1.000000e+00 6.578610e-01 5.408750e-01 0.000000e+00 
1.810000e+02 2.613640e+19 5.951190e+03 3.292160e+03 1.084470e+03 5.946250e+03 7.900410e+02 0.000000e+00 7.094160e-05 0.000000e+00 0.000000e+00 0.000000e+00 0.000000e+00 0.000000e+00 0.000000e+00 -0.000000e+00 -1.000000e+00 6.582300e-01 5.409240e-01 0.000000e+00 
1.810000e+02 2.613640e+19 5.951190e+03 3.292160e+03 1.084470e+03 5.946250e+03 7.900410e+02 0.000000e+00 7.404380e-05 0.000000e+00 0.000000e+00 8.640130e-12 0.000000e+00 0.000000e+00 0.000000e+00 -0.000000e+00 -1.000000e+00 6.766760e-01 5.433750e-01 0.000000e+00 
1.772550e+02 2.559560e+19 5.886060e+03 3.317790e+03 1.134440e+03 5.949480e+03 7.620090e+02 0.000000e+00 7.616690e-05 0.000000e+00 0.000000e+00 0.000000e+00 0.000000e+00 0.000000e+00 0.000000e+00 -0.000000e+00 -1.000000e+00 6.905540e-01 5.451850e-01 0.000000e+00 
1.772550e+02 2.559560e+19 5.886060e+03 3.317790e+03 1.134440e+03 5.949480e+03 7.620090e+02 0.000000e+00 7.622900e-05 0.000000e+00 0.000000e+00 -1.728030e-11 0.000000e+00 0.000000e+00 0.000000e+00 -0.000000e+00 -1.000000e+00 7.031870e-01 5.468030e-01 0.000000e+00 
1.772550e+02 2.559560e+19 5.886060e+03 3.317790e+03 1.134440e+03 5.949480e+03 7.620090e+02 0.000000e+00 7.629100e-05 0.000000e+00 0.000000e+00 0.000000e+00 0.000000e+00 0.000000e+00 0.000000e+00 0.000000e+00 -1.000000e+00 7.035560e-01 5.468510e-01 0.000000e+00 
1.772550e+02 2.559560e+19 5.886060e+03 3.317790e+03 1.134440e+03 5.949480e+03 7.620090e+02 0.000000e+00 7.635310e-05 0.000000e+00 0.000000e+00 8.640130e-12 0.000000e+00 0.000000e+00 0.000000e+00 0.000000e+00 -1.000000e+00 7.039250e-01 5.468980e-01 0.000000e+00 
1.772550e+02 2.559560e+19 5.886060e+03 3.317790e+03 1.134440e+03 5.949480e+03 7.620090e+02 0.000000e+00 7.641510e-05 0.000000e+00 0.000000e+00 -8.640130e-12 0.000000e+00 0.000000e+00 0.000000e+00 0.000000e+00 -1.000000e+00 7.042940e-01 5.469450e-01 0.000000e+00 
1.772550e+02 2.559560e+19 5.886060e+03 3.317790e+03 1.134440e+03 5.949480e+03 7.620090e+02 0.000000e+00 7.647720e-05 0.000000e+00 0.000000e+00 8.640130e-12 0.000000e+00 0.000000e+00 0.000000e+00 0.000000e+00 -1.000000e+00 7.046630e-01 5.469920e-01 0.000000e+00 
1.772550e+02 2.559560e+19 5.886060e+03 3.317790e+03 1.134440e+03 5.949480e+03 7.620090e+02 0.000000e+00 7.653920e-05 0.000000e+00 0.000000e+00 1.728030e-11 0.000000e+00 0.000000e+00 0.000000e+00 -0.000000e+00 -1.000000e+00 7.050330e-01 5.470400e-01 0.000000e+00 
1.772550e+02 2.559560e+19 5.886060e+03 3.317790e+03 1.134440e+03 5.949480e+03 7.620090e+02 0.000000e+00 7.660130e-05 0.000000e+00 0.000000e+00 0.000000e+00 0.000000e+00 0.000000e+00 0.000000e+00 -0.000000e+00 -1.000000e+00 7.054020e-01 5.470870e-01 0.000000e+00 
1.772550e+02 2.559560e+19 5.886060e+03 3.317790e+03 1.134440e+03 5.949480e+03 7.620090e+02 0.000000e+00 7.666330e-05 0.000000e+00 0.000000e+00 8.640130e-12 0.000000e+00 0.000000e+00 0.000000e+00 0.000000e+00 -1.000000e+00 7.057710e-01 5.471340e-01 0.000000e+00 
1.772550e+02 2.559560e+19 5.886060e+03 3.317790e+03 1.134440e+03 5.949480e+03 7.620090e+02 0.000000e+00 7.672530e-05 0.000000e+00 0.000000e+00 -8.640130e-12 0.000000e+00 0.000000e+00 0.000000e+00 0.000000e+00 -1.000000e+00 7.061400e-01 5.471820e-01 0.000000e+00 
1.772550e+02 2.559560e+19 5.886060e+03 3.317790e+03 1.134440e+03 5.949480e+03 7.620090e+02 0.000000e+00 7.678740e-05 0.000000e+00 0.000000e+00 8.640130e-12 0.000000e+00 0.000000e+00 0.000000e+00 -0.000000e+00 -1.000000e+00 7.065090e-01 5.472290e-01 0.000000e+00 
1.772550e+02 2.559560e+19 5.886060e+03 3.317790e+03 1.134440e+03 5.949480e+03 7.620090e+02 0.000000e+00 7.684940e-05 0.000000e+00 0.000000e+00 -4.320070e-12 0.000000e+00 0.000000e+00 0.000000e+00 -0.000000e+00 -1.000000e+00 7.068780e-01 5.472760e-01 0.000000e+00 
1.772550e+02 2.559560e+19 5.886060e+03 3.317790e+03 1.134440e+03 5.949480e+03 7.620090e+02 0.000000e+00 7.691150e-05 0.000000e+00 0.000000e+00 0.000000e+00 0.000000e+00 0.000000e+00 0.000000e+00 -0.000000e+00 -1.000000e+00 7.072470e-01 5.473230e-01 0.000000e+00 
1.772550e+02 2.559560e+19 5.886060e+03 3.317790e+03 1.134440e+03 5.949480e+03 7.620090e+02 0.000000e+00 7.697350e-05 0.000000e+00 0.000000e+00 -1.728030e-11 0.000000e+00 0.000000e+00 0.000000e+00 -0.000000e+00 -1.000000e+00 7.076170e-01 5.473710e-01 0.000000e+00 
1.772550e+02 2.559560e+19 5.886060e+03 3.317790e+03 1.134440e+03 5.949480e+03 7.620090e+02 0.000000e+00 7.703560e-05 0.000000e+00 0.000000e+00 -8.640130e-12 0.000000e+00 0.000000e+00 0.000000e+00 0.000000e+00 -1.000000e+00 7.079860e-01 5.474180e-01 0.000000e+00 
1.772550e+02 2.559560e+19 5.886060e+03 3.317790e+03 1.134440e+03 5.949480e+03 7.620090e+02 0.000000e+00 7.709760e-05 0.000000e+00 0.000000e+00 -1.080020e-11 0.000000e+00 0.000000e+00 0.000000e+00 -0.000000e+00 -1.000000e+00 7.083550e-01 5.474650e-01 0.000000e+00 
1.772550e+02 2.559560e+19 5.886060e+03 3.317790e+03 1.134440e+03 5.949480e+03 7.620090e+02 0.000000e+00 7.715970e-05 0.000000e+00 0.000000e+00 6.480100e-12 0.000000e+00 0.000000e+00 0.000000e+00 -0.000000e+00 -1.000000e+00 7.087240e-01 5.475130e-01 0.000000e+00 
1.772550e+02 2.559560e+19 5.886060e+03 3.317790e+03 1.134440e+03 5.949480e+03 7.620090e+02 0.000000e+00 7.722170e-05 0.000000e+00 0.000000e+00 1.080020e-11 0.000000e+00 0.000000e+00 0.000000e+00 -0.000000e+00 -1.000000e+00 7.090930e-01 5.475600e-01 0.000000e+00 
1.772550e+02 2.559560e+19 5.886060e+03 3.317790e+03 1.134440e+03 5.949480e+03 7.620090e+02 0.000000e+00 7.728380e-05 0.000000e+00 0.000000e+00 -1.620030e-11 0.000000e+00 0.000000e+00 0.000000e+00 0.000000e+00 -1.000000e+00 7.094620e-01 5.476070e-01 0.000000e+00 
1.772550e+02 2.559560e+19 5.886060e+03 3.317790e+03 1.134440e+03 5.949480e+03 7.620090e+02 0.000000e+00 7.734580e-05 0.000000e+00 0.000000e+00 1.080020e-12 0.000000e+00 0.000000e+00 0.000000e+00 -0.000000e+00 -1.000000e+00 7.098310e-01 5.476540e-01 0.000000e+00 
1.772550e+02 2.559560e+19 5.886060e+03 3.317790e+03 1.134440e+03 5.949480e+03 7.620090e+02 0.000000e+00 7.740790e-05 0.000000e+00 0.000000e+00 9.180140e-12 0.000000e+00 0.000000e+00 0.000000e+00 -0.000000e+00 -1.000000e+00 7.102010e-01 5.477020e-01 0.000000e+00 
1.740550e+02 2.513350e+19 5.792390e+03 3.269190e+03 1.123560e+03 5.961790e+03 7.478070e+02 0.000000e+00 7.746990e-05 0.000000e+00 0.000000e+00 0.000000e+00 0.000000e+00 0.000000e+00 0.000000e+00 -0.000000e+00 -1.000000e+00 7.105700e-01 5.477490e-01 0.000000e+00 
1.740550e+02 2.513350e+19 5.792390e+03 3.269190e+03 1.123560e+03 5.961790e+03 7.478070e+02 0.000000e+00 7.753180e-05 0.000000e+00 0.000000e+00 0.000000e+00 0.000000e+00 0.000000e+00 0.000000e+00 0.000000e+00 -1.000000e+00 7.109390e-01 5.477950e-01 0.000000e+00 
1.740550e+02 2.513350e+19 5.792390e+03 3.269190e+03 1.123560e+03 5.961790e+03 7.478070e+02 0.000000e+00 7.759380e-05 0.000000e+00 0.000000e+00 0.000000e+00 0.000000e+00 0.000000e+00 0.000000e+00 -0.000000e+00 -1.000000e+00 7.113080e-01 5.478410e-01 0.000000e+00 
1.740550e+02 2.513350e+19 5.792390e+03 3.269190e+03 1.123560e+03 5.961790e+03 7.478070e+02 0.000000e+00 7.765570e-05 0.000000e+00 0.000000e+00 0.000000e+00 0.000000e+00 0.000000e+00 0.000000e+00 -0.000000e+00 -1.000000e+00 7.116770e-01 5.478880e-01 0.000000e+00 
1.740550e+02 2.513350e+19 5.792390e+03 3.269190e+03 1.123560e+03 5.961790e+03 7.478070e+02 0.000000e+00 7.771770e-05 0.000000e+00 0.000000e+00 0.000000e+00 0.000000e+00 0.000000e+00 0.000000e+00 0.000000e+00 -1.000000e+00 7.120470e-01 5.479340e-01 0.000000e+00 
1.740550e+02 2.513350e+19 5.792390e+03 3.269190e+03 1.123560e+03 5.961790e+03 7.478070e+02 0.000000e+00 7.777960e-05 0.000000e+00 0.000000e+00 0.000000e+00 0.000000e+00 0.000000e+00 0.000000e+00 0.000000e+00 -1.000000e+00 7.124160e-01 5.479800e-01 0.000000e+00 
1.740550e+02 2.513350e+19 5.792390e+03 3.269190e+03 1.123560e+03 5.961790e+03 7.478070e+02 0.000000e+00 7.784150e-05 0.000000e+00 0.000000e+00 0.000000e+00 0.000000e+00 0.000000e+00 0.000000e+00 -0.000000e+00 -1.000000e+00 7.127850e-01 5.480270e-01 0.000000e+00 
1.740550e+02 2.513350e+19 5.792390e+03 3.269190e+03 1.123560e+03 5.961790e+03 7.478070e+02 0.000000e+00 7.790350e-05 0.000000e+00 0.000000e+00 0.000000e+00 0.000000e+00 0.000000e+00 0.000000e+00 0.000000e+00 -1.000000e+00 7.131550e-01 5.480730e-01 0.000000e+00 
1.740550e+02 2.513350e+19 5.792390e+03 3.269190e+03 1.123560e+03 5.961790e+03 7.478070e+02 0.000000e+00 7.796540e-05 0.000000e+00 0.000000e+00 0.000000e+00 0.000000e+00 0.000000e+00 0.000000e+00 0.000000e+00 -1.000000e+00 7.135240e-01 5.481190e-01 0.000000e+00 
1.740550e+02 2.513350e+19 5.792390e+03 3.269190e+03 1.123560e+03 5.961790e+03 7.478070e+02 0.000000e+00 7.802740e-05 0.000000e+00 0.000000e+00 0.000000e+00 0.000000e+00 0.000000e+00 0.000000e+00 -0.000000e+00 -1.000000e+00 7.138930e-01 5.481660e-01 0.000000e+00 
1.740550e+02 2.513350e+19 5.792390e+03 3.269190e+03 1.123560e+03 5.961790e+03 7.478070e+02 0.000000e+00 7.808930e-05 0.000000e+00 0.000000e+00 0.000000e+00 0.000000e+00 0.000000e+00 0.000000e+00 0.000000e+00 -1.000000e+00 7.142620e-01 5.482120e-01 0.000000e+00 
1.740550e+02 2.513350e+19 5.792390e+03 3.269190e+03 1.123560e+03 5.961790e+03 7.478070e+02 0.000000e+00 7.815120e-05 0.000000e+00 0.000000e+00 0.000000e+00 0.000000e+00 0.000000e+00 0.000000e+00 0.000000e+00 -1.000000e+00 7.146320e-01 5.482580e-01 0.000000e+00 
1.740550e+02 2.513350e+19 5.792390e+03 3.269190e+03 1.123560e+03 5.961790e+03 7.478070e+02 0.000000e+00 7.821320e-05 0.000000e+00 0.000000e+00 0.000000e+00 0.000000e+00 0.000000e+00 0.000000e+00 -0.000000e+00 -1.000000e+00 7.150010e-01 5.483050e-01 0.000000e+00 
1.740550e+02 2.513350e+19 5.792390e+03 3.269190e+03 1.123560e+03 5.961790e+03 7.478070e+02 0.000000e+00 7.827510e-05 0.000000e+00 0.000000e+00 0.000000e+00 0.000000e+00 0.000000e+00 0.000000e+00 0.000000e+00 -1.000000e+00 7.153700e-01 5.483510e-01 0.000000e+00 
1.740550e+02 2.513350e+19 5.792390e+03 3.269190e+03 1.123560e+03 5.961790e+03 7.478070e+02 0.000000e+00 7.833710e-05 0.000000e+00 0.000000e+00 0.000000e+00 0.000000e+00 0.000000e+00 0.000000e+00 0.000000e+00 -1.000000e+00 7.157390e-01 5.483970e-01 0.000000e+00 
1.740550e+02 2.513350e+19 5.792390e+03 3.269190e+03 1.123560e+03 5.961790e+03 7.478070e+02 0.000000e+00 7.839900e-05 0.000000e+00 0.000000e+00 -3.456050e-11 0.000000e+00 0.000000e+00 0.000000e+00 -0.000000e+00 -1.000000e+00 7.161090e-01 5.484430e-01 0.000000e+00 
1.740550e+02 2.513350e+19 5.792390e+03 3.269190e+03 1.123560e+03 5.961790e+03 7.478070e+02 0.000000e+00 7.846090e-05 0.000000e+00 0.000000e+00 0.000000e+00 0.000000e+00 0.000000e+00 0.000000e+00 0.000000e+00 -1.000000e+00 7.164780e-01 5.484900e-01 0.000000e+00 
1.740550e+02 2.513350e+19 5.792390e+03 3.269190e+03 1.123560e+03 5.961790e+03 7.478070e+02 0.000000e+00 7.852290e-05 0.000000e+00 0.000000e+00 0.000000e+00 0.000000e+00 0.000000e+00 0.000000e+00 0.000000e+00 -1.000000e+00 7.168470e-01 5.485360e-01 0.000000e+00 
1.740550e+02 2.513350e+19 5.792390e+03 3.269190e+03 1.123560e+03 5.961790e+03 7.478070e+02 0.000000e+00 7.858480e-05 0.000000e+00 0.000000e+00 -3.456050e-11 0.000000e+00 0.000000e+00 0.000000e+00 -0.000000e+00 -1.000000e+00 7.172170e-01 5.485820e-01 0.000000e+00 
1.740550e+02 2.513350e+19 5.792390e+03 3.269190e+03 1.123560e+03 5.961790e+03 7.478070e+02 0.000000e+00 7.864670e-05 0.000000e+00 0.000000e+00 0.000000e+00 0.000000e+00 0.000000e+00 0.000000e+00 0.000000e+00 -1.000000e+00 7.175860e-01 5.486290e-01 0.000000e+00 
1.740550e+02 2.513350e+19 5.792390e+03 3.269190e+03 1.123560e+03 5.961790e+03 7.478070e+02 0.000000e+00 7.870870e-05 0.000000e+00 0.000000e+00 0.000000e+00 0.000000e+00 0.000000e+00 0.000000e+00 0.000000e+00 -1.000000e+00 7.179550e-01 5.486750e-01 0.000000e+00 
1.740550e+02 2.513350e+19 5.792390e+03 3.269190e+03 1.123560e+03 5.961790e+03 7.478070e+02 0.000000e+00 7.877060e-05 0.000000e+00 0.000000e+00 0.000000e+00 0.000000e+00 0.000000e+00 0.000000e+00 0.000000e+00 -1.000000e+00 7.183240e-01 5.487210e-01 0.000000e+00 
1.740550e+02 2.513350e+19 5.792390e+03 3.269190e+03 1.123560e+03 5.961790e+03 7.478070e+02 0.000000e+00 7.883260e-05 0.000000e+00 0.000000e+00 0.000000e+00 0.000000e+00 0.000000e+00 0.000000e+00 -0.000000e+00 -1.000000e+00 7.186940e-01 5.487680e-01 0.000000e+00 
1.740550e+02 2.513350e+19 5.792390e+03 3.269190e+03 1.123560e+03 5.961790e+03 7.478070e+02 0.000000e+00 7.889450e-05 0.000000e+00 0.000000e+00 0.000000e+00 0.000000e+00 0.000000e+00 0.000000e+00 -0.000000e+00 -1.000000e+00 7.190630e-01 5.488140e-01 0.000000e+00 
1.740550e+02 2.513350e+19 5.792390e+03 3.269190e+03 1.123560e+03 5.961790e+03 7.478070e+02 0.000000e+00 7.895640e-05 0.000000e+00 0.000000e+00 0.000000e+00 0.000000e+00 0.000000e+00 0.000000e+00 -0.000000e+00 -1.000000e+00 7.194320e-01 5.488600e-01 0.000000e+00 
1.740550e+02 2.513350e+19 5.792390e+03 3.269190e+03 1.123560e+03 5.961790e+03 7.478070e+02 0.000000e+00 7.901840e-05 0.000000e+00 0.000000e+00 0.000000e+00 0.000000e+00 0.000000e+00 0.000000e+00 0.000000e+00 -1.000000e+00 7.198010e-01 5.489070e-01 0.000000e+00 
1.740550e+02 2.513350e+19 5.792390e+03 3.269190e+03 1.123560e+03 5.961790e+03 7.478070e+02 0.000000e+00 7.908030e-05 0.000000e+00 0.000000e+00 0.000000e+00 0.000000e+00 0.000000e+00 0.000000e+00 0.000000e+00 -1.000000e+00 7.201710e-01 5.489530e-01 0.000000e+00 
1.740550e+02 2.513350e+19 5.792390e+03 3.269190e+03 1.123560e+03 5.961790e+03 7.478070e+02 0.000000e+00 7.914230e-05 0.000000e+00 0.000000e+00 1.728030e-11 0.000000e+00 0.000000e+00 0.000000e+00 -0.000000e+00 -1.000000e+00 7.205400e-01 5.489990e-01 0.000000e+00 
1.740550e+02 2.513350e+19 5.792390e+03 3.269190e+03 1.123560e+03 5.961790e+03 7.478070e+02 0.000000e+00 7.920420e-05 0.000000e+00 0.000000e+00 -1.728030e-11 0.000000e+00 0.000000e+00 0.000000e+00 0.000000e+00 -1.000000e+00 7.209090e-01 5.490460e-01 0.000000e+00 
1.740550e+02 2.513350e+19 5.792390e+03 3.269190e+03 1.123560e+03 5.961790e+03 7.478070e+02 0.000000e+00 7.926610e-05 0.000000e+00 0.000000e+00 0.000000e+00 0.000000e+00 0.000000e+00 0.000000e+00 0.000000e+00 -1.000000e+00 7.212790e-01 5.490920e-01 0.000000e+00 
1.740550e+02 2.513350e+19 5.792390e+03 3.269190e+03 1.123560e+03 5.961790e+03 7.478070e+02 0.000000e+00 7.932810e-05 0.000000e+00 0.000000e+00 0.000000e+00 0.000000e+00 0.000000e+00 0.000000e+00 -0.000000e+00 -1.000000e+00 7.216480e-01 5.491380e-01 0.000000e+00 
1.740550e+02 2.513350e+19 5.792390e+03 3.269190e+03 1.123560e+03 5.961790e+03 7.478070e+02 0.000000e+00 7.939000e-05 0.000000e+00 0.000000e+00 0.000000e+00 0.000000e+00 0.000000e+00 0.000000e+00 0.000000e+00 -1.000000e+00 7.220170e-01 5.491850e-01 0.000000e+00 
1.740550e+02 2.513350e+19 5.792390e+03 3.269190e+03 1.123560e+03 5.961790e+03 7.478070e+02 0.000000e+00 7.945200e-05 0.000000e+00 0.000000e+00 0.000000e+00 0.000000e+00 0.000000e+00 0.000000e+00 -0.000000e+00 -1.000000e+00 7.223860e-01 5.492310e-01 0.000000e+00 
1.740550e+02 2.513350e+19 5.792390e+03 3.269190e+03 1.123560e+03 5.961790e+03 7.478070e+02 0.000000e+00 7.951390e-05 0.000000e+00 0.000000e+00 -1.728030e-11 0.000000e+00 0.000000e+00 0.000000e+00 -0.000000e+00 -1.000000e+00 7.227560e-01 5.492770e-01 0.000000e+00 
1.740550e+02 2.513350e+19 5.792390e+03 3.269190e+03 1.123560e+03 5.961790e+03 7.478070e+02 0.000000e+00 7.957580e-05 0.000000e+00 0.000000e+00 1.728030e-11 0.000000e+00 0.000000e+00 0.000000e+00 0.000000e+00 -1.000000e+00 7.231250e-01 5.493240e-01 0.000000e+00 
1.740550e+02 2.513350e+19 5.792390e+03 3.269190e+03 1.123560e+03 5.961790e+03 7.478070e+02 0.000000e+00 7.963780e-05 0.000000e+00 0.000000e+00 0.000000e+00 0.000000e+00 0.000000e+00 0.000000e+00 0.000000e+00 -1.000000e+00 7.234940e-01 5.493700e-01 0.000000e+00 
1.740550e+02 2.513350e+19 5.792390e+03 3.269190e+03 1.123560e+03 5.961790e+03 7.478070e+02 0.000000e+00 7.969970e-05 0.000000e+00 0.000000e+00 0.000000e+00 0.000000e+00 0.000000e+00 0.000000e+00 -0.000000e+00 -1.000000e+00 7.238630e-01 5.494160e-01 0.000000e+00 
1.740550e+02 2.513350e+19 5.792390e+03 3.269190e+03 1.123560e+03 5.961790e+03 7.478070e+02 0.000000e+00 7.976170e-05 0.000000e+00 0.000000e+00 0.000000e+00 0.000000e+00 0.000000e+00 0.000000e+00 0.000000e+00 -1.000000e+00 7.242330e-01 5.494620e-01 0.000000e+00 
1.740550e+02 2.513350e+19 5.792390e+03 3.269190e+03 1.123560e+03 5.961790e+03 7.478070e+02 0.000000e+00 7.982360e-05 0.000000e+00 0.000000e+00 0.000000e+00 0.000000e+00 0.000000e+00 0.000000e+00 0.000000e+00 -1.000000e+00 7.246020e-01 5.495090e-01 0.000000e+00 
1.740550e+02 2.513350e+19 5.792390e+03 3.269190e+03 1.123560e+03 5.961790e+03 7.478070e+02 0.000000e+00 7.988550e-05 0.000000e+00 0.000000e+00 0.000000e+00 0.000000e+00 0.000000e+00 0.000000e+00 -0.000000e+00 -1.000000e+00 7.249710e-01 5.495550e-01 0.000000e+00 
1.740550e+02 2.513350e+19 5.792390e+03 3.269190e+03 1.123560e+03 5.961790e+03 7.478070e+02 0.000000e+00 7.994750e-05 0.000000e+00 0.000000e+00 0.000000e+00 0.000000e+00 0.000000e+00 0.000000e+00 0.000000e+00 -1.000000e+00 7.253410e-01 5.496010e-01 0.000000e+00 
1.740550e+02 2.513350e+19 5.792390e+03 3.269190e+03 1.123560e+03 5.961790e+03 7.478070e+02 0.000000e+00 8.000940e-05 0.000000e+00 0.000000e+00 0.000000e+00 0.000000e+00 0.000000e+00 0.000000e+00 0.000000e+00 -1.000000e+00 7.257100e-01 5.496480e-01 0.000000e+00 
1.740550e+02 2.513350e+19 5.792390e+03 3.269190e+03 1.123560e+03 5.961790e+03 7.478070e+02 0.000000e+00 8.007140e-05 0.000000e+00 0.000000e+00 0.000000e+00 0.000000e+00 0.000000e+00 0.000000e+00 -0.000000e+00 -1.000000e+00 7.260790e-01 5.496940e-01 0.000000e+00 
1.740550e+02 2.513350e+19 5.792390e+03 3.269190e+03 1.123560e+03 5.961790e+03 7.478070e+02 0.000000e+00 8.013330e-05 0.000000e+00 0.000000e+00 0.000000e+00 0.000000e+00 0.000000e+00 0.000000e+00 0.000000e+00 -1.000000e+00 7.264480e-01 5.497400e-01 0.000000e+00 
1.740550e+02 2.513350e+19 5.792390e+03 3.269190e+03 1.123560e+03 5.961790e+03 7.478070e+02 0.000000e+00 8.019520e-05 0.000000e+00 0.000000e+00 0.000000e+00 0.000000e+00 0.000000e+00 0.000000e+00 0.000000e+00 -1.000000e+00 7.268180e-01 5.497870e-01 0.000000e+00 
1.740550e+02 2.513350e+19 5.792390e+03 3.269190e+03 1.123560e+03 5.961790e+03 7.478070e+02 0.000000e+00 8.025720e-05 0.000000e+00 0.000000e+00 0.000000e+00 0.000000e+00 0.000000e+00 0.000000e+00 -0.000000e+00 -1.000000e+00 7.271870e-01 5.498330e-01 0.000000e+00 
1.740550e+02 2.513350e+19 5.792390e+03 3.269190e+03 1.123560e+03 5.961790e+03 7.478070e+02 0.000000e+00 8.031910e-05 0.000000e+00 0.000000e+00 0.000000e+00 0.000000e+00 0.000000e+00 0.000000e+00 0.000000e+00 -1.000000e+00 7.275560e-01 5.498790e-01 0.000000e+00 
1.740550e+02 2.513350e+19 5.792390e+03 3.269190e+03 1.123560e+03 5.961790e+03 7.478070e+02 0.000000e+00 8.038110e-05 0.000000e+00 0.000000e+00 -8.640130e-12 0.000000e+00 0.000000e+00 0.000000e+00 0.000000e+00 -1.000000e+00 7.279250e-01 5.499260e-01 0.000000e+00 
1.740550e+02 2.513350e+19 5.792390e+03 3.269190e+03 1.123560e+03 5.961790e+03 7.478070e+02 0.000000e+00 8.044300e-05 0.000000e+00 0.000000e+00 0.000000e+00 0.000000e+00 0.000000e+00 0.000000e+00 -0.000000e+00 -1.000000e+00 7.282950e-01 5.499720e-01 0.000000e+00 
1.740550e+02 2.513350e+19 5.792390e+03 3.269190e+03 1.123560e+03 5.961790e+03 7.478070e+02 0.000000e+00 8.050490e-05 0.000000e+00 0.000000e+00 -1.728030e-11 0.000000e+00 0.000000e+00 0.000000e+00 0.000000e+00 -1.000000e+00 7.286640e-01 5.500180e-01 0.000000e+00 
1.740550e+02 2.513350e+19 5.792390e+03 3.269190e+03 1.123560e+03 5.961790e+03 7.478070e+02 0.000000e+00 8.056690e-05 0.000000e+00 0.000000e+00 -1.728030e-11 0.000000e+00 0.000000e+00 0.000000e+00 0.000000e+00 -1.000000e+00 7.290330e-01 5.500650e-01 0.000000e+00 
1.740550e+02 2.513350e+19 5.792390e+03 3.269190e+03 1.123560e+03 5.961790e+03 7.478070e+02 0.000000e+00 8.062880e-05 0.000000e+00 0.000000e+00 8.640130e-12 0.000000e+00 0.000000e+00 0.000000e+00 0.000000e+00 -1.000000e+00 7.294020e-01 5.501110e-01 0.000000e+00 
1.740550e+02 2.513350e+19 5.792390e+03 3.269190e+03 1.123560e+03 5.961790e+03 7.478070e+02 0.000000e+00 8.069080e-05 0.000000e+00 0.000000e+00 0.000000e+00 0.000000e+00 0.000000e+00 0.000000e+00 -0.000000e+00 -1.000000e+00 7.297720e-01 5.501570e-01 0.000000e+00 
1.740550e+02 2.513350e+19 5.792390e+03 3.269190e+03 1.123560e+03 5.961790e+03 7.478070e+02 0.000000e+00 8.075270e-05 0.000000e+00 0.000000e+00 -1.728030e-11 0.000000e+00 0.000000e+00 0.000000e+00 -0.000000e+00 -1.000000e+00 7.301410e-01 5.502040e-01 0.000000e+00 
1.740550e+02 2.513350e+19 5.792390e+03 3.269190e+03 1.123560e+03 5.961790e+03 7.478070e+02 0.000000e+00 8.081460e-05 0.000000e+00 0.000000e+00 8.640130e-12 0.000000e+00 0.000000e+00 0.000000e+00 -0.000000e+00 -1.000000e+00 7.305100e-01 5.502500e-01 0.000000e+00 
1.740550e+02 2.513350e+19 5.792390e+03 3.269190e+03 1.123560e+03 5.961790e+03 7.478070e+02 0.000000e+00 8.087660e-05 0.000000e+00 0.000000e+00 -8.640130e-12 0.000000e+00 0.000000e+00 0.000000e+00 0.000000e+00 -1.000000e+00 7.308800e-01 5.502960e-01 0.000000e+00 
1.740550e+02 2.513350e+19 5.792390e+03 3.269190e+03 1.123560e+03 5.961790e+03 7.478070e+02 0.000000e+00 8.093850e-05 0.000000e+00 0.000000e+00 -1.728030e-11 0.000000e+00 0.000000e+00 0.000000e+00 0.000000e+00 -1.000000e+00 7.312490e-01 5.503430e-01 0.000000e+00 
1.740550e+02 2.513350e+19 5.792390e+03 3.269190e+03 1.123560e+03 5.961790e+03 7.478070e+02 0.000000e+00 8.100050e-05 0.000000e+00 0.000000e+00 0.000000e+00 0.000000e+00 0.000000e+00 0.000000e+00 -0.000000e+00 -1.000000e+00 7.316180e-01 5.503890e-01 0.000000e+00 
1.740550e+02 2.513350e+19 5.792390e+03 3.269190e+03 1.123560e+03 5.961790e+03 7.478070e+02 0.000000e+00 8.106240e-05 0.000000e+00 0.000000e+00 -8.640130e-12 0.000000e+00 0.000000e+00 0.000000e+00 0.000000e+00 -1.000000e+00 7.319870e-01 5.504350e-01 0.000000e+00 
1.740550e+02 2.513350e+19 5.792390e+03 3.269190e+03 1.123560e+03 5.961790e+03 7.478070e+02 0.000000e+00 8.112430e-05 0.000000e+00 0.000000e+00 -1.296020e-11 0.000000e+00 0.000000e+00 0.000000e+00 0.000000e+00 -1.000000e+00 7.323570e-01 5.504810e-01 0.000000e+00 
1.740550e+02 2.513350e+19 5.792390e+03 3.269190e+03 1.123560e+03 5.961790e+03 7.478070e+02 0.000000e+00 8.118630e-05 0.000000e+00 0.000000e+00 0.000000e+00 0.000000e+00 0.000000e+00 0.000000e+00 -0.000000e+00 -1.000000e+00 7.327260e-01 5.505280e-01 0.000000e+00 
1.740550e+02 2.513350e+19 5.792390e+03 3.269190e+03 1.123560e+03 5.961790e+03 7.478070e+02 0.000000e+00 8.124820e-05 0.000000e+00 0.000000e+00 1.296020e-11 0.000000e+00 0.000000e+00 0.000000e+00 0.000000e+00 -1.000000e+00 7.330950e-01 5.505740e-01 0.000000e+00 
1.740550e+02 2.513350e+19 5.792390e+03 3.269190e+03 1.123560e+03 5.961790e+03 7.478070e+02 0.000000e+00 8.131020e-05 0.000000e+00 0.000000e+00 1.296020e-11 0.000000e+00 0.000000e+00 0.000000e+00 -0.000000e+00 -1.000000e+00 7.334640e-01 5.506200e-01 0.000000e+00 
1.740550e+02 2.513350e+19 5.792390e+03 3.269190e+03 1.123560e+03 5.961790e+03 7.478070e+02 0.000000e+00 8.137210e-05 0.000000e+00 0.000000e+00 -1.296020e-11 0.000000e+00 0.000000e+00 0.000000e+00 -0.000000e+00 -1.000000e+00 7.338340e-01 5.506670e-01 0.000000e+00 
1.740550e+02 2.513350e+19 5.792390e+03 3.269190e+03 1.123560e+03 5.961790e+03 7.478070e+02 0.000000e+00 8.143400e-05 0.000000e+00 0.000000e+00 -8.640130e-12 0.000000e+00 0.000000e+00 0.000000e+00 0.000000e+00 -1.000000e+00 7.342030e-01 5.507130e-01 0.000000e+00 
1.740550e+02 2.513350e+19 5.792390e+03 3.269190e+03 1.123560e+03 5.961790e+03 7.478070e+02 0.000000e+00 8.149600e-05 0.000000e+00 0.000000e+00 1.296020e-11 0.000000e+00 0.000000e+00 0.000000e+00 0.000000e+00 -1.000000e+00 7.345720e-01 5.507590e-01 0.000000e+00 
1.740550e+02 2.513350e+19 5.792390e+03 3.269190e+03 1.123560e+03 5.961790e+03 7.478070e+02 0.000000e+00 8.155790e-05 0.000000e+00 0.000000e+00 -8.640130e-12 0.000000e+00 0.000000e+00 0.000000e+00 -0.000000e+00 -1.000000e+00 7.349420e-01 5.508060e-01 0.000000e+00 
1.740550e+02 2.513350e+19 5.792390e+03 3.269190e+03 1.123560e+03 5.961790e+03 7.478070e+02 0.000000e+00 8.161980e-05 0.000000e+00 0.000000e+00 1.512020e-11 0.000000e+00 0.000000e+00 0.000000e+00 0.000000e+00 -1.000000e+00 7.353110e-01 5.508520e-01 0.000000e+00 
1.740550e+02 2.513350e+19 5.792390e+03 3.269190e+03 1.123560e+03 5.961790e+03 7.478070e+02 0.000000e+00 8.168180e-05 0.000000e+00 0.000000e+00 4.320070e-12 0.000000e+00 0.000000e+00 0.000000e+00 0.000000e+00 -1.000000e+00 7.356800e-01 5.508980e-01 0.000000e+00 
1.740550e+02 2.513350e+19 5.792390e+03 3.269190e+03 1.123560e+03 5.961790e+03 7.478070e+02 0.000000e+00 8.174370e-05 0.000000e+00 0.000000e+00 -7.560120e-12 0.000000e+00 0.000000e+00 0.000000e+00 -0.000000e+00 -1.000000e+00 7.360490e-01 5.509450e-01 0.000000e+00 
1.740550e+02 2.513350e+19 5.792390e+03 3.269190e+03 1.123560e+03 5.961790e+03 7.478070e+02 0.000000e+00 8.180570e-05 0.000000e+00 0.000000e+00 1.512020e-11 0.000000e+00 0.000000e+00 0.000000e+00 0.000000e+00 -1.000000e+00 7.364190e-01 5.509910e-01 0.000000e+00 
1.740550e+02 2.513350e+19 5.792390e+03 3.269190e+03 1.123560e+03 5.961790e+03 7.478070e+02 0.000000e+00 8.186760e-05 0.000000e+00 0.000000e+00 -5.737590e-12 0.000000e+00 0.000000e+00 0.000000e+00 -0.000000e+00 -1.000000e+00 7.367880e-01 5.510370e-01 0.000000e+00 
1.714550e+02 2.475810e+19 5.743200e+03 3.304740e+03 1.123820e+03 5.958600e+03 7.247690e+02 0.000000e+00 8.192950e-05 0.000000e+00 0.000000e+00 0.000000e+00 0.000000e+00 0.000000e+00 0.000000e+00 -0.000000e+00 -1.000000e+00 7.371570e-01 5.510820e-01 0.000000e+00 
1.714550e+02 2.475810e+19 5.743200e+03 3.304740e+03 1.123820e+03 5.958600e+03 7.247690e+02 0.000000e+00 8.199150e-05 0.000000e+00 0.000000e+00 0.000000e+00 0.000000e+00 0.000000e+00 0.000000e+00 -0.000000e+00 -1.000000e+00 7.375270e-01 5.511270e-01 0.000000e+00 
1.714550e+02 2.475810e+19 5.743200e+03 3.304740e+03 1.123820e+03 5.958600e+03 7.247690e+02 0.000000e+00 8.205350e-05 0.000000e+00 0.000000e+00 0.000000e+00 0.000000e+00 0.000000e+00 0.000000e+00 -0.000000e+00 -1.000000e+00 7.378960e-01 5.511720e-01 0.000000e+00 
1.714550e+02 2.475810e+19 5.743200e+03 3.304740e+03 1.123820e+03 5.958600e+03 7.247690e+02 0.000000e+00 8.211560e-05 0.000000e+00 0.000000e+00 0.000000e+00 0.000000e+00 0.000000e+00 0.000000e+00 0.000000e+00 -1.000000e+00 7.382660e-01 5.512170e-01 0.000000e+00 
1.714550e+02 2.475810e+19 5.743200e+03 3.304740e+03 1.123820e+03 5.958600e+03 7.247690e+02 0.000000e+00 8.217760e-05 0.000000e+00 0.000000e+00 0.000000e+00 0.000000e+00 0.000000e+00 0.000000e+00 0.000000e+00 -1.000000e+00 7.386350e-01 5.512620e-01 0.000000e+00 
1.714550e+02 2.475810e+19 5.743200e+03 3.304740e+03 1.123820e+03 5.958600e+03 7.247690e+02 0.000000e+00 8.223960e-05 0.000000e+00 0.000000e+00 0.000000e+00 0.000000e+00 0.000000e+00 0.000000e+00 0.000000e+00 -1.000000e+00 7.390050e-01 5.513070e-01 0.000000e+00 
1.714550e+02 2.475810e+19 5.743200e+03 3.304740e+03 1.123820e+03 5.958600e+03 7.247690e+02 0.000000e+00 8.230160e-05 0.000000e+00 0.000000e+00 0.000000e+00 0.000000e+00 0.000000e+00 0.000000e+00 0.000000e+00 -1.000000e+00 7.393740e-01 5.513520e-01 0.000000e+00 
1.714550e+02 2.475810e+19 5.743200e+03 3.304740e+03 1.123820e+03 5.958600e+03 7.247690e+02 0.000000e+00 8.236360e-05 0.000000e+00 0.000000e+00 0.000000e+00 0.000000e+00 0.000000e+00 0.000000e+00 -0.000000e+00 -1.000000e+00 7.397430e-01 5.513970e-01 0.000000e+00 
1.714550e+02 2.475810e+19 5.743200e+03 3.304740e+03 1.123820e+03 5.958600e+03 7.247690e+02 0.000000e+00 8.242560e-05 0.000000e+00 0.000000e+00 0.000000e+00 0.000000e+00 0.000000e+00 0.000000e+00 0.000000e+00 -1.000000e+00 7.401130e-01 5.514420e-01 0.000000e+00 
1.714550e+02 2.475810e+19 5.743200e+03 3.304740e+03 1.123820e+03 5.958600e+03 7.247690e+02 0.000000e+00 8.248760e-05 0.000000e+00 0.000000e+00 0.000000e+00 0.000000e+00 0.000000e+00 0.000000e+00 0.000000e+00 -1.000000e+00 7.404820e-01 5.514870e-01 0.000000e+00 
1.714550e+02 2.475810e+19 5.743200e+03 3.304740e+03 1.123820e+03 5.958600e+03 7.247690e+02 0.000000e+00 8.254960e-05 0.000000e+00 0.000000e+00 0.000000e+00 0.000000e+00 0.000000e+00 0.000000e+00 0.000000e+00 -1.000000e+00 7.408520e-01 5.515320e-01 0.000000e+00 
1.714550e+02 2.475810e+19 5.743200e+03 3.304740e+03 1.123820e+03 5.958600e+03 7.247690e+02 0.000000e+00 8.261160e-05 0.000000e+00 0.000000e+00 0.000000e+00 0.000000e+00 0.000000e+00 0.000000e+00 0.000000e+00 -1.000000e+00 7.412210e-01 5.515770e-01 0.000000e+00 
1.714550e+02 2.475810e+19 5.743200e+03 3.304740e+03 1.123820e+03 5.958600e+03 7.247690e+02 0.000000e+00 8.267360e-05 0.000000e+00 0.000000e+00 0.000000e+00 0.000000e+00 0.000000e+00 0.000000e+00 -0.000000e+00 -1.000000e+00 7.415910e-01 5.516220e-01 0.000000e+00 
1.714550e+02 2.475810e+19 5.743200e+03 3.304740e+03 1.123820e+03 5.958600e+03 7.247690e+02 0.000000e+00 8.273560e-05 0.000000e+00 0.000000e+00 0.000000e+00 0.000000e+00 0.000000e+00 0.000000e+00 -0.000000e+00 -1.000000e+00 7.419600e-01 5.516670e-01 0.000000e+00 
1.714550e+02 2.475810e+19 5.743200e+03 3.304740e+03 1.123820e+03 5.958600e+03 7.247690e+02 0.000000e+00 8.279760e-05 0.000000e+00 0.000000e+00 0.000000e+00 0.000000e+00 0.000000e+00 0.000000e+00 0.000000e+00 -1.000000e+00 7.423300e-01 5.517110e-01 0.000000e+00 
1.714550e+02 2.475810e+19 5.743200e+03 3.304740e+03 1.123820e+03 5.958600e+03 7.247690e+02 0.000000e+00 8.285960e-05 0.000000e+00 0.000000e+00 0.000000e+00 0.000000e+00 0.000000e+00 0.000000e+00 0.000000e+00 -1.000000e+00 7.426990e-01 5.517560e-01 0.000000e+00 
1.714550e+02 2.475810e+19 5.743200e+03 3.304740e+03 1.123820e+03 5.958600e+03 7.247690e+02 0.000000e+00 8.292160e-05 0.000000e+00 0.000000e+00 0.000000e+00 0.000000e+00 0.000000e+00 0.000000e+00 0.000000e+00 -1.000000e+00 7.430680e-01 5.518010e-01 0.000000e+00 
1.714550e+02 2.475810e+19 5.743200e+03 3.304740e+03 1.123820e+03 5.958600e+03 7.247690e+02 0.000000e+00 8.298360e-05 0.000000e+00 0.000000e+00 0.000000e+00 0.000000e+00 0.000000e+00 0.000000e+00 -0.000000e+00 -1.000000e+00 7.434380e-01 5.518460e-01 0.000000e+00 
1.714550e+02 2.475810e+19 5.743200e+03 3.304740e+03 1.123820e+03 5.958600e+03 7.247690e+02 0.000000e+00 8.304560e-05 0.000000e+00 0.000000e+00 0.000000e+00 0.000000e+00 0.000000e+00 0.000000e+00 0.000000e+00 -1.000000e+00 7.438070e-01 5.518910e-01 0.000000e+00 
1.714550e+02 2.475810e+19 5.743200e+03 3.304740e+03 1.123820e+03 5.958600e+03 7.247690e+02 0.000000e+00 8.310760e-05 0.000000e+00 0.000000e+00 3.456050e-11 0.000000e+00 0.000000e+00 0.000000e+00 0.000000e+00 -1.000000e+00 7.441770e-01 5.519360e-01 0.000000e+00 
1.714550e+02 2.475810e+19 5.743200e+03 3.304740e+03 1.123820e+03 5.958600e+03 7.247690e+02 0.000000e+00 8.316960e-05 0.000000e+00 0.000000e+00 0.000000e+00 0.000000e+00 0.000000e+00 0.000000e+00 0.000000e+00 -1.000000e+00 7.445460e-01 5.519810e-01 0.000000e+00 
1.714550e+02 2.475810e+19 5.743200e+03 3.304740e+03 1.123820e+03 5.958600e+03 7.247690e+02 0.000000e+00 8.323160e-05 0.000000e+00 0.000000e+00 0.000000e+00 0.000000e+00 0.000000e+00 0.000000e+00 0.000000e+00 -1.000000e+00 7.449160e-01 5.520260e-01 0.000000e+00 
1.714550e+02 2.475810e+19 5.743200e+03 3.304740e+03 1.123820e+03 5.958600e+03 7.247690e+02 0.000000e+00 8.329360e-05 0.000000e+00 0.000000e+00 0.000000e+00 0.000000e+00 0.000000e+00 0.000000e+00 -0.000000e+00 -1.000000e+00 7.452850e-01 5.520710e-01 0.000000e+00 
1.714550e+02 2.475810e+19 5.743200e+03 3.304740e+03 1.123820e+03 5.958600e+03 7.247690e+02 0.000000e+00 8.335560e-05 0.000000e+00 0.000000e+00 0.000000e+00 0.000000e+00 0.000000e+00 0.000000e+00 0.000000e+00 -1.000000e+00 7.456550e-01 5.521160e-01 0.000000e+00 
1.714550e+02 2.475810e+19 5.743200e+03 3.304740e+03 1.123820e+03 5.958600e+03 7.247690e+02 0.000000e+00 8.341760e-05 0.000000e+00 0.000000e+00 0.000000e+00 0.000000e+00 0.000000e+00 0.000000e+00 0.000000e+00 -1.000000e+00 7.460240e-01 5.521610e-01 0.000000e+00 
1.714550e+02 2.475810e+19 5.743200e+03 3.304740e+03 1.123820e+03 5.958600e+03 7.247690e+02 0.000000e+00 8.347960e-05 0.000000e+00 0.000000e+00 0.000000e+00 0.000000e+00 0.000000e+00 0.000000e+00 -0.000000e+00 -1.000000e+00 7.463930e-01 5.522060e-01 0.000000e+00 
1.714550e+02 2.475810e+19 5.743200e+03 3.304740e+03 1.123820e+03 5.958600e+03 7.247690e+02 0.000000e+00 8.354160e-05 0.000000e+00 0.000000e+00 0.000000e+00 0.000000e+00 0.000000e+00 0.000000e+00 0.000000e+00 -1.000000e+00 7.467630e-01 5.522510e-01 0.000000e+00 
1.714550e+02 2.475810e+19 5.743200e+03 3.304740e+03 1.123820e+03 5.958600e+03 7.247690e+02 0.000000e+00 8.360360e-05 0.000000e+00 0.000000e+00 -1.728030e-11 0.000000e+00 0.000000e+00 0.000000e+00 0.000000e+00 -1.000000e+00 7.471320e-01 5.522960e-01 0.000000e+00 
1.714550e+02 2.475810e+19 5.743200e+03 3.304740e+03 1.123820e+03 5.958600e+03 7.247690e+02 0.000000e+00 8.366560e-05 0.000000e+00 0.000000e+00 0.000000e+00 0.000000e+00 0.000000e+00 0.000000e+00 0.000000e+00 -1.000000e+00 7.475020e-01 5.523410e-01 0.000000e+00 
1.714550e+02 2.475810e+19 5.743200e+03 3.304740e+03 1.123820e+03 5.958600e+03 7.247690e+02 0.000000e+00 8.372760e-05 0.000000e+00 0.000000e+00 0.000000e+00 0.000000e+00 0.000000e+00 0.000000e+00 0.000000e+00 -1.000000e+00 7.478710e-01 5.523860e-01 0.000000e+00 
1.714550e+02 2.475810e+19 5.743200e+03 3.304740e+03 1.123820e+03 5.958600e+03 7.247690e+02 0.000000e+00 8.378960e-05 0.000000e+00 0.000000e+00 -1.728030e-11 0.000000e+00 0.000000e+00 0.000000e+00 0.000000e+00 -1.000000e+00 7.482410e-01 5.524310e-01 0.000000e+00 
1.714550e+02 2.475810e+19 5.743200e+03 3.304740e+03 1.123820e+03 5.958600e+03 7.247690e+02 0.000000e+00 8.385160e-05 0.000000e+00 0.000000e+00 0.000000e+00 0.000000e+00 0.000000e+00 0.000000e+00 -0.000000e+00 -1.000000e+00 7.486100e-01 5.524750e-01 0.000000e+00 
1.714550e+02 2.475810e+19 5.743200e+03 3.304740e+03 1.123820e+03 5.958600e+03 7.247690e+02 0.000000e+00 8.391360e-05 0.000000e+00 0.000000e+00 0.000000e+00 0.000000e+00 0.000000e+00 0.000000e+00 0.000000e+00 -1.000000e+00 7.489800e-01 5.525200e-01 0.000000e+00 
1.714550e+02 2.475810e+19 5.743200e+03 3.304740e+03 1.123820e+03 5.958600e+03 7.247690e+02 0.000000e+00 8.397560e-05 0.000000e+00 0.000000e+00 0.000000e+00 0.000000e+00 0.000000e+00 0.000000e+00 0.000000e+00 -1.000000e+00 7.493490e-01 5.525650e-01 0.000000e+00 
1.714550e+02 2.475810e+19 5.743200e+03 3.304740e+03 1.123820e+03 5.958600e+03 7.247690e+02 0.000000e+00 8.403760e-05 0.000000e+00 0.000000e+00 0.000000e+00 0.000000e+00 0.000000e+00 0.000000e+00 0.000000e+00 -1.000000e+00 7.497180e-01 5.526100e-01 0.000000e+00 
1.714550e+02 2.475810e+19 5.743200e+03 3.304740e+03 1.123820e+03 5.958600e+03 7.247690e+02 0.000000e+00 8.409960e-05 0.000000e+00 0.000000e+00 0.000000e+00 0.000000e+00 0.000000e+00 0.000000e+00 0.000000e+00 -1.000000e+00 7.500880e-01 5.526550e-01 0.000000e+00 
1.783800e+02 2.575810e+19 5.681630e+03 3.251020e+03 1.056780e+03 6.020230e+03 7.646040e+02 0.000000e+00 8.416160e-05 0.000000e+00 0.000000e+00 0.000000e+00 0.000000e+00 0.000000e+00 0.000000e+00 0.000000e+00 -1.000000e+00 7.504570e-01 5.527020e-01 0.000000e+00 
1.764150e+02 2.547430e+19 5.594430e+03 3.250730e+03 1.079980e+03 6.017510e+03 7.599490e+02 0.000000e+00 8.722790e-05 0.000000e+00 0.000000e+00 -3.456180e-11 0.000000e+00 0.000000e+00 0.000000e+00 -0.000000e+00 -1.000000e+00 7.689170e-01 5.550430e-01 0.000000e+00 
1.764150e+02 2.547430e+19 5.594430e+03 3.250730e+03 1.079980e+03 6.017510e+03 7.599490e+02 0.000000e+00 9.029580e-05 0.000000e+00 0.000000e+00 -1.512080e-11 0.000000e+00 0.000000e+00 0.000000e+00 -0.000000e+00 -1.000000e+00 7.873780e-01 5.573740e-01 0.000000e+00 
1.739300e+02 2.511550e+19 5.559270e+03 3.275490e+03 1.091830e+03 6.022950e+03 7.347410e+02 0.000000e+00 9.336370e-05 0.000000e+00 0.000000e+00 0.000000e+00 0.000000e+00 0.000000e+00 0.000000e+00 -0.000000e+00 -1.000000e+00 8.058480e-01 5.596350e-01 0.000000e+00 
1.715800e+02 2.477620e+19 5.455350e+03 3.304640e+03 1.068200e+03 6.025140e+03 7.078100e+02 0.000000e+00 9.492860e-05 0.000000e+00 0.000000e+00 0.000000e+00 0.000000e+00 0.000000e+00 0.000000e+00 -0.000000e+00 -1.000000e+00 8.160690e-01 5.608820e-01 0.000000e+00 
1.715800e+02 2.477620e+19 5.455350e+03 3.304640e+03 1.068200e+03 6.025140e+03 7.078100e+02 0.000000e+00 9.799590e-05 0.000000e+00 0.000000e+00 -8.640450e-12 0.000000e+00 0.000000e+00 0.000000e+00 -0.000000e+00 -1.000000e+00 8.345500e-01 5.630530e-01 0.000000e+00 









