0.0000000000e+00   6.2372900000e+04   2.1290100000e-04   1.8989500000e+03   0.0000000000e+00   0.0000000000e+00   0.0000000000e+00   0.0000000000e+00   0.0000000000e+00   0.0000000000e+00   7.6708200000e-01   0.0000000000e+00   2.3291800000e-01   0.0000000000e+00   0.0000000000e+00   
1.0000000000e-04   6.1527000000e+04   2.1336200000e-04   1.8948400000e+03   1.3763100000e-10   7.6946800000e-03   3.4774100000e-09   4.5059200000e-03   5.8326300000e-10   3.8168400000e-04   7.5920300000e-01   6.9514100000e-06   2.2820800000e-01   0.0000000000e+00   5.4121800000e-08   
2.0000000000e-04   6.0612500000e+04   2.1392400000e-04   1.8898600000e+03   1.1728600000e-09   1.6365300000e-02   1.2626400000e-07   9.0781500000e-03   2.0258300000e-08   1.5096100000e-03   7.4995300000e-01   5.9024000000e-05   2.2303400000e-01   0.0000000000e+00   4.5469400000e-07   
3.0000000000e-04   5.9612200000e+04   2.1461600000e-04   1.8837700000e+03   4.1241100000e-09   2.6202100000e-02   1.0757300000e-06   1.3762800000e-02   1.6516500000e-07   3.3572600000e-03   7.3910500000e-01   2.0610100000e-04   2.1736400000e-01   0.0000000000e+00   1.6170300000e-06   
4.0000000000e-04   5.8499000000e+04   2.1548200000e-04   1.8762000000e+03   9.7526100000e-09   3.7553400000e-02   4.9863200000e-06   1.8617800000e-02   7.3160500000e-07   5.8959700000e-03   7.2628800000e-01   4.8168000000e-04   2.1115300000e-01   0.0000000000e+00   4.0603200000e-06   
5.0000000000e-04   5.7243800000e+04   2.1658400000e-04   1.8666600000e+03   1.7990800000e-08   5.0858300000e-02   1.6262500000e-05   2.3719200000e-02   2.2760500000e-06   9.0934100000e-03   7.1108700000e-01   8.7191000000e-04   2.0434300000e-01   0.0000000000e+00   8.4565500000e-06   
6.0000000000e-04   5.5826100000e+04   2.1798900000e-04   1.8546200000e+03   2.8168400000e-08   6.6496800000e-02   4.2054100000e-05   2.9161400000e-02   5.6104400000e-06   1.2912300000e-02   6.9318300000e-01   1.3261100000e-03   1.9685700000e-01   0.0000000000e+00   1.5690200000e-05   
7.0000000000e-04   5.4238400000e+04   2.1976300000e-04   1.8396500000e+03   4.0033100000e-08   8.4707500000e-02   9.2919600000e-05   3.5050600000e-02   1.1829800000e-05   1.7308900000e-02   6.7238200000e-01   1.8073000000e-03   1.8861200000e-01   0.0000000000e+00   2.6915100000e-05   
8.0000000000e-04   5.2481200000e+04   2.2196800000e-04   1.8213800000e+03   5.4143400000e-08   1.0565300000e-01   1.8483900000e-04   4.1495000000e-02   2.2516600000e-05   2.2229800000e-02   6.4854000000e-01   2.3078300000e-03   1.7952400000e-01   0.0000000000e+00   4.3605900000e-05   
9.0001000000e-04   5.0560900000e+04   2.2465700000e-04   1.7995800000e+03   7.1637900000e-08   1.2950200000e-01   3.4307300000e-04   4.8599600000e-02   4.0133500000e-05   2.7607800000e-02   6.2149000000e-01   2.8291400000e-03   1.6952100000e-01   0.0000000000e+00   6.7613000000e-05   
1.0000000000e-03   4.8492100000e+04   2.2785800000e-04   1.7743000000e+03   9.4238900000e-08   1.5643700000e-01   6.0831100000e-04   5.6453200000e-02   6.8622100000e-05   3.3351600000e-02   5.9105300000e-01   3.3685500000e-03   1.5855800000e-01   0.0000000000e+00   1.0118800000e-04   
1.1000000000e-03   4.6299600000e+04   2.3154600000e-04   1.7460300000e+03   1.2473000000e-07   1.8667100000e-01   1.0475300000e-03   6.5121600000e-02   1.1444500000e-04   3.9344000000e-02   5.5701000000e-01   3.9201100000e-03   1.4662500000e-01   0.0000000000e+00   1.4700500000e-04   
1.2000000000e-03   4.4021600000e+04   2.3561400000e-04   1.7158900000e+03   1.6721500000e-07   2.2041800000e-01   1.7719800000e-03   7.4617000000e-02   1.8828100000e-04   4.5425900000e-02   5.1914200000e-01   4.4488200000e-03   1.3378000000e-01   0.0000000000e+00   2.0796700000e-04   
1.3000100000e-03   4.1706400000e+04   2.3987100000e-04   1.6854400000e+03   2.2777900000e-07   2.5781000000e-01   2.9628500000e-03   8.4875100000e-02   3.0733600000e-04   5.1396200000e-02   4.7731500000e-01   4.8697000000e-03   1.2017700000e-01   0.0000000000e+00   2.8673200000e-04   
1.4000000000e-03   3.9410400000e+04   2.4400900000e-04   1.6568600000e+03   3.1782200000e-07   2.9878300000e-01   4.9177000000e-03   9.5718600000e-02   4.9953600000e-04   5.7009000000e-02   4.3147300000e-01   5.1180300000e-03   1.0609700000e-01   0.0000000000e+00   3.8470100000e-04   
1.5000000000e-03   3.7179600000e+04   2.4767000000e-04   1.6323600000e+03   4.5617000000e-07   3.4308900000e-01   8.1285400000e-03   1.0685500000e-01   8.1028700000e-04   6.1993200000e-02   3.8160200000e-01   5.0907300000e-03   9.1930900000e-02   0.0000000000e+00   5.0017300000e-04   
1.6000000000e-03   3.5042300000e+04   2.5050500000e-04   1.6138900000e+03   6.7588000000e-07   3.8993200000e-01   1.3397700000e-02   1.1787600000e-01   1.3121400000e-03   6.6076400000e-02   3.2786900000e-01   4.7469300000e-03   7.8163100000e-02   0.0000000000e+00   6.2541700000e-04   
1.7000000000e-03   3.3003200000e+04   2.5226300000e-04   1.6026400000e+03   1.0309900000e-06   4.3754000000e-01   2.1995600000e-02   1.2830400000e-01   2.1179000000e-03   6.9033400000e-02   2.7085800000e-01   4.1165800000e-03   6.5290700000e-02   0.0000000000e+00   7.4308200000e-04   
1.8000100000e-03   3.1048300000e+04   2.5291700000e-04   1.5985000000e+03   1.6002700000e-06   4.8240500000e-01   3.5756500000e-02   1.3762500000e-01   3.3898000000e-03   7.0743600000e-02   2.1222500000e-01   3.2869900000e-03   5.3742700000e-02   0.0000000000e+00   8.2357900000e-04   
1.9000000000e-03   2.9155300000e+04   2.5281700000e-04   1.5991300000e+03   2.4777500000e-06   5.1875900000e-01   5.6838600000e-02   1.4534900000e-01   5.3265300000e-03   7.1245400000e-02   1.5542100000e-01   2.4171900000e-03   4.3810900000e-02   0.0000000000e+00   8.2986500000e-04   
2.0000000000e-03   2.7296900000e+04   2.5284800000e-04   1.5989300000e+03   3.7355500000e-06   5.3987300000e-01   8.6861000000e-02   1.5109600000e-01   8.1100600000e-03   7.0751500000e-02   1.0532800000e-01   1.6464200000e-03   3.5592700000e-02   0.0000000000e+00   7.3745900000e-04   
2.1000100000e-03   2.5445100000e+04   2.5440500000e-04   1.5891500000e+03   5.3651500000e-06   5.4149700000e-01   1.2551100000e-01   1.5470900000e-01   1.1807500000e-02   6.9585800000e-02   6.6288700000e-02   1.0370500000e-03   2.8997900000e-02   0.0000000000e+00   5.6041300000e-04   
2.2000000000e-03   2.3584100000e+04   2.5905700000e-04   1.5606100000e+03   7.2428100000e-06   5.2512700000e-01   1.6971900000e-01   1.5635300000e-01   1.6280700000e-02   6.8067100000e-02   3.9680400000e-02   6.0864500000e-04   2.3798300000e-02   0.0000000000e+00   3.5833700000e-04   
2.3000000000e-03   2.1733600000e+04   2.6796900000e-04   1.5087100000e+03   9.1617500000e-06   4.9753100000e-01   2.1450900000e-01   1.5651100000e-01   2.1178800000e-02   6.6414600000e-02   2.3602900000e-02   3.3668100000e-04   1.9709100000e-02   0.0000000000e+00   1.9785900000e-04   
2.4000000000e-03   1.9971600000e+04   2.8116700000e-04   1.4378900000e+03   1.0914700000e-05   4.6686900000e-01   2.5502300000e-01   1.5584200000e-01   2.6032100000e-02   6.4732600000e-02   1.4734600000e-02   1.8024800000e-04   1.6470700000e-02   0.0000000000e+00   1.0440600000e-04   
2.5000000000e-03   1.8404900000e+04   2.9725300000e-04   1.3600800000e+03   1.2375000000e-05   4.3897700000e-01   2.8841900000e-01   1.5495500000e-01   3.0431900000e-02   6.3047900000e-02   1.0119800000e-02   9.7421300000e-05   1.3880600000e-02   0.0000000000e+00   5.9726200000e-05   
2.6000100000e-03   1.7106400000e+04   3.1406000000e-04   1.2872900000e+03   1.3520400000e-05   4.1619800000e-01   3.1434500000e-01   1.5421700000e-01   3.4172200000e-02   6.1357300000e-02   7.8122700000e-03   5.5543800000e-05   1.1791000000e-02   0.0000000000e+00   3.8437600000e-05   
2.7000000000e-03   1.6078000000e+04   3.2989300000e-04   1.2255100000e+03   1.4396400000e-05   3.9847300000e-01   3.3397800000e-01   1.5375300000e-01   3.7247100000e-02   5.9657000000e-02   6.7242200000e-03   3.4190200000e-05   1.0092600000e-02   0.0000000000e+00   2.7233900000e-05   
2.8000000000e-03   1.5276100000e+04   3.4398700000e-04   1.1753000000e+03   1.5067000000e-05   3.8482900000e-01   3.4886800000e-01   1.5355100000e-01   3.9756000000e-02   5.7948200000e-02   6.2895200000e-03   2.2747500000e-05   8.6999400000e-03   0.0000000000e+00   2.0759400000e-05   
2.9000000000e-03   1.4648500000e+04   3.5621200000e-04   1.1349600000e+03   1.5587000000e-05   3.7426600000e-01   3.6031000000e-01   1.5355800000e-01   4.1815800000e-02   5.6237200000e-02   6.2165600000e-03   1.6201000000e-05   7.5477700000e-03   0.0000000000e+00   1.6721500000e-05   
3.0000000000e-03   1.4151500000e+04   3.6671000000e-04   1.1024700000e+03   1.5996500000e-05   3.6600100000e-01   3.6924300000e-01   1.5371900000e-01   4.3527300000e-02   5.4531500000e-02   6.3496200000e-03   1.2209600000e-05   6.5857200000e-03   0.0000000000e+00   1.4043200000e-05   
3.1000100000e-03   1.3753200000e+04   3.7569100000e-04   1.0761100000e+03   1.6323600000e-05   3.5947100000e-01   3.7631600000e-01   1.5399200000e-01   4.4968200000e-02   5.2838300000e-02   6.6009500000e-03   9.6382400000e-06   5.7752600000e-03   0.0000000000e+00   1.2179600000e-05   
3.2000000000e-03   1.3430400000e+04   3.8336300000e-04   1.0545800000e+03   1.6587800000e-05   3.5428300000e-01   3.8197000000e-01   1.5434600000e-01   4.6195900000e-02   5.1164600000e-02   6.9179800000e-03   7.9038400000e-06   5.0871600000e-03   0.0000000000e+00   1.0834500000e-05   
3.3000000000e-03   1.3166500000e+04   3.8990800000e-04   1.0368800000e+03   1.6802900000e-05   3.5015400000e-01   3.8652100000e-01   1.5475600000e-01   4.7253900000e-02   4.9515300000e-02   7.2676600000e-03   6.6904700000e-06   4.4984800000e-03   0.0000000000e+00   9.8367800000e-06   
3.4000000000e-03   1.2949500000e+04   3.9548000000e-04   1.0222700000e+03   1.6978700000e-05   3.4687900000e-01   3.9019200000e-01   1.5520700000e-01   4.8174700000e-02   4.7895200000e-02   7.6280500000e-03   5.8155700000e-06   3.9916100000e-03   0.0000000000e+00   9.0812900000e-06   
3.5000000000e-03   1.2770300000e+04   4.0021200000e-04   1.0101800000e+03   1.7122700000e-05   3.4430500000e-01   3.9315200000e-01   1.5568400000e-01   4.8983300000e-02   4.6307700000e-02   7.9841700000e-03   5.1708100000e-06   3.5526500000e-03   0.0000000000e+00   8.5010100000e-06   
3.6000100000e-03   1.2621900000e+04   4.0421800000e-04   1.0001700000e+03   1.7240600000e-05   3.4231200000e-01   3.9553000000e-01   1.5617800000e-01   4.9699400000e-02   4.4755400000e-02   8.3256100000e-03   4.6871200000e-06   3.1704900000e-03   0.0000000000e+00   8.0511900000e-06   
3.7000000000e-03   1.2498800000e+04   4.0759600000e-04   9.9188300000e+02   1.7337000000e-05   3.4080400000e-01   3.9742600000e-01   1.5668000000e-01   5.0338700000e-02   4.3240900000e-02   8.6449400000e-03   4.3182600000e-06   2.8363900000e-03   0.0000000000e+00   7.6997300000e-06   
3.8000000000e-03   1.2396700000e+04   4.1043500000e-04   9.8502200000e+02   1.7415600000e-05   3.3970300000e-01   3.9892400000e-01   1.5718500000e-01   5.0914100000e-02   4.1765000000e-02   8.9372200000e-03   4.0346000000e-06   2.5430300000e-03   0.0000000000e+00   7.4247500000e-06   
3.9000000000e-03   1.2311900000e+04   4.1281200000e-04   9.7934900000e+02   1.7479400000e-05   3.3894500000e-01   4.0009000000e-01   1.5768800000e-01   5.1436100000e-02   4.0328800000e-02   9.1991000000e-03   3.8144500000e-06   2.2845900000e-03   0.0000000000e+00   7.2092400000e-06   
4.0000000000e-03   1.2241400000e+04   4.1479700000e-04   9.7466300000e+02   1.7530800000e-05   3.3847600000e-01   4.0098100000e-01   1.5818300000e-01   5.1913400000e-02   3.8932900000e-02   9.4285800000e-03   3.6426700000e-06   2.0562000000e-03   0.0000000000e+00   7.0408700000e-06   
4.1000000000e-03   1.2182800000e+04   4.1644800000e-04   9.7079900000e+02   1.7571900000e-05   3.3825100000e-01   4.0164400000e-01   1.5866800000e-01   5.2353200000e-02   3.7577500000e-02   9.6247200000e-03   3.5083500000e-06   1.8538400000e-03   0.0000000000e+00   6.9099400000e-06   
4.2000100000e-03   1.2134000000e+04   4.1781800000e-04   9.6761500000e+02   1.7604500000e-05   3.3822900000e-01   4.0211700000e-01   1.5914100000e-01   5.2761700000e-02   3.6262200000e-02   9.7873900000e-03   3.4032600000e-06   1.6741100000e-03   0.0000000000e+00   6.8089800000e-06   
4.3000000000e-03   1.2093300000e+04   4.1895300000e-04   9.6499500000e+02   1.7630100000e-05   3.3837800000e-01   4.0243300000e-01   1.5959900000e-01   5.3143700000e-02   3.4987300000e-02   9.9170800000e-03   3.3213500000e-06   1.5141900000e-03   0.0000000000e+00   6.7322100000e-06   
4.4000000000e-03   1.2059400000e+04   4.1989000000e-04   9.6284100000e+02   1.7649700000e-05   3.3867100000e-01   4.0261900000e-01   1.6004000000e-01   5.3503500000e-02   3.3751800000e-02   1.0014800000e-02   3.2574700000e-06   1.3715900000e-03   0.0000000000e+00   6.6747700000e-06   
4.5000000000e-03   1.2031100000e+04   4.2066200000e-04   9.6107300000e+02   1.7664600000e-05   3.3908300000e-01   4.0269900000e-01   1.6046500000e-01   5.3844600000e-02   3.2555300000e-02   1.0082000000e-02   3.2082400000e-06   1.2442500000e-03   0.0000000000e+00   6.6330200000e-06   
4.6000000000e-03   1.2007300000e+04   4.2129800000e-04   9.5962200000e+02   1.7675500000e-05   3.3959300000e-01   4.0269100000e-01   1.6087100000e-01   5.4169900000e-02   3.1396900000e-02   1.0120200000e-02   3.1708100000e-06   1.1303600000e-03   0.0000000000e+00   6.6039200000e-06   
4.7000000000e-03   1.1987400000e+04   4.2182100000e-04   9.5843300000e+02   1.7683000000e-05   3.4018600000e-01   4.0261100000e-01   1.6125900000e-01   5.4481700000e-02   3.0276000000e-02   1.0131400000e-02   3.1428300000e-06   1.0283800000e-03   0.0000000000e+00   6.5850300000e-06   
4.8000000000e-03   1.1970500000e+04   4.2225000000e-04   9.5746000000e+02   1.7687900000e-05   3.4084500000e-01   4.0247200000e-01   1.6162800000e-01   5.4782200000e-02   2.9191700000e-02   1.0117300000e-02   3.1224700000e-06   9.3693800000e-04   0.0000000000e+00   6.5743700000e-06   
4.9000000000e-03   1.1956300000e+04   4.2260100000e-04   9.5666400000e+02   1.7690600000e-05   3.4155800000e-01   4.0228500000e-01   1.6197800000e-01   5.5072800000e-02   2.8143000000e-02   1.0080100000e-02   3.1084100000e-06   8.5485500000e-04   0.0000000000e+00   6.5703500000e-06   
5.0000000000e-03   1.1944200000e+04   4.2288800000e-04   9.5601400000e+02   1.7691400000e-05   3.4231500000e-01   4.0206000000e-01   1.6231100000e-01   5.5355100000e-02   2.7129200000e-02   1.0021600000e-02   3.0994200000e-06   7.8109100000e-04   0.0000000000e+00   6.5716700000e-06   
5.1000000000e-03   1.1933800000e+04   4.2312200000e-04   9.5548500000e+02   1.7690800000e-05   3.4310700000e-01   4.0180300000e-01   1.6262400000e-01   5.5630000000e-02   2.6149100000e-02   9.9439300000e-03   3.0945700000e-06   7.1473300000e-04   0.0000000000e+00   6.5772500000e-06   
5.2000100000e-03   1.1925000000e+04   4.2331300000e-04   9.5505500000e+02   1.7689000000e-05   3.4392600000e-01   4.0152100000e-01   1.6292100000e-01   5.5898600000e-02   2.5201900000e-02   9.8489000000e-03   3.0931000000e-06   6.5496800000e-04   0.0000000000e+00   6.5862300000e-06   
5.3000000000e-03   1.1917300000e+04   4.2346800000e-04   9.5470600000e+02   1.7686200000e-05   3.4476500000e-01   4.0122000000e-01   1.6319900000e-01   5.6161600000e-02   2.4286900000e-02   9.7383800000e-03   3.0944100000e-06   6.0110200000e-04   0.0000000000e+00   6.5978900000e-06   
5.4000000000e-03   1.1910700000e+04   4.2359200000e-04   9.5442500000e+02   1.7682600000e-05   3.4562000000e-01   4.0090200000e-01   1.6346100000e-01   5.6419700000e-02   2.3402800000e-02   9.6141000000e-03   3.0979800000e-06   5.5248700000e-04   0.0000000000e+00   6.6116400000e-06   
5.5000000000e-03   1.1904900000e+04   4.2369300000e-04   9.5419900000e+02   1.7678400000e-05   3.4648400000e-01   4.0057300000e-01   1.6370700000e-01   5.6673300000e-02   2.2548900000e-02   9.4776900000e-03   3.1033900000e-06   5.0856900000e-04   0.0000000000e+00   6.6270200000e-06   
5.6000000000e-03   1.1899900000e+04   4.2377200000e-04   9.5402000000e+02   1.7673600000e-05   3.4735500000e-01   4.0023400000e-01   1.6393700000e-01   5.6923000000e-02   2.1724300000e-02   9.3306900000e-03   3.1103200000e-06   4.6885300000e-04   0.0000000000e+00   6.6436300000e-06   
5.7000000000e-03   1.1895400000e+04   4.2383500000e-04   9.5387800000e+02   1.7668500000e-05   3.4822800000e-01   3.9988900000e-01   1.6415100000e-01   5.7169000000e-02   2.0928000000e-02   9.1745400000e-03   3.1184900000e-06   4.3289700000e-04   0.0000000000e+00   6.6611500000e-06   
5.8000000000e-03   1.1891500000e+04   4.2388400000e-04   9.5376800000e+02   1.7663100000e-05   3.4910100000e-01   3.9953900000e-01   1.6435100000e-01   5.7411800000e-02   2.0159200000e-02   9.0105700000e-03   3.1276400000e-06   4.0030800000e-04   0.0000000000e+00   6.6792900000e-06   
5.9000000000e-03   1.1888000000e+04   4.2392200000e-04   9.5368300000e+02   1.7657500000e-05   3.4997100000e-01   3.9918600000e-01   1.6453600000e-01   5.7651500000e-02   1.9417100000e-02   8.8399900000e-03   3.1375400000e-06   3.7073700000e-04   0.0000000000e+00   6.6978200000e-06   
6.0000000000e-03   1.1884900000e+04   4.2395000000e-04   9.5362100000e+02   1.7651700000e-05   3.5083500000e-01   3.9883200000e-01   1.6470800000e-01   5.7888400000e-02   1.8700800000e-02   8.6639400000e-03   3.1481300000e-06   3.4387100000e-04   0.0000000000e+00   6.7166200000e-06   
6.1000000000e-03   1.1882000000e+04   4.2397000000e-04   9.5357600000e+02   1.7645900000e-05   3.5169400000e-01   3.9847700000e-01   1.6486700000e-01   5.8122600000e-02   1.8009600000e-02   8.4834300000e-03   3.1592400000e-06   3.1943400000e-04   0.0000000000e+00   6.7355200000e-06   
6.2000100000e-03   1.1879500000e+04   4.2398300000e-04   9.5354600000e+02   1.7639900000e-05   3.5254400000e-01   3.9812200000e-01   1.6501300000e-01   5.8354300000e-02   1.7342500000e-02   8.2993900000e-03   3.1706500000e-06   2.9717500000e-04   0.0000000000e+00   6.7543400000e-06   
6.3000000000e-03   1.1877200000e+04   4.2399100000e-04   9.5352800000e+02   1.7633900000e-05   3.5338400000e-01   3.9776900000e-01   1.6514700000e-01   5.8583600000e-02   1.6699000000e-02   8.1127300000e-03   3.1824400000e-06   2.7687800000e-04   0.0000000000e+00   6.7730900000e-06   
6.4000000000e-03   1.1875100000e+04   4.2399400000e-04   9.5352000000e+02   1.7627900000e-05   3.5421300000e-01   3.9741800000e-01   1.6527000000e-01   5.8810700000e-02   1.6078100000e-02   7.9241600000e-03   3.1943800000e-06   2.5834200000e-04   0.0000000000e+00   6.7915900000e-06   
6.5000000000e-03   1.1873200000e+04   4.2399400000e-04   9.5352100000e+02   1.7622000000e-05   3.5503100000e-01   3.9706900000e-01   1.6538100000e-01   5.9035600000e-02   1.5479300000e-02   7.7343900000e-03   3.2064900000e-06   2.4139000000e-04   0.0000000000e+00   6.8098300000e-06   
6.6000000000e-03   1.1871400000e+04   4.2399000000e-04   9.5352900000e+02   1.7616100000e-05   3.5583700000e-01   3.9672300000e-01   1.6548200000e-01   5.9258300000e-02   1.4901700000e-02   7.5440600000e-03   3.2187000000e-06   2.2586600000e-04   0.0000000000e+00   6.8277400000e-06   
6.7000000000e-03   1.1869700000e+04   4.2398400000e-04   9.5354300000e+02   1.7610200000e-05   3.5663000000e-01   3.9638100000e-01   1.6557200000e-01   5.9479100000e-02   1.4344600000e-02   7.3537300000e-03   3.2309000000e-06   2.1162800000e-04   0.0000000000e+00   6.8452700000e-06   
6.8000000000e-03   1.1868200000e+04   4.2397600000e-04   9.5356100000e+02   1.7604400000e-05   3.5740900000e-01   3.9604200000e-01   1.6565300000e-01   5.9697900000e-02   1.3807500000e-02   7.1638900000e-03   3.2431400000e-06   1.9855100000e-04   0.0000000000e+00   6.8624100000e-06   
6.9000100000e-03   1.1866800000e+04   4.2396600000e-04   9.5358400000e+02   1.7598700000e-05   3.5817400000e-01   3.9570800000e-01   1.6572400000e-01   5.9914700000e-02   1.3289600000e-02   6.9749900000e-03   3.2553400000e-06   1.8652000000e-04   0.0000000000e+00   6.8791200000e-06   
7.0000000000e-03   1.1865500000e+04   4.2395500000e-04   9.5360900000e+02   1.7593100000e-05   3.5892600000e-01   3.9537700000e-01   1.6578700000e-01   6.0129700000e-02   1.2790400000e-02   6.7874700000e-03   3.2674100000e-06   1.7543900000e-04   0.0000000000e+00   6.8953400000e-06   
7.1000000000e-03   1.1864300000e+04   4.2394200000e-04   9.5363700000e+02   1.7587700000e-05   3.5966200000e-01   3.9505100000e-01   1.6584000000e-01   6.0342800000e-02   1.2309100000e-02   6.6016400000e-03   3.2795200000e-06   1.6521200000e-04   0.0000000000e+00   6.9111700000e-06   
7.2000100000e-03   1.1863200000e+04   4.2392900000e-04   9.5366800000e+02   1.7582300000e-05   3.6038500000e-01   3.9472900000e-01   1.6588600000e-01   6.0554100000e-02   1.1845200000e-02   6.4178000000e-03   3.2913700000e-06   1.5576200000e-04   0.0000000000e+00   6.9264400000e-06   
7.3000000000e-03   1.1862100000e+04   4.2391500000e-04   9.5369900000e+02   1.7577000000e-05   3.6109200000e-01   3.9441100000e-01   1.6592400000e-01   6.0763600000e-02   1.1398100000e-02   6.2362900000e-03   3.3032300000e-06   1.4701500000e-04   0.0000000000e+00   6.9413000000e-06   
7.4000000000e-03   1.1861100000e+04   4.2390000000e-04   9.5373200000e+02   1.7571900000e-05   3.6178500000e-01   3.9409800000e-01   1.6595400000e-01   6.0971400000e-02   1.0967300000e-02   6.0572800000e-03   3.3148600000e-06   1.3890700000e-04   0.0000000000e+00   6.9556200000e-06   
7.5000000000e-03   1.1860200000e+04   4.2388500000e-04   9.5376600000e+02   1.7566800000e-05   3.6246400000e-01   3.9379000000e-01   1.6597600000e-01   6.1177500000e-02   1.0552100000e-02   5.8810000000e-03   3.3263100000e-06   1.3137900000e-04   0.0000000000e+00   6.9694300000e-06   
7.6000000000e-03   1.1859300000e+04   4.2387000000e-04   9.5380100000e+02   1.7561900000e-05   3.6312800000e-01   3.9348600000e-01   1.6599200000e-01   6.1381800000e-02   1.0152100000e-02   5.7076300000e-03   3.3377300000e-06   1.2437800000e-04   0.0000000000e+00   6.9828300000e-06   
7.7000000000e-03   1.1858400000e+04   4.2385400000e-04   9.5383500000e+02   1.7557200000e-05   3.6377700000e-01   3.9318700000e-01   1.6600200000e-01   6.1584500000e-02   9.7667800000e-03   5.5373100000e-03   3.3488300000e-06   1.1785800000e-04   0.0000000000e+00   6.9956700000e-06   
7.8000000000e-03   1.1857700000e+04   4.2383900000e-04   9.5387100000e+02   1.7552500000e-05   3.6441200000e-01   3.9289300000e-01   1.6600500000e-01   6.1785500000e-02   9.3955400000e-03   5.3701800000e-03   3.3597900000e-06   1.1177800000e-04   0.0000000000e+00   7.0080400000e-06   
7.9000000000e-03   1.1856900000e+04   4.2382300000e-04   9.5390600000e+02   1.7548000000e-05   3.6503200000e-01   3.9260300000e-01   1.6600200000e-01   6.1984800000e-02   9.0379600000e-03   5.2063400000e-03   3.3706700000e-06   1.0609800000e-04   0.0000000000e+00   7.0199800000e-06   
8.0000000000e-03   1.1856200000e+04   4.2380700000e-04   9.5394100000e+02   1.7543600000e-05   3.6563900000e-01   3.9231800000e-01   1.6599300000e-01   6.2182600000e-02   8.6935500000e-03   5.0458700000e-03   3.3812100000e-06   1.0078500000e-04   0.0000000000e+00   7.0313700000e-06   
8.1000000000e-03   1.1855500000e+04   4.2379200000e-04   9.5397600000e+02   1.7539300000e-05   3.6623100000e-01   3.9203700000e-01   1.6597900000e-01   6.2378700000e-02   8.3618500000e-03   4.8888400000e-03   3.3916100000e-06   9.5809000000e-05   0.0000000000e+00   7.0423200000e-06   
8.2000000000e-03   1.1854900000e+04   4.2377600000e-04   9.5401000000e+02   1.7535200000e-05   3.6681000000e-01   3.9176100000e-01   1.6595900000e-01   6.2573200000e-02   8.0424200000e-03   4.7353100000e-03   3.4019100000e-06   9.1140600000e-05   0.0000000000e+00   7.0528600000e-06   
8.3000000000e-03   1.1854300000e+04   4.2376100000e-04   9.5404500000e+02   1.7531100000e-05   3.6737500000e-01   3.9149000000e-01   1.6593500000e-01   6.2766100000e-02   7.7348300000e-03   4.5853000000e-03   3.4118800000e-06   8.6756400000e-05   0.0000000000e+00   7.0628900000e-06   
8.4000100000e-03   1.1853700000e+04   4.2374600000e-04   9.5407800000e+02   1.7527200000e-05   3.6792600000e-01   3.9122300000e-01   1.6590500000e-01   6.2957400000e-02   7.4386500000e-03   4.4388300000e-03   3.4216700000e-06   8.2633100000e-05   0.0000000000e+00   7.0724800000e-06   
8.5000000000e-03   1.1853200000e+04   4.2373100000e-04   9.5411200000e+02   1.7523400000e-05   3.6846500000e-01   3.9096000000e-01   1.6587100000e-01   6.3147100000e-02   7.1535300000e-03   4.2959600000e-03   3.4313900000e-06   7.8750700000e-05   0.0000000000e+00   7.0816900000e-06   
8.6000000000e-03   1.1852700000e+04   4.2371700000e-04   9.5414400000e+02   1.7519800000e-05   3.6899100000e-01   3.9070200000e-01   1.6583300000e-01   6.3335300000e-02   6.8790300000e-03   4.1566400000e-03   3.4408000000e-06   7.5090600000e-05   0.0000000000e+00   7.0904300000e-06   
8.7000100000e-03   1.1852200000e+04   4.2370300000e-04   9.5417600000e+02   1.7516200000e-05   3.6950400000e-01   3.9044800000e-01   1.6579100000e-01   6.3522000000e-02   6.6147500000e-03   4.0208700000e-03   3.4499800000e-06   7.1636300000e-05   0.0000000000e+00   7.0987400000e-06   
8.8000000000e-03   1.1851700000e+04   4.2368900000e-04   9.5420700000e+02   1.7512800000e-05   3.7000400000e-01   3.9019800000e-01   1.6574500000e-01   6.3707100000e-02   6.3604100000e-03   3.8886700000e-03   3.4590700000e-06   6.8372600000e-05   0.0000000000e+00   7.1067000000e-06   
8.9000000000e-03   1.1851200000e+04   4.2367500000e-04   9.5423800000e+02   1.7509400000e-05   3.7049300000e-01   3.8995300000e-01   1.6569500000e-01   6.3890700000e-02   6.1155800000e-03   3.7599700000e-03   3.4679500000e-06   6.5285700000e-05   0.0000000000e+00   7.1142500000e-06   
9.0000000000e-03   1.1850800000e+04   4.2366200000e-04   9.5426800000e+02   1.7506200000e-05   3.7097000000e-01   3.8971100000e-01   1.6564100000e-01   6.4072700000e-02   5.8799400000e-03   3.6347600000e-03   3.4765600000e-06   6.2363500000e-05   0.0000000000e+00   7.1213900000e-06   
9.1000000000e-03   1.1850400000e+04   4.2364900000e-04   9.5429700000e+02   1.7503100000e-05   3.7143500000e-01   3.8947400000e-01   1.6558400000e-01   6.4253300000e-02   5.6531700000e-03   3.5130100000e-03   3.4850000000e-06   5.9594300000e-05   0.0000000000e+00   7.1281700000e-06   
9.2000000000e-03   1.1850000000e+04   4.2363700000e-04   9.5432500000e+02   1.7500100000e-05   3.7188900000e-01   3.8924000000e-01   1.6552400000e-01   6.4432300000e-02   5.4349300000e-03   3.3946700000e-03   3.4933600000e-06   5.6967300000e-05   0.0000000000e+00   7.1346200000e-06   
9.3000000000e-03   1.1849600000e+04   4.2362400000e-04   9.5435300000e+02   1.7497200000e-05   3.7233100000e-01   3.8901100000e-01   1.6546100000e-01   6.4609900000e-02   5.2249300000e-03   3.2797000000e-03   3.5014500000e-06   5.4473900000e-05   0.0000000000e+00   7.1406900000e-06   
9.4000000000e-03   1.1849200000e+04   4.2361200000e-04   9.5438000000e+02   1.7494400000e-05   3.7276300000e-01   3.8878500000e-01   1.6539500000e-01   6.4786000000e-02   5.0228700000e-03   3.1680400000e-03   3.5093100000e-06   5.2105500000e-05   0.0000000000e+00   7.1464000000e-06   
9.5000000000e-03   1.1848900000e+04   4.2360100000e-04   9.5440600000e+02   1.7491600000e-05   3.7318400000e-01   3.8856300000e-01   1.6532600000e-01   6.4960600000e-02   4.8284600000e-03   3.0596500000e-03   3.5170400000e-06   4.9853500000e-05   0.0000000000e+00   7.1518000000e-06   
9.6000000000e-03   1.1848600000e+04   4.2359000000e-04   9.5443100000e+02   1.7489000000e-05   3.7359500000e-01   3.8834400000e-01   1.6525500000e-01   6.5133700000e-02   4.6414000000e-03   2.9544800000e-03   3.5246700000e-06   4.7710700000e-05   0.0000000000e+00   7.1569000000e-06   
9.7000000000e-03   1.1848200000e+04   4.2357900000e-04   9.5445500000e+02   1.7486500000e-05   3.7399600000e-01   3.8812900000e-01   1.6518200000e-01   6.5305400000e-02   4.4614500000e-03   2.8524400000e-03   3.5320400000e-06   4.5671000000e-05   0.0000000000e+00   7.1616600000e-06   
9.8000000000e-03   1.1847900000e+04   4.2356800000e-04   9.5447900000e+02   1.7484000000e-05   3.7438700000e-01   3.8791800000e-01   1.6510600000e-01   6.5475600000e-02   4.2883400000e-03   2.7535000000e-03   3.5392100000e-06   4.3728200000e-05   0.0000000000e+00   7.1661100000e-06   
9.9000000000e-03   1.1847600000e+04   4.2355800000e-04   9.5450200000e+02   1.7481700000e-05   3.7476800000e-01   3.8771100000e-01   1.6502700000e-01   6.5644400000e-02   4.1218200000e-03   2.6575900000e-03   3.5462600000e-06   4.1876300000e-05   0.0000000000e+00   7.1702800000e-06   
1.0000000000e-02   1.1847300000e+04   4.2354800000e-04   9.5452400000e+02   1.7479400000e-05   3.7514000000e-01   3.8750600000e-01   1.6494700000e-01   6.5811800000e-02   3.9616300000e-03   2.5646500000e-03   3.5531700000e-06   4.0109900000e-05   0.0000000000e+00   7.1741800000e-06   
