0.0000000000e+00   2.4545000000e+02   2.8718000000e-04   9.0000000000e+03   3.4821300000e-13   3.4821300000e-13   3.4821300000e-13   7.6708200000e-01   2.3291800000e-01   3.7909900000e-09   -4.7772700000e-09   -5.2815900000e-09   5.4906700000e-14   -1.8082800000e-13   1.2985000000e-02   9.0000000000e+03   
1.4999850000e-05   2.4545000000e+02   2.8718000000e-04   9.0000000000e+03   3.4821300000e-13   3.4821300000e-13   3.4821300000e-13   7.6708200000e-01   2.3291800000e-01   3.7909900000e-09   -4.7771400000e-09   -5.2815500000e-09   2.7468260000e-14   -9.0463100000e-14   1.2970010000e-02   9.0000000000e+03   
2.9999700000e-05   2.4545000000e+02   2.8718000000e-04   9.0000000000e+03   3.4821300000e-13   3.4821300000e-13   3.4821300000e-13   7.6708200000e-01   2.3291800000e-01   3.7909900000e-09   -4.7770100000e-09   -5.2815100000e-09   2.9821800000e-17   -9.8204800000e-17   1.2955020000e-02   9.0000000000e+03   
4.4999550000e-05   2.4545000000e+02   2.8718000000e-04   9.0000000000e+03   3.4821300000e-13   3.4821300000e-13   3.4821300000e-13   7.6708200000e-01   2.3291800000e-01   3.7907550000e-09   -4.7766700000e-09   -5.2811350000e-09   2.2586770000e-14   -7.4386450000e-14   1.2940020000e-02   9.0000000000e+03   
5.9999400000e-05   2.4545000000e+02   2.8718000000e-04   9.0000000000e+03   3.4821300000e-13   3.4821300000e-13   3.4821300000e-13   7.6708200000e-01   2.3291800000e-01   3.7905200000e-09   -4.7763310000e-09   -5.2807610000e-09   4.5198120000e-14   -1.4885380000e-13   1.2925020000e-02   9.0000000000e+03   
7.4999250000e-05   2.4545000000e+02   2.8718000000e-04   9.0000000000e+03   3.4821300000e-13   3.4821300000e-13   3.4821300000e-13   7.6708200000e-01   2.3291800000e-01   3.7900360000e-09   -4.7759800000e-09   -5.2802810000e-09   4.6955920000e-17   -1.5477380000e-16   1.2910020000e-02   9.0000000000e+03   
8.9999100000e-05   2.4545000000e+02   2.8718000000e-04   9.0000000000e+03   3.4821300000e-13   3.4821300000e-13   3.4821300000e-13   7.6708200000e-01   2.3291800000e-01   3.7895510000e-09   -4.7756300000e-09   -5.2798010000e-09   -4.5211000000e-14   1.4889600000e-13   1.2895020000e-02   9.0000000000e+03   
1.0499890000e-04   2.4545000000e+02   2.8718000000e-04   9.0000000000e+03   3.4821300000e-13   3.4821300000e-13   3.4821300000e-13   7.6708200000e-01   2.3291800000e-01   3.7890650000e-09   -4.7756000000e-09   -5.2796750000e-09   -6.7923860000e-14   2.2369800000e-13   1.2880000000e-02   9.0000000000e+03   
1.1999880000e-04   2.4545000000e+02   2.8718000000e-04   9.0000000000e+03   3.4821300000e-13   3.4821300000e-13   3.4821300000e-13   7.6708200000e-01   2.3291800000e-01   3.7885800000e-09   -4.7755700000e-09   -5.2795500000e-09   -9.0558520000e-14   2.9824250000e-13   1.2864990000e-02   9.0000000000e+03   
1.3499860000e-04   2.4545000000e+02   2.8718000000e-04   9.0000000000e+03   3.4821300000e-13   3.4821300000e-13   3.4821300000e-13   7.6708200000e-01   2.3291800000e-01   3.7888210000e-09   -4.7754300000e-09   -5.2793900000e-09   -4.5177160000e-14   1.4878500000e-13   1.2850010000e-02   9.0000000000e+03   
1.4999850000e-04   2.4545000000e+02   2.8718000000e-04   9.0000000000e+03   3.4821300000e-13   3.4821300000e-13   3.4821300000e-13   7.6708200000e-01   2.3291800000e-01   3.7890600000e-09   -4.7752900000e-09   -5.2792290000e-09   -2.1976810000e-17   7.2386900000e-17   1.2835030000e-02   9.0000000000e+03   
1.6499830000e-04   2.4545000000e+02   2.8718000000e-04   9.0000000000e+03   3.4821300000e-13   3.4821300000e-13   3.4821300000e-13   7.6708200000e-01   2.3291800000e-01   3.7889590000e-09   -4.7753500000e-09   -5.2789030000e-09   -4.9067200000e-15   1.6159600000e-14   1.2819990000e-02   9.0000000000e+03   
1.7999820000e-04   2.4545000000e+02   2.8718000000e-04   9.0000000000e+03   3.4821300000e-13   3.4821300000e-13   3.4821300000e-13   7.6708200000e-01   2.3291800000e-01   3.7888550000e-09   -4.7754200000e-09   -5.2785770000e-09   -9.7406710000e-15   3.2079530000e-14   1.2804940000e-02   9.0000000000e+03   
1.9499800000e-04   2.4545000000e+02   2.8718000000e-04   9.0000000000e+03   3.4821300000e-13   3.4821300000e-13   3.4821300000e-13   7.6708200000e-01   2.3291800000e-01   3.7883320000e-09   -4.7763990000e-09   -5.2782550000e-09   -9.7474700000e-15   3.2101930000e-14   1.2789980000e-02   9.0000000000e+03   
2.0999790000e-04   2.4545000000e+02   2.8718000000e-04   9.0000000000e+03   3.4821300000e-13   3.4821300000e-13   3.4821300000e-13   7.6708200000e-01   2.3291800000e-01   3.7878200000e-09   -4.7774120000e-09   -5.2779340000e-09   -9.5683270000e-15   3.1511950000e-14   1.2775020000e-02   9.0000000000e+03   
2.2499770000e-04   2.4545000000e+02   2.8718000000e-04   9.0000000000e+03   3.4821300000e-13   3.4821300000e-13   3.4821300000e-13   7.6708200000e-01   2.3291800000e-01   3.7878350000e-09   -4.7801420000e-09   -5.2776330000e-09   2.4945100000e-16   -8.2152610000e-16   1.2759980000e-02   9.0000000000e+03   
2.3999760000e-04   2.4545000000e+02   2.8718000000e-04   9.0000000000e+03   3.4821300000e-13   3.4821300000e-13   3.4821300000e-13   7.6708200000e-01   2.3291800000e-01   3.7878330000e-09   -4.7830960000e-09   -5.2773350000e-09   9.6205420000e-15   -3.1683900000e-14   1.2744950000e-02   9.0000000000e+03   
2.5499740000e-04   2.4545000000e+02   2.8718000000e-04   9.0000000000e+03   3.4821300000e-13   3.4821300000e-13   3.4821300000e-13   7.6708200000e-01   2.3291800000e-01   3.7872790000e-09   -4.7931800000e-09   -5.2771790000e-09   4.6991650000e-15   -1.5476030000e-14   1.2729990000e-02   9.0000000000e+03   
2.6999730000e-04   2.4545000000e+02   2.8718000000e-04   9.0000000000e+03   3.4821300000e-13   3.4821300000e-13   3.4821300000e-13   7.6708200000e-01   2.3291800000e-01   3.7867000000e-09   -4.8041380000e-09   -5.2770150000e-09   2.3099440000e-21   1.8027670000e-21   1.2715020000e-02   9.0000000000e+03   
2.8499710000e-04   2.4545000000e+02   2.8718000000e-04   9.0000000000e+03   3.4821300000e-13   3.4821300000e-13   3.4821300000e-13   7.6708200000e-01   2.3291800000e-01   3.7855840000e-09   -4.8335510000e-09   -5.2766870000e-09   2.3204420000e-21   1.8133350000e-21   1.2699980000e-02   9.0000000000e+03   
2.9999700000e-04   2.4545000000e+02   2.8718000000e-04   9.0000000000e+03   3.4821300000e-13   3.4821300000e-13   3.4821300000e-13   7.6708200000e-01   2.3291800000e-01   3.7844340000e-09   -4.8667630000e-09   -5.2763480000e-09   3.2698140000e-15   -1.0768670000e-14   1.2684950000e-02   9.0000000000e+03   
3.1499680000e-04   2.4545000000e+02   2.8718000000e-04   9.0000000000e+03   3.4821300000e-13   3.4821300000e-13   3.4821300000e-13   7.6708200000e-01   2.3291800000e-01   3.7827650000e-09   -4.9557720000e-09   -5.2758530000e-09   5.4574680000e-14   -1.7973420000e-13   1.2669980000e-02   9.0000000000e+03   
3.2999670000e-04   2.4545000000e+02   2.8718000000e-04   9.0000000000e+03   3.4821300000e-13   3.4821300000e-13   3.4821300000e-13   7.6708200000e-01   2.3291800000e-01   3.7806740000e-09   -5.0603630000e-09   -5.2753700000e-09   9.0520020000e-14   -2.9811520000e-13   1.2655000000e-02   9.0000000000e+03   
3.4499650000e-04   2.4545000000e+02   2.8718000000e-04   9.0000000000e+03   3.4821300000e-13   3.4821300000e-13   3.4821300000e-13   7.6708200000e-01   2.3291800000e-01   3.7741350000e-09   -5.3294850000e-09   -5.2750250000e-09   -3.5715030000e-14   1.1762320000e-13   1.2640000000e-02   9.0000000000e+03   
3.5999640000e-04   2.4545000000e+02   2.8718000000e-04   9.0000000000e+03   3.4821300000e-13   3.4821300000e-13   3.4821300000e-13   7.6708200000e-01   2.3291800000e-01   3.7660470000e-09   -5.6598380000e-09   -5.2747350000e-09   -1.4438970000e-13   4.7552890000e-13   1.2625000000e-02   9.0000000000e+03   
3.7499620000e-04   2.4545000000e+02   2.8718000000e-04   9.0000000000e+03   3.4821300000e-13   3.4821300000e-13   3.4821300000e-13   7.6708200000e-01   2.3291800000e-01   3.7458830000e-09   -6.4675190000e-09   -5.2748670000e-09   -1.1617100000e-13   3.8259350000e-13   1.2610000000e-02   9.0000000000e+03   
3.8999610000e-04   2.4545000000e+02   2.8718000000e-04   9.0000000000e+03   3.4821300000e-13   3.4821300000e-13   3.4821300000e-13   7.6708200000e-01   2.3291800000e-01   3.7193360000e-09   -7.5097210000e-09   -5.2749400000e-09   -7.4195540000e-14   2.4435260000e-13   1.2595010000e-02   9.0000000000e+03   
4.0499590000e-04   2.4545000000e+02   2.8718000000e-04   9.0000000000e+03   3.4821300000e-13   3.4821300000e-13   3.4821300000e-13   7.6708200000e-01   2.3291800000e-01   3.6554190000e-09   -9.9251050000e-09   -5.2746650000e-09   4.8328840000e-14   -1.5916410000e-13   1.2579980000e-02   9.0000000000e+03   
4.1999580000e-04   2.4545000000e+02   2.8718000000e-04   9.0000000000e+03   3.4821300000e-13   3.4821300000e-13   3.4821300000e-13   7.6708200000e-01   2.3291800000e-01   3.5659290000e-09   -1.3220100000e-08   -5.2743480000e-09   1.3449120000e-13   -4.4292760000e-13   1.2564960000e-02   9.0000000000e+03   
4.3499560000e-04   2.4545000000e+02   2.8718000000e-04   9.0000000000e+03   3.4821300000e-13   3.4821300000e-13   3.4821300000e-13   7.6708200000e-01   2.3291800000e-01   3.3625110000e-09   -2.0433710000e-08   -5.2738470000e-09   5.8663080000e-14   -1.9319850000e-13   1.2549980000e-02   9.0000000000e+03   
4.4999550000e-04   2.4545000000e+02   2.8718000000e-04   9.0000000000e+03   3.4821300000e-13   3.4821300000e-13   3.4821300000e-13   7.6708200000e-01   2.3291800000e-01   3.0586970000e-09   -3.0882710000e-08   -5.2734220000e-09   1.1636740000e-20   1.1156900000e-20   1.2535000000e-02   9.0000000000e+03   
4.6499530000e-04   2.4545000000e+02   2.8718000000e-04   9.0000000000e+03   3.4821300000e-13   3.4821300000e-13   3.4821300000e-13   7.6708200000e-01   2.3291800000e-01   2.4117720000e-09   -5.2388910000e-08   -5.2732530000e-09   1.9343150000e-20   1.8895630000e-20   1.2519980000e-02   9.0000000000e+03   
4.7999520000e-04   2.4545000000e+02   2.8718000000e-04   9.0000000000e+03   3.4821300000e-13   3.4821300000e-13   3.4821300000e-13   7.6708200000e-01   2.3291800000e-01   1.3761800000e-09   -8.5593940000e-08   -5.2730660000e-09   3.1252690000e-20   3.0862690000e-20   1.2504980000e-02   9.0000000000e+03   
4.9499500000e-04   2.4545000000e+02   2.8718000000e-04   9.0000000000e+03   3.4821300000e-13   3.4821300000e-13   3.4821300000e-13   7.6708200000e-01   2.3291800000e-01   -6.8195370000e-10   -1.4957730000e-07   -5.2728350000e-09   5.4220240000e-20   5.3954010000e-20   1.2490010000e-02   9.0000000000e+03   
5.0999490000e-04   2.4545000000e+02   2.8718000000e-04   9.0000000000e+03   3.4821300000e-13   3.4821300000e-13   3.4821300000e-13   7.6708200000e-01   2.3291800000e-01   -4.2184800000e-09   -2.5523800000e-07   -5.2725520000e-09   -2.5669720000e-14   8.4540170000e-14   1.2475030000e-02   9.0000000000e+03   
5.2499470000e-04   2.4545000000e+02   2.8718000000e-04   9.0000000000e+03   3.4821300000e-13   3.4821300000e-13   3.4821300000e-13   7.6708200000e-01   2.3291800000e-01   -1.0744920000e-08   -4.4518760000e-07   -5.2721650000e-09   -1.0325440000e-13   3.4005520000e-13   1.2460010000e-02   9.0000000000e+03   
5.3999460000e-04   2.4545000000e+02   2.8718000000e-04   9.0000000000e+03   3.4821300000e-13   3.4821300000e-13   3.4821300000e-13   7.6708200000e-01   2.3291800000e-01   -2.2822880000e-08   -7.8161310000e-07   -5.2718400000e-09   -1.2179080000e-13   4.0110290000e-13   1.2445000000e-02   9.0000000000e+03   
5.5499440000e-04   2.4545000000e+02   2.8718000000e-04   9.0000000000e+03   3.4821300000e-13   3.4821300000e-13   3.4821300000e-13   7.6708200000e-01   2.3291800000e-01   -4.3473800000e-08   -1.3442350000e-06   -5.2716130000e-09   -4.9141520000e-14   1.6184320000e-13   1.2429980000e-02   9.0000000000e+03   
5.6999430000e-04   2.4545000000e+02   2.8718000000e-04   9.0000000000e+03   3.4821300000e-13   3.4821300000e-13   3.4821300000e-13   7.6708200000e-01   2.3291800000e-01   -8.4713280000e-08   -2.4153070000e-06   -5.2714400000e-09   2.8760650000e-14   -9.4715640000e-14   1.2414980000e-02   9.0000000000e+03   
5.8499410000e-04   2.4545000000e+02   2.8718000000e-04   9.0000000000e+03   3.4821300000e-13   3.4821300000e-13   3.4821300000e-13   7.6708200000e-01   2.3291800000e-01   -1.4990670000e-07   -4.0779410000e-06   -5.2713300000e-09   1.1277440000e-13   -3.7140140000e-13   1.2400000000e-02   9.0000000000e+03   
5.9999400000e-04   2.4545000000e+02   2.8718000000e-04   9.0000000000e+03   3.4821300000e-13   3.4821300000e-13   3.4821300000e-13   7.6708200000e-01   2.3291800000e-01   -2.9058210000e-07   -7.4855480000e-06   -5.2709560000e-09   6.8941200000e-14   -2.2703740000e-13   1.2385000000e-02   9.0000000000e+03   
6.1499380000e-04   2.4545000000e+02   2.8718000000e-04   9.0000000000e+03   3.4821300000e-13   3.4821300000e-13   3.4821300000e-13   7.6708200000e-01   2.3291800000e-01   -4.9583270000e-07   -1.2385990000e-05   -5.2703560000e-09   -8.4265660000e-14   2.7753670000e-13   1.2369960000e-02   9.0000000000e+03   
6.2999370000e-04   2.4545000000e+02   2.8718000000e-04   9.0000000000e+03   3.4821300000e-13   3.4821300000e-13   3.4821300000e-13   7.6708200000e-01   2.3291800000e-01   -9.7488210000e-07   -2.3212200000e-05   -5.2700710000e-09   -9.5575320000e-14   3.1480060000e-13   1.2354950000e-02   9.0000000000e+03   
6.4499350000e-04   2.4545000000e+02   2.8718000000e-04   9.0000000000e+03   3.4821300000e-13   3.4821300000e-13   3.4821300000e-13   7.6708200000e-01   2.3291800000e-01   -1.6193930000e-06   -3.7619470000e-05   -5.2699770000e-09   -2.1133840000e-14   6.9660120000e-14   1.2339960000e-02   9.0000000000e+03   
6.5999340000e-04   2.4545000000e+02   2.8718000000e-04   9.0000000000e+03   3.4821300000e-13   3.4821300000e-13   3.4821300000e-13   7.6708200000e-01   2.3291800000e-01   -3.2470980000e-06   -7.1949140000e-05   -5.2699690000e-09   5.7886750000e-14   -1.9053000000e-13   1.2324960000e-02   9.0000000000e+03   
6.7499320000e-04   2.4545000000e+02   2.8718000000e-04   9.0000000000e+03   3.4821300000e-13   3.4821300000e-13   3.4821300000e-13   7.6708200000e-01   2.3291800000e-01   -5.2649790000e-06   -1.1418490000e-04   -5.2699950000e-09   1.3872450000e-13   -4.5669240000e-13   1.2309950000e-02   9.0000000000e+03   
6.8999310000e-04   2.4545000000e+02   2.8718000000e-04   9.0000000000e+03   3.4821300000e-13   3.4821300000e-13   3.4821300000e-13   7.6708200000e-01   2.3291800000e-01   -1.0779880000e-05   -2.2277180000e-04   -5.2701560000e-09   8.2800320000e-14   -2.7234280000e-13   1.2294970000e-02   9.0000000000e+03   
7.0499290000e-04   2.4545000000e+02   2.8718000000e-04   9.0000000000e+03   3.4821300000e-13   3.4821300000e-13   3.4821300000e-13   7.6708200000e-01   2.3291800000e-01   -1.7079060000e-05   -3.4623920000e-04   -5.2703460000e-09   -3.7956520000e-15   1.3043650000e-14   1.2280000000e-02   9.0000000000e+03   
7.1999280000e-04   2.4545000000e+02   2.8718000000e-04   9.0000000000e+03   3.4821300000e-13   3.4821300000e-13   3.4821300000e-13   7.6708200000e-01   2.3291800000e-01   -3.5704670000e-05   -6.8871770000e-04   -5.2719210000e-09   -8.1292150000e-14   2.6880690000e-13   1.2265010000e-02   9.0000000000e+03   
7.3499260000e-04   2.4545000000e+02   2.8718000000e-04   9.0000000000e+03   3.4821300000e-13   3.4821300000e-13   3.4821300000e-13   7.6708200000e-01   2.3291800000e-01   -5.7172900000e-05   -1.0796000000e-03   -5.2739560000e-09   -1.5057910000e-13   4.9760950000e-13   1.2250020000e-02   9.0000000000e+03   
7.4999250000e-04   2.4545000000e+02   2.8718000000e-04   9.0000000000e+03   3.4821300000e-13   3.4821300000e-13   3.4821300000e-13   7.6708200000e-01   2.3291800000e-01   -1.1798220000e-04   -2.1251130000e-03   -5.2833740000e-09   -6.1856510000e-14   2.0706870000e-13   1.2235010000e-02   9.0000000000e+03   
7.6499230000e-04   2.4545000000e+02   2.8718000000e-04   9.0000000000e+03   3.4821300000e-13   3.4821310000e-13   3.4821300000e-13   7.6708200000e-01   2.3291800000e-01   -2.0083470000e-04   -3.5141840000e-03   -5.2980420000e-09   2.4315760000e-14   -7.4526480000e-14   1.2220000000e-02   9.0000000000e+03   
7.7999220000e-04   2.4545000000e+02   2.8718000000e-04   9.0000000000e+03   3.4821300000e-13   3.4821360000e-13   3.4821300000e-13   7.6708200000e-01   2.3291800000e-01   -3.8884840000e-04   -6.5422660000e-03   -5.3377540000e-09   9.8321320000e-14   -3.1344490000e-13   1.2205020000e-02   9.0000000000e+03   
7.9499200000e-04   2.4545000000e+02   2.8718000000e-04   9.0000000000e+03   3.4821300000e-13   3.4821420000e-13   3.4821300000e-13   7.6708200000e-01   2.3291800000e-01   -6.9857690000e-04   -1.1347310000e-02   -5.4170640000e-09   1.2575940000e-13   -3.9616160000e-13   1.2190030000e-02   9.0000000000e+03   
8.0999190000e-04   2.4545000000e+02   2.8718000000e-04   9.0000000000e+03   3.4821300000e-13   3.4821470000e-13   3.4821300000e-13   7.6708200000e-01   2.3291800000e-01   -1.2777840000e-03   -2.0086580000e-02   -5.5840470000e-09   5.0096180000e-14   -1.3304460000e-13   1.2175020000e-02   9.0000000000e+03   
8.2499170000e-04   2.4545000000e+02   2.8718000000e-04   9.0000000000e+03   3.4821300000e-13   3.4821550000e-13   3.4821300000e-13   7.6708200000e-01   2.3291800000e-01   -2.4070970000e-03   -3.6349870000e-02   -5.9957600000e-09   1.6052100000e-14   5.0768900000e-15   1.2160030000e-02   9.0000000000e+03   
8.3999160000e-04   2.4545000000e+02   2.8718000000e-04   9.0000000000e+03   3.4821300000e-13   3.4821660000e-13   3.4821300000e-13   7.6708200000e-01   2.3291800000e-01   -4.1853520000e-03   -6.1489020000e-02   -6.6961740000e-09   3.1104800000e-14   -4.2548200000e-15   1.2145040000e-02   9.0000000000e+03   
8.5499140000e-04   2.4545000000e+02   2.8718000000e-04   9.0000000000e+03   3.4821330000e-13   3.4821970000e-13   3.4821300000e-13   7.6708200000e-01   2.3291800000e-01   -8.2215740000e-03   -1.1556290000e-01   -8.7637860000e-09   4.6264040000e-14   3.2698640000e-14   1.2130040000e-02   9.0000000000e+03   
8.6999130000e-04   2.4545000000e+02   2.8718000000e-04   9.0000000000e+03   3.4821390000e-13   3.4822410000e-13   3.4821300000e-13   7.6708200000e-01   2.3291800000e-01   -1.3660410000e-02   -1.8761060000e-01   -1.1680680000e-08   6.1489450000e-14   9.8403680000e-14   1.2115020000e-02   9.0000000000e+03   
8.8499110000e-04   2.4545000000e+02   2.8718000000e-04   9.0000000000e+03   3.4821490000e-13   3.4823410000e-13   3.4821300000e-13   7.6708200000e-01   2.3291800000e-01   -2.7842320000e-02   -3.6463610000e-01   -2.1805340000e-08   1.5580470000e-13   7.3677980000e-14   1.2100020000e-02   9.0000000000e+03   
8.9999100000e-04   2.4545000000e+02   2.8718000000e-04   9.0000000000e+03   3.4821600000e-13   3.4824560000e-13   3.4821300000e-13   7.6708200000e-01   2.3291800000e-01   -4.4412950000e-02   -5.7034270000e-01   -3.3899250000e-08   2.7172840000e-13   2.4245490000e-14   1.2085030000e-02   9.0000000000e+03   
9.1499080000e-04   2.4545000000e+02   2.8718000000e-04   9.0000000000e+03   3.4821870000e-13   3.4827800000e-13   3.4821300000e-13   7.6708200000e-01   2.3291800000e-01   -9.3513080000e-02   -1.1419890000e+00   -8.2485150000e-08   4.7826910000e-13   2.7236220000e-13   1.2070000000e-02   9.0000000000e+03   
9.2999070000e-04   2.4545000000e+02   2.8718000000e-04   9.0000000000e+03   3.4822240000e-13   3.4832070000e-13   3.4821300000e-13   7.6708200000e-01   2.3291800000e-01   -1.5957760000e-01   -1.8932170000e+00   -1.5647570000e-07   7.6154040000e-13   5.6197170000e-13   1.2054980000e-02   9.0000000000e+03   
9.4499050000e-04   2.4545000000e+02   2.8718000000e-04   9.0000000000e+03   3.4823130000e-13   3.4841520000e-13   3.4821300000e-13   7.6708200000e-01   2.3291800000e-01   -3.1156840000e-01   -3.5497450000e+00   -3.6157740000e-07   1.4447150000e-12   1.0183370000e-12   1.2040020000e-02   9.0000000000e+03   
9.5999040000e-04   2.4545000000e+02   2.8718000000e-04   9.0000000000e+03   3.4824640000e-13   3.4857090000e-13   3.4821300000e-13   7.6708200000e-01   2.3291800000e-01   -5.7253640000e-01   -6.2801840000e+00   -7.9276120000e-07   2.5760400000e-12   1.7734990000e-12   1.2025050000e-02   9.0000000000e+03   
9.7499020000e-04   2.4545000000e+02   2.8718000000e-04   9.0000000000e+03   3.4827270000e-13   3.4883670000e-13   3.4821300000e-13   7.6708200000e-01   2.3291800000e-01   -1.0299900000e+00   -1.0946880000e+01   -1.6315710000e-06   4.5153800000e-12   3.0673910000e-12   1.2010050000e-02   9.0000000000e+03   
9.8999010000e-04   2.4545000000e+02   2.8718000000e-04   9.0000000000e+03   3.4832930000e-13   3.4937700000e-13   3.4821300000e-13   7.6708200000e-01   2.3291800000e-01   -2.0079110000e+00   -2.0392080000e+01   -3.9383590000e-06   8.4918970000e-12   5.6532000000e-12   1.1995020000e-02   9.0000000000e+03   
1.0049900000e-03   2.4545000000e+02   2.8718000000e-04   9.0000000000e+03   3.4840870000e-13   3.5012410000e-13   3.4821300000e-13   7.6708200000e-01   2.3291800000e-01   -3.3782380000e+00   -3.3440010000e+01   -7.3519270000e-06   1.4004340000e-11   9.2130470000e-12   1.1979980000e-02   9.0000000000e+03   
1.0199900000e-03   2.4545000000e+02   2.8718000000e-04   9.0000000000e+03   3.4861270000e-13   3.5193740000e-13   3.4821300000e-13   7.6708200000e-01   2.3291800000e-01   -6.9058620000e+00   -6.4743080000e+01   -1.9044690000e-05   2.7398360000e-11   1.8181510000e-11   1.1964990000e-02   9.0000000000e+03   
1.0349900000e-03   2.4545000000e+02   2.8718000000e-04   9.0000000000e+03   3.4886390000e-13   3.5414660000e-13   3.4821300000e-13   7.6708200000e-01   2.3291800000e-01   -1.1249360000e+01   -1.0271830000e+02   -3.4234380000e-05   4.3724900000e-11   2.9165570000e-11   1.1950010000e-02   9.0000000000e+03   
1.0499890000e-03   2.4545000000e+02   2.8718000000e-04   9.0000000000e+03   3.4956420000e-13   3.5995690000e-13   3.4821300000e-13   7.6708200000e-01   2.3291800000e-01   -2.3319160000e+01   -1.9920280000e+02   -8.9916670000e-05   8.6849580000e-11   5.8634330000e-11   1.1934990000e-02   9.0000000000e+03   
1.0649890000e-03   2.4545000000e+02   2.8718000000e-04   9.0000000000e+03   3.5065040000e-13   3.6866850000e-13   3.4821300000e-13   7.6708200000e-01   2.3291800000e-01   -4.1912870000e+01   -3.3661690000e+02   -1.9282710000e-04   1.5175530000e-10   1.0310450000e-10   1.1919980000e-02   9.0000000000e+03   
1.0799890000e-03   2.4545000000e+02   2.8718000000e-04   9.0000000000e+03   3.5271940000e-13   3.8476840000e-13   3.4821300000e-13   7.6708200000e-01   2.3291800000e-01   -7.7120740000e+01   -5.7826400000e+02   -4.1601130000e-04   2.7212980000e-10   1.8577780000e-10   1.1905020000e-02   9.0000000000e+03   
1.0949890000e-03   2.4545000000e+02   2.8718000000e-04   9.0000000000e+03   3.5697110000e-13   4.1626330000e-13   3.4821300000e-13   7.6708200000e-01   2.3291800000e-01   -1.4736010000e+02   -9.7047550000e+02   -1.0017260000e-03   5.0829920000e-10   3.5142280000e-10   1.1890030000e-02   9.0000000000e+03   
1.1099890000e-03   2.4545000000e+02   2.8718000000e-04   9.0000000000e+03   3.6305270000e-13   4.6066580000e-13   3.4821300000e-13   7.6708200000e-01   2.3291800000e-01   -2.4697130000e+02   -1.4889270000e+03   -1.8914020000e-03   8.4155610000e-10   5.8663470000e-10   1.1875020000e-02   9.0000000000e+03   
1.1249890000e-03   2.4545000000e+02   2.8718000000e-04   9.0000000000e+03   3.7871790000e-13   5.6848480000e-13   3.4821350000e-13   7.6708200000e-01   2.3291800000e-01   -4.7906410000e+02   -2.2583460000e+03   -4.9397270000e-03   1.6554430000e-09   1.1695360000e-09   1.1860020000e-02   9.0000000000e+03   
1.1399890000e-03   2.4545000000e+02   2.8718000000e-04   9.0000000000e+03   4.0010750000e-13   7.1271610000e-13   3.4821410000e-13   7.6708200000e-01   2.3291800000e-01   -7.7373870000e+02   -3.0862430000e+03   -9.5656670000e-03   2.7464200000e-09   1.9550890000e-09   1.1845010000e-02   9.0000000000e+03   
1.1549880000e-03   2.4545000000e+02   2.8718000000e-04   9.0000000000e+03   4.5189490000e-13   1.0457070000e-12   3.4821470000e-13   7.6708200000e-01   2.3291800000e-01   -1.3488890000e+03   -3.9382680000e+03   -2.3471830000e-02   5.2774870000e-09   3.8010000000e-09   1.1830010000e-02   9.0000000000e+03   
1.1699880000e-03   2.4545000000e+02   2.8718000000e-04   9.0000000000e+03   5.4360730000e-13   1.6113770000e-12   3.4821640000e-13   7.6708200000e-01   2.3291800000e-01   -2.0542190000e+03   -4.6753270000e+03   -5.3887270000e-02   9.5951860000e-09   6.9898060000e-09   1.1815000000e-02   9.0000000000e+03   
1.1849880000e-03   2.4545000000e+02   2.8718000000e-04   9.0000000000e+03   6.9359810000e-13   2.5166890000e-12   3.4822000000e-13   7.6708200000e-01   2.3291800000e-01   -2.9495720000e+03   -5.2445680000e+03   -1.0840130000e-01   1.6520830000e-08   1.2138830000e-08   1.1799990000e-02   9.0000000000e+03   
1.1999880000e-03   2.4545000000e+02   2.8718000000e-04   9.0000000000e+03   1.0470040000e-12   4.5348750000e-12   3.4823050000e-13   7.6708200000e-01   2.3291800000e-01   -3.8168940000e+03   -5.6067900000e+03   -2.7675930000e-01   3.2052500000e-08   2.3883700000e-08   1.1784980000e-02   9.0000000000e+03   
1.2149880000e-03   2.4545000000e+02   2.8718000000e-04   9.0000000000e+03   1.5184130000e-12   7.1855680000e-12   3.4824540000e-13   7.6708200000e-01   2.3291800000e-01   -4.6568560000e+03   -5.8809220000e+03   -5.1887440000e-01   5.2486990000e-08   3.9411080000e-08   1.1769970000e-02   9.0000000000e+03   
1.2299880000e-03   2.4545000000e+02   2.8718000000e-04   9.0000000000e+03   2.7567350000e-12   1.3775420000e-11   3.4829540000e-13   7.6708200000e-01   2.3291800000e-01   -5.1734680000e+03   -6.0021440000e+03   -1.3414970000e+00   1.0361030000e-07   7.8947160000e-08   1.1754970000e-02   9.0000000000e+03   
1.2449870000e-03   2.4545000000e+02   2.8718000000e-04   9.0000000000e+03   4.8878010000e-12   2.4671570000e-11   3.4840170000e-13   7.6708200000e-01   2.3291800000e-01   -5.5799740000e+03   -6.0959840000e+03   -3.0760520000e+00   1.8853980000e-07   1.4549790000e-07   1.1739980000e-02   9.0000000000e+03   
1.2599870000e-03   2.4545000000e+02   2.8718000000e-04   9.0000000000e+03   8.4200920000e-12   4.2326760000e-11   3.4859630000e-13   7.6708200000e-01   2.3291800000e-01   -5.8136600000e+03   -6.1468440000e+03   -6.2419500000e+00   3.2653050000e-07   2.5445020000e-07   1.1725020000e-02   9.0000000000e+03   
1.2749870000e-03   2.4545000000e+02   2.8718000000e-04   9.0000000000e+03   1.6776520000e-11   8.1837280000e-11   3.4919820000e-13   7.6708200000e-01   2.3291800000e-01   -5.9434310000e+03   -6.1769130000e+03   -1.6029040000e+01   6.3748340000e-07   5.0468030000e-07   1.1710020000e-02   9.0000000000e+03   
1.2899870000e-03   2.4545000000e+02   2.8718000000e-04   9.0000000000e+03   2.8849890000e-11   1.3762150000e-10   3.5017480000e-13   7.6708200000e-01   2.3291800000e-01   -6.0312190000e+03   -6.1986450000e+03   -3.1828800000e+01   1.0778120000e-06   8.6189650000e-07   1.1695000000e-02   9.0000000000e+03   
1.3049870000e-03   2.4545000000e+02   2.8718000000e-04   9.0000000000e+03   5.7081070000e-11   2.6217400000e-10   3.5299300000e-13   7.6708200000e-01   2.3291800000e-01   -6.0694860000e+03   -6.2109740000e+03   -7.6947620000e+01   2.0669730000e-06   1.6776740000e-06   1.1679980000e-02   9.0000000000e+03   
1.3199870000e-03   2.4545000000e+02   2.8718000000e-04   9.0000000000e+03   1.1057570000e-10   4.8775690000e-10   3.5968930000e-13   7.6708200000e-01   2.3291800000e-01   -6.0974420000e+03   -6.2212890000e+03   -1.7934070000e+02   3.8694840000e-06   3.1891230000e-06   1.1664980000e-02   9.0000000000e+03   
1.3349870000e-03   2.4545000000e+02   2.8718000000e-04   9.0000000000e+03   1.8976320000e-10   8.1608700000e-10   3.7032960000e-13   7.6708200000e-01   2.3291800000e-01   -6.1149120000e+03   -6.2295560000e+03   -3.3998120000e+02   6.4991680000e-06   5.4080650000e-06   1.1650000000e-02   9.0000000000e+03   
1.3499860000e-03   2.4545000000e+02   2.8718000000e-04   9.0000000000e+03   3.9546210000e-10   1.6198790000e-09   4.0710590000e-13   7.6708200000e-01   2.3291800000e-01   -6.1257730000e+03   -6.2365980000e+03   -7.9633720000e+02   1.2991570000e-05   1.1011840000e-05   1.1635010000e-02   9.0000000000e+03   
1.3649860000e-03   2.4545020000e+02   2.8718000000e-04   9.0000000000e+03   7.3564990000e-10   2.9021880000e-09   4.8016950000e-13   7.6708200000e-01   2.3291800000e-01   -6.1350630000e+03   -6.2433670000e+03   -1.4489310000e+03   2.3403980000e-05   2.0127650000e-05   1.1620030000e-02   9.0000000000e+03   
1.3799860000e-03   2.4545080000e+02   2.8718000000e-04   9.0000000000e+03   1.3476790000e-09   5.1448080000e-09   6.2876070000e-13   7.6708200000e-01   2.3291800000e-01   -6.1425790000e+03   -6.2498470000e+03   -2.4678850000e+03   4.1692040000e-05   3.6320190000e-05   1.1605030000e-02   9.0000000000e+03   
1.3949860000e-03   2.4545150000e+02   2.8718000000e-04   9.0000000000e+03   2.7454900000e-09   9.9972580000e-09   1.0706310000e-12   7.6708200000e-01   2.3291800000e-01   -6.1494810000e+03   -6.2562830000e+03   -3.5294730000e+03   8.1593410000e-05   7.2445290000e-05   1.1590030000e-02   9.0000000000e+03   
1.4099860000e-03   2.4545230000e+02   2.8718000000e-04   9.0000000000e+03   4.9362870000e-09   1.7383680000e-08   1.8728590000e-12   7.6708200000e-01   2.3291800000e-01   -6.1561240000e+03   -6.2627150000e+03   -4.5202100000e+03   1.4261160000e-04   1.2837790000e-04   1.1575020000e-02   9.0000000000e+03   
1.4249860000e-03   2.4545430000e+02   2.8718000000e-04   9.0000000000e+03   9.5577030000e-09   3.2361720000e-08   3.8928410000e-12   7.6708200000e-01   2.3291800000e-01   -6.1626110000e+03   -6.2692080000e+03   -5.0935700000e+03   2.6713500000e-04   2.4448270000e-04   1.1560000000e-02   9.0000000000e+03   
1.4399860000e-03   2.4545830000e+02   2.8718000000e-04   9.0000000000e+03   1.9172270000e-08   6.2007900000e-08   9.2678240000e-12   7.6708200000e-01   2.3291800000e-01   -6.1691040000e+03   -6.2757730000e+03   -5.4355630000e+03   5.1563440000e-04   4.8141550000e-04   1.1545010000e-02   9.0000000000e+03   
1.4549850000e-03   2.4546440000e+02   2.8718010000e-04   9.0000000000e+03   3.3841470000e-08   1.0614040000e-07   1.8515210000e-11   7.6708200000e-01   2.3291800000e-01   -6.1756170000e+03   -6.2824020000e+03   -5.6264310000e+03   8.8709260000e-04   8.3961980000e-04   1.1530040000e-02   9.0000000000e+03   
1.4699850000e-03   2.4547890000e+02   2.8718070000e-04   9.0000000000e+03   6.7912460000e-08   2.0389510000e-07   4.5229800000e-11   7.6708200000e-01   2.3291800000e-01   -6.1822850000e+03   -6.2892220000e+03   -5.6915730000e+03   1.7166080000e-03   1.6576040000e-03   1.1514990000e-02   9.0000000000e+03   
1.4849850000e-03   2.4550710000e+02   2.8718100000e-04   8.9999960000e+03   1.3550070000e-07   3.8881490000e-07   1.1234560000e-10   7.6708200000e-01   2.3291800000e-01   -6.1889600000e+03   -6.2960570000e+03   -5.7319760000e+03   3.2987240000e-03   3.2547850000e-03   1.1499960000e-02   9.0000000000e+03   
1.4999850000e-03   2.4555020000e+02   2.8718100000e-04   8.9999890000e+03   2.3974010000e-07   6.6712080000e-07   2.2877220000e-10   7.6708190000e-01   2.3291790000e-01   -6.1956310000e+03   -6.3028960000e+03   -5.7536200000e+03   5.6900330000e-03   5.6990240000e-03   1.1484970000e-02   9.0000000000e+03   
1.5149850000e-03   2.4564980000e+02   2.8718100000e-04   8.9999830000e+03   4.8456350000e-07   1.2895350000e-06   5.7186150000e-10   7.6708130000e-01   2.3291730000e-01   -6.2022020000e+03   -6.3096490000e+03   -5.7639480000e+03   1.1084520000e-02   1.1355880000e-02   1.1470020000e-02   9.0000000000e+03   
1.5299850000e-03   2.4584640000e+02   2.8718140000e-04   8.9999640000e+03   9.7145310000e-07   2.4697670000e-06   1.4364110000e-09   7.6707980000e-01   2.3291660000e-01   -6.2084540000e+03   -6.3160880000e+03   -5.7718400000e+03   2.1398530000e-02   2.2460920000e-02   1.1455020000e-02   9.0000000000e+03   
1.5449840000e-03   2.4616170000e+02   2.8718230000e-04   8.9999320000e+03   1.7573640000e-06   4.3208000000e-06   3.0431070000e-09   7.6707750000e-01   2.3291580000e-01   -6.2142820000e+03   -6.3221130000e+03   -5.7777260000e+03   3.7653610000e-02   4.0255130000e-02   1.1439990000e-02   9.0000000000e+03   
1.5599840000e-03   2.4684090000e+02   2.8718430000e-04   8.9998700000e+03   3.4701240000e-06   8.1828220000e-06   7.3162010000e-09   7.6707330000e-01   2.3291440000e-01   -6.2186890000e+03   -6.3267600000e+03   -5.7811430000e+03   7.1815730000e-02   7.8630270000e-02   1.1425000000e-02   9.0000000000e+03   
1.5749840000e-03   2.4823930000e+02   2.8718870000e-04   8.9997380000e+03   7.0386230000e-06   1.5836870000e-05   1.8711700000e-08   7.6706500000e-01   2.3291170000e-01   -6.2204570000e+03   -6.3288360000e+03   -5.7814040000e+03   1.4000700000e-01   1.5770700000e-01   1.1410000000e-02   9.0000000000e+03   
1.5899840000e-03   2.5061480000e+02   2.8719610000e-04   8.9995120000e+03   1.3152690000e-05   2.8497170000e-05   4.1981980000e-08   7.6705130000e-01   2.3290690000e-01   -6.2189840000e+03   -6.3277610000e+03   -5.7778770000e+03   2.5323610000e-01   2.9216240000e-01   1.1394990000e-02   9.0000000000e+03   
1.6049840000e-03   2.5504870000e+02   2.8720950000e-04   8.9990900000e+03   2.4659320000e-05   5.1535630000e-05   9.2854360000e-08   7.6702670000e-01   2.3289770000e-01   -6.2110840000e+03   -6.3204430000e+03   -5.7669510000e+03   4.5996720000e-01   5.4340560000e-01   1.1379960000e-02   9.0000000000e+03   
1.6199840000e-03   2.6477790000e+02   2.8723900000e-04   8.9981600000e+03   5.0245280000e-05   1.0008930000e-04   2.3987880000e-07   7.6697320000e-01   2.3287650000e-01   -6.1937080000e+03   -6.3040740000e+03   -5.7443910000e+03   8.9656330000e-01   1.0957180000e+00   1.1364980000e-02   9.0000000000e+03   
1.6349840000e-03   2.8175480000e+02   2.8729090000e-04   8.9965250000e+03   9.5376470000e-05   1.8233270000e-04   5.5763710000e-07   7.6688180000e-01   2.3283960000e-01   -6.1579530000e+03   -6.2698530000e+03   -5.6952810000e+03   1.6304590000e+00   2.0568020000e+00   1.1350000000e-02   8.9999970000e+03   
1.6499830000e-03   3.0793050000e+02   2.8737120000e-04   8.9939920000e+03   1.6540050000e-04   3.0697400000e-04   1.1042620000e-06   7.6674300000e-01   2.3278310000e-01   -6.0986510000e+03   -6.2127400000e+03   -5.6111300000e+03   2.7373960000e+00   3.5369300000e+00   1.1335000000e-02   8.9999900000e+03   
1.6649830000e-03   3.6355480000e+02   2.8754390000e-04   8.9885500000e+03   3.1704780000e-04   5.6224350000e-04   2.6463580000e-06   7.6645860000e-01   2.3265910000e-01   -6.1335560000e+03   -6.2518690000e+03   -5.6198020000e+03   5.0762840000e+00   6.8337250000e+00   1.1319970000e-02   8.9999750000e+03   
1.6799830000e-03   4.4844380000e+02   2.8781290000e-04   8.9800870000e+03   5.5389220000e-04   9.4499870000e-04   5.5630340000e-06   7.6603230000e-01   2.3246300000e-01   -6.2403340000e+03   -6.3641130000e+03   -5.7530480000e+03   8.7612610000e+00   1.2242350000e+01   1.1304990000e-02   8.9999420000e+03   
1.6949830000e-03   5.6520200000e+02   2.8819230000e-04   8.9681760000e+03   8.8711880000e-04   1.4678310000e-03   1.0327550000e-05   7.6545110000e-01   2.3218350000e-01   -6.4227230000e+03   -6.5407810000e+03   -5.9621850000e+03   1.4017320000e+01   2.0319100000e+01   1.1290010000e-02   8.9998840000e+03   
1.7099830000e-03   7.2220380000e+02   2.8871920000e-04   8.9516690000e+03   1.3474370000e-03   2.1694090000e-03   1.7949690000e-05   7.6467410000e-01   2.3179090000e-01   -6.6966240000e+03   -6.7760950000e+03   -6.1778680000e+03   2.1414450000e+01   3.2315350000e+01   1.1275020000e-02   8.9997880000e+03   
1.7249830000e-03   9.3073370000e+02   2.8946770000e-04   8.9283450000e+03   1.9941870000e-03   3.0838450000e-03   3.1139670000e-05   7.6365900000e-01   2.3123200000e-01   -6.9792370000e+03   -7.1652250000e+03   -6.4364010000e+03   3.2301340000e+01   5.0907910000e+01   1.1260000000e-02   8.9996080000e+03   
1.7399830000e-03   1.1766130000e+03   2.9039730000e-04   8.8995220000e+03   2.7832360000e-03   4.1446900000e-03   4.9715280000e-05   7.6247870000e-01   2.3054420000e-01   -7.1782230000e+03   -7.3848530000e+03   -6.6409080000e+03   4.4617570000e+01   7.3786460000e+01   1.1245020000e-02   8.9993340000e+03   
1.7549820000e-03   1.4610340000e+03   2.9152370000e-04   8.8647810000e+03   3.7184270000e-03   5.3529430000e-03   7.4561210000e-05   7.6113260000e-01   2.2972220000e-01   -7.3221060000e+03   -7.4907410000e+03   -6.8067150000e+03   5.8630740000e+01   1.0154370000e+02   1.1230040000e-02   8.9989400000e+03   
1.7699820000e-03   1.7870500000e+03   2.9287380000e-04   8.8233930000e+03   4.8085600000e-03   6.7161840000e-03   1.0701260000e-04   7.5961340000e-01   2.2875550000e-01   -7.4776140000e+03   -7.6374430000e+03   -6.9779150000e+03   7.5087550000e+01   1.3541620000e+02   1.1215060000e-02   8.9983870000e+03   
1.7849820000e-03   2.1632580000e+03   2.9452530000e-04   8.7733550000e+03   6.0781990000e-03   8.2452110000e-03   1.5079620000e-04   7.5790700000e-01   2.2761860000e-01   -7.5992240000e+03   -7.7455610000e+03   -7.1241350000e+03   9.3817810000e+01   1.7637550000e+02   1.1200050000e-02   8.9975560000e+03   
1.7999820000e-03   2.5787140000e+03   2.9642650000e-04   8.7163790000e+03   7.4881290000e-03   9.9166540000e-03   2.0427150000e-04   7.5604440000e-01   2.2634640000e-01   -7.6835860000e+03   -7.8130940000e+03   -7.2297330000e+03   1.1411050000e+02   2.2239200000e+02   1.1185020000e-02   8.9964670000e+03   
1.8149820000e-03   3.0315570000e+03   2.9858420000e-04   8.6524830000e+03   9.0309880000e-03   1.1726140000e-02   2.6791410000e-04   7.5403100000e-01   2.2494380000e-01   -7.7421450000e+03   -7.8533000000e+03   -7.3065920000e+03   1.3597330000e+02   2.7353050000e+02   1.1170010000e-02   8.9950750000e+03   
1.8299820000e-03   3.5190750000e+03   3.0100230000e-04   8.5817910000e+03   1.0696410000e-02   1.3666900000e-02   3.4203920000e-04   7.5187500000e-01   2.2341890000e-01   -7.7891790000e+03   -7.8726290000e+03   -7.3699620000e+03   1.5925660000e+02   3.2999230000e+02   1.1155030000e-02   8.9933380000e+03   
1.8449810000e-03   4.0405840000e+03   3.0371100000e-04   8.5038790000e+03   1.2481300000e-02   1.5743970000e-02   4.2783610000e-04   7.4957300000e-01   2.2177370000e-01   -7.8431830000e+03   -7.8494710000e+03   -7.4392330000e+03   1.8345890000e+02   3.9302080000e+02   1.1140020000e-02   8.9911760000e+03   
1.8599810000e-03   4.5959340000e+03   3.0675250000e-04   8.4181710000e+03   1.4388540000e-02   1.7919200000e-02   5.2662310000e-04   7.4717290000e-01   2.1999330000e-01   -7.8225130000e+03   -7.8877190000e+03   -7.4264650000e+03   2.1031310000e+02   4.5787620000e+02   1.1125000000e-02   8.9884790000e+03   
1.8749810000e-03   5.1776730000e+03   3.1009240000e-04   8.3258330000e+03   1.6395360000e-02   2.0151610000e-02   6.3663330000e-04   7.4472530000e-01   2.1809150000e-01   -7.7981480000e+03   -7.8740500000e+03   -7.3986970000e+03   2.3655450000e+02   5.2773270000e+02   1.1110010000e-02   8.9852680000e+03   
1.8899810000e-03   5.7830440000e+03   3.1374490000e-04   8.2269050000e+03   1.8493800000e-02   2.2462540000e-02   7.5812490000e-04   7.4221500000e-01   2.1607040000e-01   -7.7720170000e+03   -7.8305250000e+03   -7.3596280000e+03   2.6277260000e+02   6.0253270000e+02   1.1095020000e-02   8.9814980000e+03   
1.9049810000e-03   6.4089290000e+03   3.1772630000e-04   8.1214450000e+03   2.0679310000e-02   2.4866850000e-02   8.9137080000e-04   7.3963090000e-01   2.1393150000e-01   -7.7331950000e+03   -7.7766120000e+03   -7.3014650000e+03   2.8932640000e+02   6.8149740000e+02   1.1080030000e-02   8.9771170000e+03   
1.9199810000e-03   7.0521000000e+03   3.2205630000e-04   8.0094770000e+03   2.2952690000e-02   2.7363020000e-02   1.0366800000e-03   7.3697560000e-01   2.1167230000e-01   -7.6711070000e+03   -7.7080480000e+03   -7.2158920000e+03   3.1582250000e+02   7.6394010000e+02   1.1065010000e-02   8.9720690000e+03   
1.9349810000e-03   7.7090500000e+03   3.2678070000e-04   7.8906650000e+03   2.5316730000e-02   2.9954940000e-02   1.1949130000e-03   7.3424980000e-01   2.0928350000e-01   -7.6069130000e+03   -7.6299370000e+03   -7.1199700000e+03   3.4254810000e+02   8.5110850000e+02   1.1049970000e-02   8.9662580000e+03   
1.9499800000e-03   8.3731330000e+03   3.3194290000e-04   7.7649540000e+03   2.7766320000e-02   3.2639540000e-02   1.3662630000e-03   7.3146300000e-01   2.0676500000e-01   -7.5244730000e+03   -7.5371530000e+03   -6.9982250000e+03   3.6884160000e+02   9.4150420000e+02   1.1034990000e-02   8.9595760000e+03   
1.9649800000e-03   9.0399260000e+03   3.3754520000e-04   7.6327110000e+03   3.0296160000e-02   3.5404750000e-02   1.5496110000e-03   7.2862280000e-01   2.0412660000e-01   -7.4335800000e+03   -7.4335420000e+03   -6.8603490000e+03   3.9479880000e+02   1.0351480000e+03   1.1020010000e-02   8.9520430000e+03   
1.9799800000e-03   9.7048610000e+03   3.4362560000e-04   7.4938620000e+03   3.2904600000e-02   3.8248970000e-02   1.7448290000e-03   7.2573330000e-01   2.0136840000e-01   -7.3612350000e+03   -7.3329020000e+03   -6.7130920000e+03   4.2171470000e+02   1.1338480000e+03   1.1005000000e-02   8.9436020000e+03   
1.9949800000e-03   1.0365630000e+04   3.5024920000e-04   7.3479440000e+03   3.5607920000e-02   4.1180490000e-02   1.9519690000e-03   7.2277750000e-01   1.9848230000e-01   -7.2443570000e+03   -7.2019690000e+03   -6.5401260000e+03   4.4622880000e+02   1.2323190000e+03   1.0990020000e-02   8.9341670000e+03   
2.0099800000e-03   1.1021530000e+04   3.5750590000e-04   7.1941800000e+03   3.8434450000e-02   4.4214240000e-02   2.1712650000e-03   7.1972470000e-01   1.9545510000e-01   -7.0947810000e+03   -7.0471120000e+03   -6.3444510000e+03   4.6911640000e+02   1.3315710000e+03   1.0975030000e-02   8.9236310000e+03   
2.0249800000e-03   1.1670870000e+04   3.6549170000e-04   7.0319180000e+03   4.1406360000e-02   4.7361460000e-02   2.4027420000e-03   7.1655220000e-01   1.9227690000e-01   -6.9569370000e+03   -6.8917070000e+03   -6.1375450000e+03   4.9280520000e+02   1.4350880000e+03   1.0960000000e-02   8.9118840000e+03   
2.0399790000e-03   1.2310050000e+04   3.7430150000e-04   6.8608490000e+03   4.4532580000e-02   5.0625440000e-02   2.6459910000e-03   7.1325230000e-01   1.8894410000e-01   -6.8083650000e+03   -6.7237920000e+03   -5.9139430000e+03   5.1594760000e+02   1.5405580000e+03   1.0945010000e-02   8.8988260000e+03   
2.0549790000e-03   1.2936190000e+04   3.8404790000e-04   6.6806980000e+03   4.7822340000e-02   5.4009450000e-02   2.9004510000e-03   7.0981570000e-01   1.8545240000e-01   -6.6487840000e+03   -6.5434840000e+03   -5.6739660000e+03   5.3837820000e+02   1.6474580000e+03   1.0930010000e-02   8.8843580000e+03   
2.0699790000e-03   1.3546880000e+04   3.9486150000e-04   6.4912130000e+03   5.1284720000e-02   5.7516150000e-02   3.1653490000e-03   7.0623430000e-01   1.8179960000e-01   -6.4779920000e+03   -6.3510230000e+03   -5.4182280000e+03   5.5990720000e+02   1.7551620000e+03   1.0915000000e-02   8.8683670000e+03   
2.0849790000e-03   1.4140130000e+04   4.0690880000e-04   6.2920190000e+03   5.4932760000e-02   6.1151780000e-02   3.4400020000e-03   7.0249540000e-01   1.7798050000e-01   -6.2955310000e+03   -6.1463930000e+03   -5.1471770000e+03   5.8033300000e+02   1.8630140000e+03   1.0899980000e-02   8.8507300000e+03   
2.0999790000e-03   1.4713920000e+04   4.2038450000e-04   6.0828360000e+03   5.8778500000e-02   6.4921160000e-02   3.7234220000e-03   6.9858700000e-01   1.7398910000e-01   -6.1012130000e+03   -5.9300950000e+03   -4.8620820000e+03   5.9942860000e+02   1.9703520000e+03   1.0885030000e-02   8.8313340000e+03   
2.1149790000e-03   1.5266290000e+04   4.3552390000e-04   5.8634330000e+03   6.2834080000e-02   6.8830890000e-02   4.0147170000e-03   6.9449990000e-01   1.6982050000e-01   -5.8950600000e+03   -5.7033720000e+03   -4.5653350000e+03   6.1694790000e+02   2.0767610000e+03   1.0870050000e-02   8.8100410000e+03   
2.1299790000e-03   1.5796640000e+04   4.5267550000e-04   5.6328630000e+03   6.7122560000e-02   7.2911870000e-02   4.3155170000e-03   6.9021250000e-01   1.6543800000e-01   -5.6737920000e+03   -5.4586200000e+03   -4.2487780000e+03   6.3229930000e+02   2.1794430000e+03   1.0854990000e-02   8.7866650000e+03   
2.1449780000e-03   1.6302860000e+04   4.7223760000e-04   5.3906510000e+03   7.1663440000e-02   7.7178730000e-02   4.6252090000e-03   6.8570900000e-01   1.6082390000e-01   -5.4396740000e+03   -5.2043800000e+03   -3.9256860000e+03   6.4544200000e+02   2.2808770000e+03   1.0840000000e-02   8.7610260000e+03   
2.1599780000e-03   1.6781750000e+04   4.9466760000e-04   5.1368820000e+03   7.6469770000e-02   8.1636870000e-02   4.9420500000e-03   6.8097880000e-01   1.5597280000e-01   -5.1918350000e+03   -4.9382740000e+03   -3.5945240000e+03   6.5582240000e+02   2.3786470000e+03   1.0825010000e-02   8.7329980000e+03   
2.1749780000e-03   1.7230500000e+04   5.2057900000e-04   4.8713760000e+03   8.1562430000e-02   8.6298130000e-02   5.2644410000e-03   6.7600380000e-01   1.5087100000e-01   -4.9300700000e+03   -4.6604160000e+03   -3.2570400000e+03   6.6298630000e+02   2.4712510000e+03   1.0810010000e-02   8.7023860000e+03   
2.1899780000e-03   1.7645500000e+04   5.5073210000e-04   4.5942920000e+03   8.6960080000e-02   9.1171480000e-02   5.5902390000e-03   6.7076930000e-01   1.4550910000e-01   -4.6544730000e+03   -4.3712100000e+03   -2.9155090000e+03   6.6642980000e+02   2.5567870000e+03   1.0795010000e-02   8.6690480000e+03   
2.2049780000e-03   1.8023190000e+04   5.8613100000e-04   4.3057590000e+03   9.2685880000e-02   9.6268960000e-02   5.9171400000e-03   6.6525360000e-01   1.3987460000e-01   -4.3651630000e+03   -4.0710170000e+03   -2.5722930000e+03   6.6561560000e+02   2.6330520000e+03   1.0780000000e-02   8.6327850000e+03   
2.2199780000e-03   1.8359750000e+04   6.2805440000e-04   4.0063810000e+03   9.8760240000e-02   1.0159880000e-01   6.2421850000e-03   6.5944060000e-01   1.3395810000e-01   -4.0627310000e+03   -3.7606500000e+03   -2.2303820000e+03   6.5998560000e+02   2.6973790000e+03   1.0764990000e-02   8.5934470000e+03   
2.2349780000e-03   1.8651350000e+04   6.7818550000e-04   3.6970340000e+03   1.0520440000e-01   1.0716870000e-01   6.5620230000e-03   6.5331210000e-01   1.2775320000e-01   -3.7480650000e+03   -3.4411690000e+03   -1.8930660000e+03   6.4897410000e+02   2.7466490000e+03   1.0749980000e-02   8.5508860000e+03   
2.2499770000e-03   1.8894550000e+04   7.3882500000e-04   3.3786510000e+03   1.1204800000e-01   1.1299130000e-01   6.8731900000e-03   6.4684100000e-01   1.2124730000e-01   -3.4221420000e+03   -3.1136640000e+03   -1.5636940000e+03   6.3202220000e+02   2.7773190000e+03   1.0734970000e-02   8.5048890000e+03   
2.2649770000e-03   1.9085350000e+04   8.1301070000e-04   3.0531210000e+03   1.1931200000e-01   1.1906950000e-01   7.1711980000e-03   6.4000790000e-01   1.1443910000e-01   -3.0868070000e+03   -2.7800810000e+03   -1.2465020000e+03   6.0861740000e+02   2.7851020000e+03   1.0719970000e-02   8.4553430000e+03   
2.2799770000e-03   1.9212450000e+04   9.1779110000e-04   2.7234680000e+03   1.2707810000e-01   1.2543820000e-01   7.4478030000e-03   6.3274170000e-01   1.0729340000e-01   -2.7149190000e+03   -2.4164740000e+03   -9.3638090000e+02   5.7123380000e+02   2.7303890000e+03   1.0704990000e-02   8.4016300000e+03   
2.2949770000e-03   1.9278230000e+04   1.0534420000e-03   2.3990230000e+03   1.3531010000e-01   1.3205260000e-01   7.6978220000e-03   6.2507110000e-01   9.9868510000e-02   -2.3396440000e+03   -2.0525330000e+03   -6.4780990000e+02   5.2578800000e+02   2.6319230000e+03   1.0690020000e-02   8.3441530000e+03   
2.3099770000e-03   1.9281350000e+04   1.2231830000e-03   2.0880090000e+03   1.4401320000e-01   1.3888750000e-01   7.9130220000e-03   6.1698570000e-01   9.2201570000e-02   -1.9813710000e+03   -1.7066470000e+03   -3.9114930000e+02   4.7612920000e+02   2.5018330000e+03   1.0674990000e-02   8.2829240000e+03   
2.3249770000e-03   1.9222860000e+04   1.4284160000e-03   1.7990170000e+03   1.5318030000e-01   1.4589730000e-01   8.0844820000e-03   6.0848500000e-01   8.4353700000e-02   -1.6541650000e+03   -1.3913610000e+03   -1.7259780000e+02   4.2565580000e+02   2.3520900000e+03   1.0660020000e-02   8.2180160000e+03   
2.3399760000e-03   1.9100600000e+04   1.6643430000e-03   1.5453920000e+03   1.6281850000e-01   1.5301040000e-01   8.1963270000e-03   5.9954900000e-01   7.6425780000e-02   -1.3765560000e+03   -1.1232230000e+03   -1.2609690000e-01   3.7898080000e+02   2.2017690000e+03   1.0644990000e-02   8.1492510000e+03   
2.3549760000e-03   1.8926250000e+04   1.9100460000e-03   1.3325070000e+03   1.7283210000e-01   1.6010330000e-01   8.2444000000e-03   5.9025090000e-01   6.8569900000e-02   -1.1514940000e+03   -9.0425810000e+02   1.3071990000e+02   3.3910540000e+02   2.0692110000e+03   1.0629990000e-02   8.0770890000e+03   
2.3699760000e-03   1.8713370000e+04   2.1436270000e-03   1.1595920000e+03   1.8309820000e-01   1.6705510000e-01   8.2313910000e-03   5.8068480000e-01   6.0930560000e-02   -9.7234160000e+02   -7.2817380000e+02   2.2765290000e+02   3.0650330000e+02   1.9619270000e+03   1.0615030000e-02   8.0020570000e+03   
2.3849760000e-03   1.8469740000e+04   2.3453820000e-03   1.0274830000e+03   1.9353000000e-01   1.7372040000e-01   8.1558010000e-03   5.7090970000e-01   5.3684220000e-02   -8.3435630000e+02   -5.9110510000e+02   2.9383070000e+02   2.8106870000e+02   1.8827450000e+03   1.0599980000e-02   7.9240720000e+03   
2.3999760000e-03   1.8207410000e+04   2.5074570000e-03   9.2824080000e+02   2.0397880000e-01   1.7998790000e-01   8.0302810000e-03   5.6104950000e-01   4.6953230000e-02   -7.2642830000e+02   -4.8341200000e+02   3.3635060000e+02   2.6107000000e+02   1.8265150000e+03   1.0584980000e-02   7.8435870000e+03   
2.4149760000e-03   1.7935220000e+04   2.6345460000e-03   8.5224170000e+02   2.1434790000e-01   1.8582540000e-01   7.8703100000e-03   5.5119080000e-01   4.0765580000e-02   -6.3844880000e+02   -3.9621250000e+02   3.6149860000e+02   2.4457800000e+02   1.7856260000e+03   1.0570020000e-02   7.7608880000e+03   
2.4299760000e-03   1.7657740000e+04   2.7275790000e-03   7.9558550000e+02   2.2450720000e-01   1.9110940000e-01   7.6847360000e-03   5.4144220000e-01   3.5256590000e-02   -5.6730120000e+02   -3.2733080000e+02   3.7079140000e+02   2.3083190000e+02   1.7570490000e+03   1.0555010000e-02   7.6758080000e+03   
2.4449750000e-03   1.7379110000e+04   2.8005620000e-03   7.4949370000e+02   2.3443960000e-01   1.9593960000e-01   7.4884050000e-03   5.3183580000e-01   3.0296660000e-02   -5.0595680000e+02   -2.6988770000e+02   3.6990350000e+02   2.1843920000e+02   1.7344660000e+03   1.0540050000e-02   7.5887180000e+03   
2.4599750000e-03   1.7101480000e+04   2.8570580000e-03   7.1185400000e+02   2.4402290000e-01   2.0022210000e-01   7.2893080000e-03   5.2248050000e-01   2.5985030000e-02   -4.5364360000e+02   -2.2357100000e+02   3.5923030000e+02   2.0703660000e+02   1.7159370000e+03   1.0525060000e-02   7.4992720000e+03   
2.4749750000e-03   1.6825570000e+04   2.9053060000e-03   6.7854090000e+02   2.5328240000e-01   2.0407610000e-01   7.0945230000e-03   5.1337270000e-01   2.2174000000e-02   -4.0706030000e+02   -1.8464290000e+02   3.4217450000e+02   1.9606890000e+02   1.6987740000e+03   1.0510040000e-02   7.4077420000e+03   
2.4899750000e-03   1.6551790000e+04   2.9484130000e-03   6.4828710000e+02   2.6215420000e-01   2.0748140000e-01   6.9096520000e-03   5.0457720000e-01   1.8877950000e-02   -3.6565760000e+02   -1.5255520000e+02   3.1937730000e+02   1.8533670000e+02   1.6816890000e+03   1.0495010000e-02   7.3137450000e+03   
2.5049750000e-03   1.6280220000e+04   2.9895730000e-03   6.1975010000e+02   2.7062370000e-01   2.1049370000e-01   6.7384640000e-03   4.9611820000e-01   1.6025980000e-02   -3.2832160000e+02   -1.2583440000e+02   2.9234080000e+02   1.7468530000e+02   1.6636490000e+03   1.0480030000e-02   7.2173540000e+03   
2.5199750000e-03   1.6010160000e+04   3.0304660000e-03   5.9225890000e+02   2.7869300000e-01   2.1315980000e-01   6.5830010000e-03   4.8800550000e-01   1.3558300000e-02   -2.9432900000e+02   -1.0346380000e+02   2.6206250000e+02   1.6403270000e+02   1.6440380000e+03   1.0464970000e-02   7.1184590000e+03   
2.5349750000e-03   1.5741350000e+04   3.0727560000e-03   5.6543130000e+02   2.8632950000e-01   2.1549800000e-01   6.4460620000e-03   4.8027860000e-01   1.1447660000e-02   -2.6333320000e+02   -8.4898130000e+01   2.2919080000e+02   1.5332630000e+02   1.6220240000e+03   1.0450040000e-02   7.0168280000e+03   
2.5499740000e-03   1.5473180000e+04   3.1165820000e-03   5.3905570000e+02   2.9351600000e-01   2.1754110000e-01   6.3294100000e-03   4.7296220000e-01   9.6517010000e-03   -2.3503140000e+02   -6.9530020000e+01   1.9454630000e+02   1.4259520000e+02   1.5974220000e+03   1.0435050000e-02   6.9123190000e+03   
2.5649740000e-03   1.5204830000e+04   3.1632230000e-03   5.1298830000e+02   3.0026700000e-01   2.1932990000e-01   6.2333100000e-03   4.6605130000e-01   8.1187000000e-03   -2.0894720000e+02   -5.6705110000e+01   1.5874880000e+02   1.3180290000e+02   1.5693690000e+03   1.0420040000e-02   6.8047490000e+03   
2.5799740000e-03   1.4935970000e+04   3.2127680000e-03   4.8718640000e+02   3.0656580000e-01   2.2088920000e-01   6.1587650000e-03   4.5956840000e-01   6.8178850000e-03   -1.8492860000e+02   -4.6057960000e+01   1.2249390000e+02   1.2100590000e+02   1.5377760000e+03   1.0405050000e-02   6.6940250000e+03   
2.5949740000e-03   1.4665400000e+04   3.2657780000e-03   4.6165000000e+02   3.1240980000e-01   2.2224540000e-01   6.1061220000e-03   4.5352300000e-01   5.7157250000e-03   -1.6274300000e+02   -3.7205720000e+01   8.6303480000e+01   1.1021660000e+02   1.5020060000e+03   1.0390040000e-02   6.5798030000e+03   
2.6099740000e-03   1.4392340000e+04   3.3225960000e-03   4.3634460000e+02   3.1779810000e-01   2.2342200000e-01   6.0758610000e-03   4.4792110000e-01   4.7833220000e-03   -1.4225120000e+02   -2.9887560000e+01   5.0961820000e+01   9.9494590000e+01   1.4632090000e+03   1.0375050000e-02   6.4617590000e+03   
2.6249740000e-03   1.4116420000e+04   3.3835430000e-03   4.1132150000e+02   3.2272260000e-01   2.2443570000e-01   6.0685230000e-03   4.4277600000e-01   3.9975960000e-03   -1.2331950000e+02   -2.3841350000e+01   1.7061440000e+01   8.8894370000e+01   1.4207450000e+03   1.0360050000e-02   6.3397700000e+03   
2.6399730000e-03   1.3836700000e+04   3.4490950000e-03   3.8660200000e+02   3.2718000000e-01   2.2530440000e-01   6.0846310000e-03   4.3809280000e-01   3.3379820000e-03   -1.0583140000e+02   -1.8857160000e+01   -1.4777680000e+01   7.8467030000e+01   1.3741960000e+03   1.0344990000e-02   6.2134980000e+03   
2.6549730000e-03   1.3552380000e+04   3.5199440000e-03   3.6222060000e+02   3.3115750000e-01   2.2603820000e-01   6.1250300000e-03   4.3389060000e-01   2.7885430000e-03   -8.9720970000e+01   -1.4775370000e+01   -4.3820430000e+01   6.8278910000e+01   1.3229530000e+03   1.0330030000e-02   6.0825170000e+03   
2.6699730000e-03   1.3263180000e+04   3.5961940000e-03   3.3820490000e+02   3.3467510000e-01   2.2665710000e-01   6.1883550000e-03   4.3015120000e-01   2.3285880000e-03   -7.4859900000e+01   -1.1410910000e+01   -6.9519010000e+01   5.8393570000e+01   1.2668710000e+03   1.0315010000e-02   5.9468840000e+03   
2.6849730000e-03   1.2967780000e+04   3.6789300000e-03   3.1459830000e+02   3.3771540000e-01   2.2716680000e-01   6.2750750000e-03   4.2689500000e-01   1.9477680000e-03   -6.1229250000e+01   -8.6708330000e+00   -9.1039420000e+01   4.8885210000e+01   1.2050670000e+03   1.0299980000e-02   5.8059730000e+03   
2.6999730000e-03   1.2665940000e+04   3.7684880000e-03   2.9143270000e+02   3.4029760000e-01   2.2758170000e-01   6.3830310000e-03   4.2410640000e-01   1.6318170000e-03   -4.8752030000e+01   -6.4395700000e+00   -1.0785560000e+02   3.9819450000e+01   1.1372570000e+03   1.0285040000e-02   5.6597850000e+03   
2.7149730000e-03   1.2356380000e+04   3.8659540000e-03   2.6874880000e+02   3.4241230000e-01   2.2790740000e-01   6.5107890000e-03   4.2179660000e-01   1.3723320000e-03   -3.7425240000e+01   -4.6542680000e+00   -1.1919410000e+02   3.1277680000e+01   1.0625620000e+03   1.0270030000e-02   5.5077170000e+03   
2.7299730000e-03   1.2037930000e+04   3.9727670000e-03   2.4655510000e+02   3.4407550000e-01   2.2815620000e-01   6.6547980000e-03   4.1995330000e-01   1.1595950000e-03   -2.7200400000e+01   -3.2458850000e+00   -1.2458580000e+02   2.3315700000e+01   9.8015970000e+02   1.0254970000e-02   5.3493480000e+03   
2.7449720000e-03   1.1709850000e+04   4.0897400000e-03   2.2493460000e+02   3.4530020000e-01   2.2833600000e-01   6.8100360000e-03   4.1856680000e-01   9.8620780000e-04   -1.8066550000e+01   -2.1661580000e+00   -1.2371420000e+02   1.6002900000e+01   8.8946250000e+02   1.0240000000e-02   5.1844730000e+03   
2.7599720000e-03   1.1370410000e+04   4.2187690000e-03   2.0391040000e+02   3.4609270000e-01   2.2845460000e-01   6.9701310000e-03   4.1763600000e-01   8.4668650000e-04   -1.0032060000e+01   -1.3820710000e+00   -1.1630690000e+02   9.4092950000e+00   7.8936080000e+02   1.0225040000e-02   5.0123780000e+03   
2.7749720000e-03   1.1018560000e+04   4.3616890000e-03   1.8350520000e+02   3.4648340000e-01   2.2852230000e-01   7.1266800000e-03   4.1713210000e-01   7.3506760000e-04   -3.0541760000e+00   -8.5119270000e-01   -1.0271510000e+02   3.5607840000e+00   6.7925730000e+02   1.0210000000e-02   4.8327270000e+03   
2.7899720000e-03   1.0652540000e+04   4.5211120000e-03   1.6379810000e+02   3.4648560000e-01   2.2854740000e-01   7.2691390000e-03   4.1704890000e-01   6.4813270000e-04   2.8449570000e+00   -5.4603200000e-01   -8.3355670000e+01   -1.4797880000e+00   5.5847640000e+02   1.0195030000e-02   4.6449770000e+03   
2.8049720000e-03   1.0270470000e+04   4.7001600000e-03   1.4481050000e+02   3.4613110000e-01   2.2854020000e-01   7.3861870000e-03   4.1736030000e-01   5.8248320000e-04   7.7011420000e+00   -4.2512870000e-01   -5.9246400000e+01   -5.7018080000e+00   4.2714070000e+02   1.0180030000e-02   4.4484260000e+03   
2.8199720000e-03   9.8697900000e+03   4.9033840000e-03   1.2660820000e+02   3.4544540000e-01   2.2850910000e-01   7.4653820000e-03   4.1804380000e-01   5.3625180000e-04   1.1532170000e+01   -4.4348020000e-01   -3.1772020000e+01   -9.0873730000e+00   2.8660090000e+02   1.0164980000e-02   4.2422290000e+03   
2.8349720000e-03   9.4453910000e+03   5.1378810000e-03   1.0918740000e+02   3.4445240000e-01   2.2845970000e-01   7.4951400000e-03   4.1908390000e-01   5.0827960000e-04   1.4372200000e+01   -5.4381380000e-01   -2.8640000000e+00   -1.1635680000e+01   1.4071260000e+02   1.0150030000e-02   4.0244560000e+03   
2.8499710000e-03   8.9922610000e+03   5.4126770000e-03   9.2618340000e+01   3.4317070000e-01   2.2839880000e-01   7.4653190000e-03   4.2046530000e-01   4.9895360000e-04   1.6261770000e+01   -6.5783050000e-01   2.4963570000e+01   -1.3353700000e+01   -3.7771460000e+00   1.0134990000e-02   3.7932750000e+03   
2.8649710000e-03   8.5057060000e+03   5.7398430000e-03   7.6967470000e+01   3.4163150000e-01   2.2832770000e-01   7.3717850000e-03   4.2215920000e-01   5.0969440000e-04   1.7271710000e+01   -7.1009080000e-01   4.8628950000e+01   -1.4276580000e+01   -1.3714670000e+02   1.0120040000e-02   3.5471520000e+03   
2.8799710000e-03   7.9792490000e+03   6.1380310000e-03   6.2321800000e+01   3.3985910000e-01   2.2824450000e-01   7.2177630000e-03   4.2413460000e-01   5.4375890000e-04   1.7475520000e+01   -6.2716560000e-01   6.4575030000e+01   -1.4446330000e+01   -2.4818320000e+02   1.0104990000e-02   3.2839500000e+03   
2.8949710000e-03   7.4030690000e+03   6.6379500000e-03   4.8771270000e+01   3.3787260000e-01   2.2814010000e-01   7.0175760000e-03   4.2636300000e-01   6.0669980000e-04   1.6950680000e+01   -3.4940160000e-01   6.9089650000e+01   -1.3917830000e+01   -3.2677090000e+02   1.0090060000e-02   3.0003590000e+03   
2.9099710000e-03   6.7627420000e+03   7.2916770000e-03   3.6393030000e+01   3.3568230000e-01   2.2799880000e-01   6.8000890000e-03   4.2881150000e-01   7.0718830000e-04   1.5786680000e+01   1.4534670000e-01   5.9413420000e+01   -1.2771490000e+01   -3.6751890000e+02   1.0075010000e-02   2.6914680000e+03   
2.9249710000e-03   6.0404140000e+03   8.1931250000e-03   2.5353330000e+01   3.3330010000e-01   2.2779080000e-01   6.6124270000e-03   4.3143850000e-01   8.5875220000e-04   1.4062410000e+01   8.2430200000e-01   3.5279490000e+01   -1.1103260000e+01   -3.6999260000e+02   1.0060010000e-02   2.3517950000e+03   
2.9399700000e-03   5.2034320000e+03   9.5475420000e-03   1.5816130000e+01   3.3070130000e-01   2.2747220000e-01   6.5199190000e-03   4.3422130000e-01   1.0846460000e-03   1.1831870000e+01   1.5771260000e+00   1.4916720000e+00   -9.0168900000e+00   -3.3742640000e+02   1.0045030000e-02   1.9705540000e+03   
2.9549700000e-03   4.1935800000e+03   1.1895700000e-02   8.0345120000e+00   3.2781820000e-01   2.2695960000e-01   6.6128400000e-03   4.3718080000e-01   1.4285670000e-03   9.1167140000e+00   2.1883350000e+00   -3.0252790000e+01   -6.6216140000e+00   -2.7327910000e+02   1.0030060000e-02   1.5276490000e+03   
2.9699700000e-03   2.8780060000e+03   1.7416210000e-02   2.4400730000e+00   3.2443480000e-01   2.2609190000e-01   7.0395750000e-03   4.4043980000e-01   1.9938130000e-03   5.8265410000e+00   2.2494440000e+00   -4.2176120000e+01   -3.9774270000e+00   -1.7564830000e+02   1.0015010000e-02   9.7056590000e+02   
2.9849700000e-03   5.0845000000e+02   9.9164600000e-02   2.5269400000e-04   3.1954000000e-01   2.2446700000e-01   8.0975300000e-03   4.4475800000e-01   3.1368600000e-03   4.5635200000e-02   2.1368900000e-02   -2.2915300000e-01   -3.1113700000e-02   -1.1748100000e+00   1.0000000000e-02   3.1319900000e+00   
