 0  1.85392971059544e-96  3.68832005406507e-49  7.74632282066032e-20  0.789999999999998  0.210000000000002  873.951967263698  24666.2428135726  
 1e-08  1.23729762983359e-05  5.72874113761335e-05  2.19339523704799e-09  0.78996629656202  0.20996404085691  873.961927410375  24665.6345813  
 2.4783013584452e-08  3.06712858740955e-05  0.000141955337580205  1.42353139215456e-08  0.78991646972314  0.209910889418091  873.97665027999  24664.7355273895  
 1.13481095091164e-07  0.000140636851178464  0.000649452762370126  3.00906846371571e-07  0.789617445723641  0.209592163755964  874.064956535283  24659.34371571  
 6.45669584131436e-07  0.000806729967777266  0.00367616658842019  9.63717720413839e-06  0.787821072287849  0.207686393978749  874.593677092462  24627.082533928  
 1.84576276118788e-06  0.00234808448965638  0.0103882935968868  7.6655356331309e-05  0.783756760732867  0.203430205824258  875.77889829354  24554.881649549  
 3.06951846174225e-06  0.00397560765308202  0.0170757816335323  0.000205725633879343  0.779594034588353  0.199148850491153  876.97743727724  24481.9952747267  
 4.33910020227768e-06  0.00572392130981152  0.0238526005013629  0.000397492684838193  0.775256566887297  0.19476941861669  878.210259601967  24407.0954428467  
 5.6650383986304e-06  0.00761600529293421  0.0307627535202426  0.000652448286047064  0.770706163479324  0.190262629421452  879.486565629728  24329.5568141221  
 6.1070923376776e-06  0.00826211168388741  0.0330299078681081  0.00074834357711916  0.769184424646477  0.188775212224409  879.909561904461  24303.843578397  
 6.22665379842502e-06  0.00843819496709348  0.0336400306983632  0.000775134683291737  0.76877243603697  0.188374203614282  880.023733315342  24296.8992018326  
 6.94402256290952e-06  0.00950671703502358  0.0372737791059651  0.000943028655143114  0.766296831179242  0.185979644024626  880.706639314212  24255.3174128706  
 8.43295738864794e-06  0.0117914087566918  0.0446726731337209  0.00132575708416236  0.761138104732875  0.18107205629255  882.112762076998  24169.4167381971  
 1.00488307450177e-05  0.014375924464379  0.0524948466343546  0.001781577829466  0.755507294269083  0.175840356802717  883.622403713445  24076.6692472353  
 1.1883082398417e-05  0.0174464310448306  0.0611294479215914  0.00233180768471551  0.749073408443523  0.170018904905339  885.31688570169  23971.7751756817  
 1.42277557738045e-05  0.0215886860767074  0.0718157349474437  0.00305621800451341  0.740782801654903  0.162756559316432  887.455719017567  23837.9612902704  
 1.61259809125233e-05  0.0251231939037782  0.0801991959011818  0.00363806241882303  0.734017027865794  0.157022519910423  889.166843731645  23729.6260942097  
 1.72411124521104e-05  0.0272749429500188  0.0850185975324788  0.00397123719727868  0.730020961435819  0.153714260884404  890.164072776663  23665.92522998  
 1.78247264262739e-05  0.0284231152876263  0.0875107719127493  0.00414195983692153  0.727923576993632  0.152000575969071  890.683626047485  23632.5602649844  
 1.81474762149067e-05  0.0290645264625613  0.0888802605242301  0.00423513882417604  0.726761976496903  0.15105809769213  890.970193034185  23614.0984683151  
 1.98643884645943e-05  0.0325527322162919  0.0960629347798731  0.00471394888164329  0.720563470987597  0.146106913134594  892.485624789712  23515.7569530062  
 2.1557711069966e-05  0.0361153237548554  0.102981828280553  0.00515435159740157  0.714421787269936  0.141326709097254  893.965495003064  23418.5498279249  
 2.3173793913465e-05  0.0396236914825066  0.109436004531692  0.00554149113349609  0.708538828766439  0.136859984085866  895.364106084192  23325.5969435984  
 2.47879529657482e-05  0.0432276599195923  0.115739560230956  0.00589369473245718  0.702647270714554  0.13249181440244  896.747275907884  23232.6210653104  
 2.56292383215691e-05  0.0451434105427628  0.118968804782602  0.00606324940887658  0.699572344970706  0.130252190295052  897.462424594368  23184.1263623966  
 2.59894912940033e-05  0.0459712724523635  0.120339913556108  0.00613290251636229  0.698254994042336  0.12930091743283  897.767350608756  23163.3539274047  
 2.75859044086433e-05  0.0496914846080417  0.12633148985146  0.00642033425898352  0.692415015655032  0.125141675626483  899.108782145484  23071.2839434856  
 2.92265617050327e-05  0.0535969546551075  0.132345920372688  0.00668020938694909  0.686413982343037  0.120962933242218  900.470014424359  22976.689909858  
 3.08868942727078e-05  0.0576258574880635  0.138284558991216  0.0069078639674179  0.680348524762991  0.116833194790311  901.828522588964  22881.0808801626  
 3.25734894149911e-05  0.0617886625467519  0.144164338351911  0.00710463975335375  0.674201913495022  0.112740445852961  903.187588318796  22784.1812640264  
 3.30737111567365e-05  0.0630355921141913  0.145878507214058  0.00715665319758857  0.672382808109498  0.111546439364663  903.586365050877  22755.4990708279  
 3.3192050974132e-05  0.0633313551966589  0.146282045369849  0.00716854787617523  0.671952755239859  0.111265296317457  903.680397599322  22748.7177398828  
 3.3902089878505e-05  0.0651118916820723  0.148687260453734  0.00723668769095662  0.669375045219889  0.109589114953348  904.242078971003  22708.065855176  
 3.56235970674976e-05  0.0694680450724516  0.15440458025578  0.0073798892993676  0.663146345809487  0.105601139562915  905.585463783967  22609.7983939455  
 3.74169655000808e-05  0.0740572620488063  0.160188142531869  0.00749839501769063  0.656695236657432  0.101560963744202  906.955828497415  22507.9613458607  
 3.92628824014663e-05  0.0788254177819262  0.165956997412092  0.00759101941035125  0.650102727402272  0.0975238379933584  908.333503922488  22403.8218064999  
 4.05585779589945e-05  0.0821939055413546  0.169894633105462  0.00764006645921914  0.645508041234267  0.0947633536596971  909.279607688593  22331.1949875725  
 4.15824158342723e-05  0.0848657454858163  0.172940991172641  0.00767036628380802  0.641898283135143  0.0926246139225913  910.014335823262  22274.1040461172  
 4.35369631004047e-05  0.0899853285124898  0.178597403134425  0.00770952475178504  0.635062394367377  0.0886453492339234  911.384007793591  22165.8997817198  
 4.55877947867472e-05  0.0953747900805171  0.184308847897983  0.00772740381597314  0.627973866050293  0.0846150921552336  912.772947550226  22053.5641909057  
 4.77120206506092e-05  0.100965348597977  0.189985262548254  0.00772464044034539  0.620729514078123  0.0805952343353007  914.157458224167  21938.6067755313  
 4.89068508340308e-05  0.104109736474568  0.193072086168445  0.00771489378561581  0.616700864925963  0.0784024186454086  914.91123372937  21874.6046860076  
 4.94891444210374e-05  0.10564141860918  0.194548993637393  0.00770823328603924  0.614749961215039  0.0773513932523494  915.271872433869  21843.5898201085  
 5.16891536710871e-05  0.111420449381329  0.199968308271422  0.00767300232554027  0.607454714873772  0.0734835251479374  916.594053849887  21727.4806799415  
 5.40034457715801e-05  0.117478791939512  0.205398761018358  0.0076211712756786  0.599913384974088  0.0695878907923621  917.914886224196  21607.2225187438  
 5.63755165763754e-05  0.123656791757421  0.210683371739081  0.00755534146980698  0.592329568805312  0.0657749262283785  919.192828223833  21486.0257227479  
 5.87969218257299e-05  0.129921644808656  0.215791554768426  0.0074775793426009  0.584743674091468  0.0620655469888487  920.417009710801  21364.5061025072  
 6.12615803621606e-05  0.136247448396191  0.220702507868194  0.00738982796013327  0.577186129097449  0.0584740866780318  921.578847990228  21243.1204421702  
 6.31964644391872e-05  0.141173146635291  0.224359987812007  0.0073161563095795  0.571369760420925  0.0557809488221976  922.431057894603  21149.4601950278  
 6.49862431947615e-05  0.145695187539785  0.227592686654105  0.00724503287644829  0.566081179485339  0.0533859134443227  923.172558377663  21064.1049302795  
 6.75428302251801e-05  0.152093788364752  0.231967307952239  0.00713956140433345  0.558679192070288  0.0501201502083876  924.154227527773  20944.3107883726  
 7.01371422805838e-05  0.158509477096825  0.236124646912269  0.00702907870582559  0.551350243115123  0.0469865541699568  925.057771167824  20825.2882002784  
 7.13836873763644e-05  0.161563309537449  0.238024736511975  0.00697509186121529  0.547893521111186  0.0455433409781745  925.459011074142  20768.9983938478  
 7.19442696922695e-05  0.162930398567809  0.23885910997323  0.00695066514467486  0.546352612270089  0.0449072140441977  925.632592757881  20743.8740103247  
 7.45951974507168e-05  0.169341696261152  0.242640082646238  0.00683422084974235  0.539179238776174  0.0420047614666936  926.396466725021  20626.6440160148  
 7.7295249040609e-05  0.17577910986133  0.246221394617776  0.00671465086987793  0.532062920365189  0.039221924285828  927.079109086116  20509.8824117272  
 7.91977318489383e-05  0.180257677363981  0.24858854575924  0.00663020821072597  0.527161799079013  0.0373617695870402  927.50332660095  20429.1776758307  
 8.02083869709173e-05  0.182617337426887  0.249795350194909  0.00658537217605075  0.524595633587961  0.0364063066141929  927.709952449506  20386.8236271909  
 8.07990721827131e-05  0.18399016330472  0.250484755852092  0.00655918987946681  0.523107730341004  0.0358581606227166  927.824833737904  20362.2355805233  
 8.35959160990968e-05  0.190426985075802  0.253594119552544  0.00643561679422976  0.516180362736826  0.0333629158405972  928.310759470483  20247.4531573495  
 8.64461944164879e-05  0.196878556148322  0.256510496469748  0.00631072371769663  0.509316684282892  0.0309835393813404  928.709487044988  20133.2017513165  
 8.82465542759469e-05  0.200897181353434  0.25822787808868  0.0062325727698269  0.505080724458773  0.0295616433292855  928.912472597582  20062.412630757  
 8.94963499630419e-05  0.203661165094158  0.259365591958853  0.00617871605543635  0.502184490389302  0.02861003650225  929.031742931941  20013.8859442  
 8.99276685123078e-05  0.204610159478834  0.259748121466995  0.00616021040154408  0.501193294086248  0.0282882145663794  929.068908611184  19997.255303621  
 9.25155798079027e-05  0.210251554314  0.261937665157108  0.00605011733687898  0.495334422483511  0.0264262407085026  929.249690503799  19898.7061770658  
 9.55309718600217e-05  0.216711571272243  0.264270277307842  0.00592405802642164  0.488694355161574  0.0243997382319203  929.371412365652  19786.4814943143  
 9.81671832505111e-05  0.222260104842113  0.266128256642104  0.00581599583064083  0.483048546877397  0.0227470958077452  929.402221796153  19690.5831155473  
 9.92892907581499e-05  0.224593988124363  0.266870359963389  0.00577064223187336  0.480689267327259  0.0220757423531156  929.394688673436  19650.3736923247  
 9.96169554601918e-05  0.225272379196484  0.267081739132606  0.0057574730401215  0.480005197141746  0.0218832114890427  929.390259250432  19638.7006050799  
 0.000101582943672443  0.229313225780791  0.268300819156152  0.00567917845872778  0.475946250130187  0.0207605264741422  929.342926067871  19569.3023973609  
 0.000104777638290066  0.235772536716471  0.270109455709729  0.00555465706516103  0.469513016100873  0.0190503344077661  929.192189586127  19458.8148522762  
 0.000108039160405027  0.24223214326579  0.271749998077775  0.00543109979423828  0.463145432639315  0.0174413262228815  928.947959163762  19348.8197140796  
 0.000109362913971513  0.244815558712271  0.272360104720808  0.00538200322131361  0.460616831977179  0.0168255013684286  928.823815448128  19304.9546349467  
 0.000109989172128664  0.246030112105297  0.272637996429674  0.00535898971898331  0.459431546216584  0.0165413555294618  928.760270732381  19284.3567015622  
 0.000113339962124384  0.252446030747097  0.274012601694921  0.00523820240742054  0.453206723608182  0.0150964415423798  928.370363468517  19175.809795905  
 0.00011678639423669  0.258902122307611  0.275240926757916  0.00511811543262855  0.447003376749034  0.0137354587528098  927.885156547679  19066.9844014952  
 0.000120310745276037  0.265357448421635  0.276318791750051  0.00499967312747589  0.440859324357666  0.0124647623431724  927.305662416772  18958.5100424633  
 0.000121201977895076  0.266966754265338  0.276564693020877  0.00497041837161149  0.439336492003507  0.0121616423386662  927.14635862736  18931.5124051082  
 0.000121425648435766  0.267369188624339  0.276624783924143  0.00496312035212465  0.438956226355155  0.0120866807442381  927.105619093435  18924.7642045528  
 0.000122767671679903  0.269771650419855  0.276971951319502  0.00491970159277467  0.436690601306677  0.0116460953611917  926.855020394656  18884.505162734  
 0.000126419818229098  0.276205476902179  0.277805806265894  0.00480472805244914  0.430660440671334  0.0105235481081437  926.121245799202  18776.8935248827  
 0.000130170081299509  0.282656787247073  0.278505915168244  0.00469145101320973  0.424666613415847  0.0094792331556265  925.293007614952  18669.2325249046  
 0.00013401303496699  0.289108526690206  0.279075193703002  0.00458030378865408  0.418723015205291  0.00851296061284729  924.370889725922  18561.736295222  
 0.000137953472680455  0.295561365601561  0.279519066563965  0.00447139209780098  0.412826850444974  0.00762132529169927  923.353321840511  18454.3169444064  
 0.000138593506576325  0.296594258669588  0.279578828380116  0.0044541754011415  0.41188741358004  0.00748532396911425  923.181505916866  18437.1263439398  
 0.000138721513355499  0.296800332648092  0.279590385500868  0.00445074772717601  0.411700126143565  0.00745840798029947  923.146945323734  18433.6969264668  
 0.000139489554030544  0.298033257553075  0.279657002271847  0.0044302908078671  0.410580573188723  0.00729887617848837  922.938241950317  18413.1813908037  
 0.000143534587087031  0.304428360526419  0.279934323198249  0.0043255920786219  0.404799763626275  0.00651196057043577  921.802372132374  18306.8170016169  
 0.000147725841962741  0.310884172526728  0.2801022814288  0.00422235364507219  0.399007087601705  0.0057841047976948  920.564072733075  18199.468685337  
 0.000152034530756587  0.317345648285605  0.280163282477269  0.00412156558936375  0.393250365411219  0.00511913823654278  919.230978305449  18091.9699659399  
 0.000156467566623989  0.323814168418133  0.28012264165296  0.00402327739867874  0.387526237113551  0.00451367541667724  917.80069679581  17984.2093327868  
 0.000157839365301001  0.325779911668676  0.280090985743728  0.00399393398350749  0.385794072696047  0.00434109590804111  917.346743318248  17951.4186433769  
 0.000159023500922581  0.327463323297411  0.280056938851949  0.00396900134535301  0.384313334129659  0.00419740237562736  916.950989221687  17923.322100453  
 0.000163638243367543  0.333907348963022  0.27986928927987  0.00387523990783133  0.37866693345867  0.00368118839060706  915.377998244202  17815.6474552258  
 0.00016842411245393  0.34039977905751  0.279592535882726  0.00378348430962348  0.373011403915077  0.00321279683506392  913.698537027357  17706.8978779473  
 0.000170921391660313  0.343712834278914  0.279419197160239  0.00373771577934211  0.370137572552444  0.00299268022906173  912.80415040259  17651.2691308105  
 0.000172345789257275  0.345580096672263  0.279312323834944  0.00371223488623374  0.368521328120442  0.00287401648611783  912.288764534301  17619.8694130827  
 0.000172916201164567  0.346323339500818  0.279267981926957  0.00370215558293018  0.367878680494191  0.00282784249510295  912.081389472782  17607.3619097326  
 0.000176338672608314  0.350729289062449  0.27898458517061  0.00364314089254332  0.364076804700483  0.00256618017391521  910.826734710267  17533.1172952289  
 0.000181539670871176  0.357253338230884  0.278503169027753  0.00355806026556912  0.35847048038465  0.00221495209114375  908.887999656765  17422.8156908415  
 0.000186937567394218  0.363813358427616  0.277949665326332  0.00347526819783155  0.352859292304504  0.00190241574371608  906.838526794612  17311.3716482139  
 0.000188188656197849  0.365304038203311  0.277814745941381  0.00345683789160131  0.351587642215428  0.00183673574827872  906.358486681552  17285.9613653506  
 0.000188445942765895  0.365609232810335  0.277786720249264  0.00345308194544323  0.351327441163607  0.00182352383135068  906.25956804681  17280.7551923321  
 0.000189989662174171  0.367430706195267  0.277616652785217  0.00343078790694419  0.349775546151641  0.00174630696093075  905.66479319668  17249.6579696814  
 0.000195682555445943  0.374006985622844  0.276964169207844  0.00335202664541145  0.344186887707788  0.00148993081611225  903.453681192671  17136.9890348249  
 0.000201625583612999  0.380643543962021  0.27624866179855  0.0032752490248168  0.338568182231193  0.00126436298341948  901.118327312976  17022.5732149187  
 0.000203916989771786  0.383142146064804  0.275965504567722  0.00324703559402787  0.336457887170773  0.00118742660267269  900.211180130149  16979.286205948  
 0.00020507515523756  0.384392591743661  0.275821109054761  0.00323305650051956  0.33540276406257  0.0011504786384879  899.751343186262  16957.5763328111  
 0.000205306788330715  0.38464168746925  0.275792134857762  0.00323028290790626  0.33519265499229  0.00114323977279207  899.659291472988  16953.2481298633  
 0.000206696586889645  0.386129357203064  0.275617663604857  0.0032137946820191  0.333938350838368  0.0011008336716928  899.106496477346  16927.3758699506  
 0.000213076329910776  0.392809556227379  0.274805327790214  0.00314134831983709  0.32831666853948  0.000927099123088942  896.559025586782  16810.6830715151  
 0.00021977366336855  0.39956883720617  0.27393896745398  0.00307062984892726  0.322644683631733  0.000776881859190525  893.869306412956  16691.6555400989  
 0.000222118473436898  0.401876331236762  0.273633848704591  0.00304706749926307  0.320711779555193  0.000730973004190751  892.924329593903  16650.7786358965  
 0.000223414310868435  0.403138755727884  0.273465021187924  0.00303429915403813  0.319654980677335  0.000706943252818598  892.401439286562  16628.3593772993  
 0.000223673478354742  0.403390158645207  0.273431243748864  0.00303176667529955  0.319444583394129  0.000702247536500386  892.296832852307  16623.8903677042  
 0.000225228483272585  0.404891061497332  0.273228525929573  0.00301671766545228  0.318188873385021  0.000674821522621632  891.669132940594  16597.1812421824  
 0.000232475445464648  0.411719791906462  0.272284397536651  0.00294973471517002  0.312483581859197  0.000562493982520662  888.742960404274  16475.0092490924  
 0.000240128553992672  0.418646259416994  0.271293574046515  0.00288419427925044  0.306708538933833  0.000467433323407986  885.652815988586  16349.8961194776  
 0.000248196005337693  0.425648358101263  0.270262355986063  0.00282027782773388  0.300880949971048  0.000388058113891603  882.397168732426  16222.0496208194  
 0.000250008451283042  0.427180982502512  0.270033085879417  0.00280658996635601  0.299606656754744  0.000372684896970623  881.666148348099  16193.8677935412  
 0.000250499346315845  0.42759359711639  0.269971157202532  0.00280292299609148  0.299263661987826  0.00036866069716079  881.468222751561  16186.2685448047  
 0.000253444716512661  0.43004726594216  0.269601157518266  0.00278127226066201  0.297224603631761  0.000345700647150961  880.282082371579  16140.9828858649  
 0.000262198537565787  0.437123427426767  0.268518701548896  0.00272027463278448  0.291349508024878  0.000288088366674027  876.771375035134  16009.4204620395  
 0.000271538184266152  0.444333913970176  0.267395048978433  0.00266020662927577  0.285369999335614  0.000240831086500943  873.05026390441  15873.7697095308  
 0.000275636158979562  0.447392870254043  0.26691289972868  0.00263532700186267  0.282835122228912  0.000223780786502076  871.425609681978  15815.6966054153  
 0.000279734133692972  0.450390512921601  0.266437603166016  0.00261128110180247  0.28035199713373  0.000208605676850599  869.805864015611  15758.465509282  
 0.000280494624913537  0.45094020311123  0.26635016122871  0.00260690693770524  0.279896751061296  0.000205977661058454  869.505855066692  15747.9358540615  
 0.000280646723157649  0.451049895940287  0.266332701631916  0.00260603533463399  0.279805908321559  0.000205458771603395  869.445886245273  15745.8334847629  
 0.000281559312622327  0.451706343829061  0.266228145897343  0.00260082812981605  0.279262290578673  0.000202391565107748  869.086306791729  15733.2441345037  
 0.000287034849410389  0.455584440521035  0.265608109612985  0.00257036822653939  0.276051538323316  0.000185543316124931  866.937206731121  15658.5888347701  
 0.000297767263189993  0.462896176579103  0.26442928399001  0.00251428260740066  0.27000121348199  0.000159043341497103  862.766042231616  15516.4612918023  
 0.000309293292649343  0.470347801264397  0.263216862239873  0.00245881165506143  0.263838651456127  0.000137873384542315  858.345913720968  15369.624712457  
 0.000312652981922212  0.472446152512225  0.262873751170211  0.00244348152877332  0.262103821024982  0.000132793763809953  857.068822033355  15327.888477413  
 0.000313971248826884  0.473260735982968  0.262740374358951  0.00243756357466381  0.261430411636169  0.00013091444724862  856.569106871212  15311.6388189596  
 0.000314234902207818  0.473423066499017  0.262713783308712  0.00243638641403511  0.261296217869463  0.000130545908772215  856.469279601556  15308.3977202689  
 0.000315816822493424  0.474392975224874  0.26255482535181  0.00242936780507337  0.260494447257278  0.000128384360963904  855.871187521073  15289.013545787  
 0.00032530834420706  0.480069384061661  0.261621994391913  0.0023887829950731  0.255802821982513  0.000117016568839245  852.313652233478  15174.9008469674  
 0.000338243631778703  0.487430688863008  0.260406744246724  0.00233732877731222  0.249720205101537  0.000105033011419413  847.548827307148  15025.1338060159  
 0.000346440980491859  0.491886315150435  0.259668679641512  0.00230678917798147  0.246039224893014  9.89911370581011e-05  844.577453007056  14933.4417624804  
 0.000349844097090116  0.493690782659292  0.259369313017451  0.00229454495540083  0.244548598400381  9.67609674749921e-05  843.354567584852  14896.0729947798  
 0.000351792084879967  0.494712063463332  0.259199770983351  0.00228764598661909  0.243704970668626  9.5548898072859e-05  842.657355606293  14874.8618113764  
 0.000352205758547992  0.494927866097764  0.259163936076153  0.00228619100104976  0.243526709591937  9.52972330964244e-05  842.509577410391  14870.3743672944  
 0.000354687800556138  0.496214845345364  0.258950160004269  0.00227753374036111  0.242463633344073  9.38275659322576e-05  841.62517243056  14843.5764675321  
 0.000367485027457114  0.50264401095774  0.257880640672115  0.00223477383985291  0.237153370207453  8.72043228390595e-05  837.125739045739  14708.7531584769  
 0.000373692632476614  0.505643463520194  0.257380866566945  0.00221508976954729  0.234676112970752  8.44671725622505e-05  834.978776637378  14645.2896831995  
 0.000379170461805089  0.508228776222298  0.256949739798228  0.00219825280411575  0.232540971658727  8.22595166307852e-05  833.102978958727  14590.2892566971  
 0.000381254395700124  0.509197575345469  0.256788103669651  0.00219197347404697  0.231740882379312  8.14651315216846e-05  832.394015141415  14569.6074082573  
 0.000382086041456443  0.509581969392533  0.256723959313421  0.00218948637719636  0.231423430276326  8.11546405241092e-05  832.111857213298  14561.3914590246  
 0.000387075915994359  0.511862040781752  0.256343353274801  0.00217478387554154  0.229540457019057  7.93650488494147e-05  830.42812116091  14512.5411816503  
 0.00040190649479307  0.518383164273289  0.255253712293184  0.00213318497074224  0.224155259134268  7.46793285167921e-05  825.514798511316  14371.6928985411  
 0.000407054839487372  0.520561736159384  0.254889366855219  0.00211942971186413  0.222356231373648  7.32358998843409e-05  823.840070251685  14324.2504578535  
 0.000410304800410927  0.521915369286203  0.254662912083655  0.00211091756318798  0.221238435434251  7.23656327026827e-05  822.790851770172  14294.671444158  
 0.000411480724608549  0.522401102202701  0.254581638866437  0.00210786941671202  0.220837331468025  7.20580461251483e-05  822.412751258033  14284.0387540154  
 0.000411715909448073  0.522497992895609  0.254565426241264  0.00210726177902894  0.220757322103657  7.19969804410192e-05  822.337235907723  14281.9167462078  
 0.00041312701848522  0.523077555349018  0.254468443155328  0.00210362978233081  0.220278738025149  7.16336881739344e-05  821.884875114994  14269.2162630418  
 0.000421593672708098  0.526491992140176  0.253896894726988  0.00208232208268716  0.217459232576078  6.95584740706723e-05  819.196722101722  14194.1299410487  
 0.000437752345379109  0.532723055619181  0.252853143536047  0.00204381116415707  0.212313967942054  6.60217385601265e-05  814.186360943913  14055.9090848755  
 0.000442829107511672  0.534607511682453  0.252537317903258  0.00203225425804304  0.210757909343435  6.50068128109388e-05  812.643580499613  14013.791916546  
 0.000445148978332443  0.535457461942282  0.252394847284635  0.00202705486293404  0.210056079452799  6.45564573506383e-05  811.943460791838  13994.7465904207  
 0.000445612952496597  0.53562662302088  0.252366490461486  0.00202602099118773  0.20991639816847  6.44673579757354e-05  811.803818207388  13990.9527064684  
 0.000448396797481521  0.536635843974363  0.252197301561369  0.00201985911283886  0.209083055969824  6.39393816052242e-05  810.968689753292  13968.2958681958  
 0.000462858776988951  0.541725083005136  0.251343854061095  0.00198894071183992  0.204880758000389  6.13642215395855e-05  806.703890649534  13853.4480346721  
 0.000480234369386851  0.547518705691148  0.25037178831493  0.00195403087228422  0.200096886585921  5.85885357162504e-05  801.73674743131  13721.4510823931  
 0.000483031858341688  0.548420640943371  0.250220416852586  0.00194862171600802  0.199352150840946  5.81696470894694e-05  800.952409088638  13700.7778778623  
 0.000483591356132655  0.548600036946494  0.250190307604991  0.00194754657826583  0.199204022139822  5.80867304271951e-05  800.79606441114  13696.6622351777  
 0.00048694834287846  0.549669553299547  0.25001079487948  0.00194114176900639  0.198320914935046  5.75951169205833e-05  799.861701969457  13672.1011226069  
 0.000502625373115267  0.554513438710137  0.249197602377534  0.00191223126615148  0.194321303782263  5.54238639141465e-05  795.580456368726  13560.3253461748  
 0.000520952526601414  0.559879932509863  0.248296380106752  0.00188036413604054  0.189890208193523  5.31150538223159e-05  790.739898021143  13435.4273399661  
 0.000524624065832576  0.560918895703036  0.248121869647003  0.00187421187836686  0.18903234389607  5.26788755238417e-05  789.790582892949  13411.1134848661  
 0.0005253856510894  0.561132950982434  0.248085914446191  0.00187294495284151  0.188855600188092  5.25894304409605e-05  789.594518855825  13406.0989862682  
 0.000529955162630345  0.562406922652047  0.247871915443853  0.00186540848589133  0.187803693383187  5.20600350213585e-05  788.424411952451  13376.2208507026  
 0.000547282197395033  0.567081875406363  0.24708651994321  0.00183779912499406  0.183943646571276  5.0158954155679e-05  784.082777854117  13266.0752832377  
 0.000566650306229314  0.572033450710428  0.246254494196526  0.00180861288285871  0.179855229965146  4.8212245041398e-05  779.400052260122  13148.5190786121  
 0.000571288566802888  0.573178909223137  0.246062000193775  0.0018018665380226  0.178909452899776  4.77711452895549e-05  778.304116244593  13121.1895288589  
 0.000573074137837323  0.573615872075179  0.24598856698402  0.00179929327509497  0.178548663896515  4.76037691909817e-05  777.884812701076  13110.7510424027  
 0.000583787564043934  0.576192112009745  0.245555604010805  0.00178412181979048  0.176421535257151  4.66269025089431e-05  775.399625520147  13049.0745119851  
 0.000603622471190901  0.580765063580314  0.244787018876743  0.00175717741548138  0.1726458069316  4.49331958621203e-05  770.932301310234  12939.0217664672  
 0.000624325599746712  0.585284707989029  0.244027348781437  0.00173050517648727  0.168914130992943  4.33070601037592e-05  766.444674125819  12829.5062349798  
 0.000642181906448279  0.588991026274852  0.243404373087682  0.00170857812008164  0.165854015054367  4.20074630174804e-05  762.711700529893  12739.1620631095  
 0.000663654886988466  0.593230969462057  0.242691720011341  0.00168340205936901  0.16235335189733  4.05565699035805e-05  758.384400841063  12635.2471967351  
 0.000678842781583173  0.596096651814588  0.242210076723017  0.00166631732836378  0.159987357656204  3.95964778263885e-05  755.424437187877  12564.6625844831  
 0.000685241160415962  0.597272643361604  0.242012432033695  0.00165928793148917  0.159016429572345  3.92071008670755e-05  754.201370207953  12535.6129153274  
 0.000687856133799818  0.597748088341899  0.241932527181146  0.00165644267754285  0.158623891358711  3.90504407013744e-05  753.705551802886  12523.8552033358  
 0.000703545974102952  0.600539616160051  0.241463395203929  0.00163969334220362  0.156319155760135  3.81395336817298e-05  750.779873974999  12454.6846538862  
 0.00072627221971148  0.604406299650814  0.240813651837821  0.00161635460706637  0.153126792033083  3.69018712152838e-05  746.685727412955  12358.4808974817  
 0.000749857462040171  0.608213891070693  0.240173943772963  0.00159319306843358  0.149983263167226  3.57089206844319e-05  742.605785066447  12263.289271879  
 0.000774102009642676  0.611927319492163  0.239550177679378  0.00157041033223511  0.146917523705076  3.45687911475521e-05  738.579300346724  12169.9994790006  
 0.00078440401484892  0.613447636078295  0.239294840698276  0.00156102240436008  0.145662392431961  3.41083871083725e-05  736.917008043145  12131.6733088932  
 0.000789427175719401  0.614177013346585  0.239172350660983  0.00155650531234338  0.14506024188758  3.38887925085047e-05  736.116641906251  12113.258598445  
 0.000790431807893497  0.614321968348339  0.23914800793878  0.00155560653308876  0.144940571925908  3.38452538841055e-05  735.957371319774  12109.5969879254  
 0.000796459600938074  0.61518534030466  0.239003024359322  0.00155024577369174  0.144227802918585  3.35866437412833e-05  735.007346241941  12087.7754031655  
 0.000819412151559101  0.618376303184452  0.238467255055397  0.00153031555054217  0.141593485127796  3.26410818126461e-05  731.475310066715  12006.9359308264  
 0.000845317152657949  0.621804440344957  0.237891818669932  0.00150868232146373  0.138763416355942  3.16423077044605e-05  727.643637138556  11919.7502294962  
 0.000852914849432233  0.622777052662311  0.237728590876232  0.00150249990781617  0.137960494517246  3.13620363946446e-05  726.54947043805  11894.9500882215  
 0.000854672012270604  0.622999950898416  0.237691185265466  0.00150108013676184  0.137776485697712  3.12980016446467e-05  726.298294529819  11889.2628223836  
 0.000865214989300831  0.624321545477489  0.23746941872504  0.00149263917157307  0.136685476815504  3.09198103941001e-05  724.805821520159  11855.5140299622  
 0.000891181667844243  0.627465442441081  0.236941985658716  0.00147239452581285  0.134090147417167  3.00299572233444e-05  721.233077977746  11775.03349573  
 0.000909832888757213  0.62963130557047  0.236578736615125  0.00145830530531238  0.132302227898832  2.94246102601483e-05  718.753196064234  11719.42530507  
 0.000918339173221087  0.630594770625161  0.236417177652499  0.00145199866442698  0.131506895785563  2.91572723488622e-05  717.645110969608  11694.644739583  
 0.000920795407469297  0.630870221372456  0.23637099198586  0.00145019107034876  0.131279514502097  2.9081069239169e-05  717.327777770266  11687.5554656004  
 0.000935532812958559  0.632497629763143  0.236098151137791  0.00143946908024058  0.129936117122473  2.86328963528659e-05  715.448116224423  11645.6300261581  
 0.000963805550300606  0.635503369951642  0.235594377720631  0.00141946734847214  0.127454971019428  2.78139598263422e-05  711.95463389699  11568.0094525486  
 0.000986953347961004  0.637857145146926  0.235200020256151  0.00140361453078131  0.125512039826964  2.71802391772066e-05  709.198808281394  11507.0527173973  
 0.0010101011456214  0.640120777785394  0.234820891992249  0.00138820343543768  0.123643549827449  2.65769594707395e-05  706.53194254935  11448.289489818  
 0.00103171359217203  0.642157642412536  0.234479856018749  0.00137419076233931  0.121962271532238  2.60392741372826e-05  704.118720365844  11395.3011807644  
 0.00106307774701602  0.644990308444269  0.234005764155208  0.00135446230024572  0.119624165950983  2.52991492942533e-05  700.741069495324  11321.430867458  
 0.00107961880307817  0.646428799857357  0.233765096598164  0.00134433203458125  0.118436844954134  2.49265557640798e-05  699.016069583952  11283.8362879128  
 0.0010903354973748  0.647341319748124  0.233612458174801  0.00133786573218993  0.117683664980321  2.46913645636543e-05  697.918457664801  11259.9604013596  
 0.00112176549508811  0.649933436709085  0.233179008077602  0.00131932210708612  0.115544204901206  2.40282050200475e-05  694.786723182959  11192.0271858385  
 0.00115611150587627  0.652631015806634  0.232728148013404  0.00129973695581415  0.113317753909895  2.33453142531382e-05  691.505508953975  11121.1518936483  
 0.0011767441665162  0.654188158323813  0.232468004189457  0.00128829303623161  0.11203259012727  2.29543232288398e-05  689.601056592724  11080.1553236595  
 0.00118339743465762  0.654680606156776  0.232385750490484  0.00128465229036823  0.111626159900794  2.28311615782601e-05  688.997185815946  11067.1772756308  
 0.00118472808828591  0.654778541821867  0.232369393240463  0.00128392699898974  0.111545331239985  2.28066986956853e-05  688.877004092454  11064.5955891605  
 0.00119271201005561  0.655362324609612  0.232271896396398  0.00127959501972471  0.111063522887992  2.26610862738465e-05  688.16001606971  11049.2018019862  
 0.00122543692671764  0.657688627968849  0.231883501456702  0.00126218294626123  0.109143603419386  2.20842088022938e-05  685.292640114685  10987.7792363025  
 0.00126282452670511  0.660222680074373  0.231460644271369  0.00124293447437974  0.107052279609088  2.14615707891145e-05  682.150267244364  10920.722506029  
 0.00128827147995926  0.661876951779404  0.231184726193671  0.00123020506074706  0.105687058780593  2.10581855847062e-05  680.088050444247  10876.8609329225  
 0.00130433123296016  0.662893179408924  0.231015280220434  0.00122232001439464  0.104848408734777  2.08116214693388e-05  678.816993801885  10849.8832860833  
 0.00131085270832074  0.663299904879975  0.230947473780783  0.00121915023824434  0.104512757869924  2.07132310732691e-05  678.307412970576  10839.0794673034  
 0.00134497023989487  0.66537389400338  0.23060181386976  0.00120285958493769  0.102801218595984  2.02139459381664e-05  675.701219096115  10783.9298567539  
 0.00138593799540686  0.667751173254168  0.230205820984675  0.00118391759648053  0.100839441850366  1.96463143099466e-05  672.6978300022  10720.5929928949  
 0.00142847226359932  0.670098340115678  0.22981507659596  0.00116492487355992  0.0989025679043178  1.90905104841548e-05  669.715334773879  10657.9265313397  
 0.00147241481653619  0.672403760085656  0.229431513329166  0.00114598131862206  0.09700019629904  1.85489675156984e-05  666.768982719945  10596.2433589819  
 0.00148667539689024  0.673127418146536  0.229311162769393  0.00113997541298202  0.0964030637584832  1.83799126063036e-05  665.840677410037  10576.8545610603  
 0.001492917289802  0.673440531230415  0.229259096278864  0.00113736808111649  0.0961446974781025  1.83069315015104e-05  665.438530107683  10568.4618152082  
 0.00153036864727251  0.675274315271376  0.22895424898957  0.00112198980887156  0.094631564576837  1.78813533463817e-05  663.07737033837  10519.2649798736  
 0.001577168943698  0.677463236794438  0.228590562578131  0.00110338527482979  0.0928254382132355  1.7377139365937e-05  660.245503496831  10460.4408045685  
 0.00162586929529679  0.679628831626846  0.228230970158497  0.00108470720681966  0.0910386088779908  1.68821298468651e-05  657.4291755601  10402.1337490116  
 0.00167623017239142  0.681757292258177  0.227877759058357  0.00106608162754607  0.0892824677871411  1.63992687787527e-05  654.64668624852  10344.7169725534  
 0.00170785079127504  0.683039991882427  0.227665003377067  0.00105472754133523  0.0882241671606526  1.61100385184434e-05  652.962813211368  10310.0614950036  
 0.00172972767066073  0.68390448373493  0.227521657222286  0.00104702123002342  0.0875109218394569  1.59159733037879e-05  651.825020828172  10286.683142633  
 0.00178135453212929  0.685874102765841  0.227195195254504  0.0010292993252961  0.0858859262364292  1.54764179301876e-05  649.224061505568  10233.3554293593  
 0.00183683080190869  0.687887163988886  0.226861726154332  0.0010109457198507  0.0842251335390939  1.50305978373102e-05  646.553107286539  10178.7580451915  
 0.00188819470362841  0.689662663118406  0.226567773833915  0.000994554001776655  0.0827603688437753  1.46402021271733e-05  644.186571001421  10130.5230505396  
 0.00190335770088583  0.690171496318922  0.226483559265847  0.000989821389319497  0.0823405941899282  1.45288359827508e-05  643.506483080519  10116.6855794529  
 0.00190678398431286  0.690285539330005  0.226464686190496  0.000988758623306947  0.082246511942779  1.45039134126871e-05  643.35394640568  10113.5834328299  
 0.00192734168487503  0.690962692828242  0.226352636094201  0.000982432437838195  0.0816878824426278  1.4356197090388e-05  642.447387880972  10095.1576993872  
 0.00198473451824157  0.692791064710783  0.22605020117658  0.000965214016008186  0.0801795606111293  1.39594854997915e-05  639.992351171571  10045.3536850642  
 0.00204718051255653  0.694682919404687  0.225737435978162  0.000947185108415991  0.078618907367256  1.35521414787687e-05  637.440775159733  9993.73715422404  
 0.00211194400373608  0.696546057446168  0.225429587456334  0.000929218889158812  0.0770819820958806  1.3154112458102e-05  634.916497594816  9942.81893016  
 0.00217383345571598  0.69823973439914  0.225149879455678  0.000912710977775875  0.0756848798389211  1.27953284844265e-05  632.612012547621  9896.45968707802  
 0.00224290200998452  0.7000375767933  0.224853114212201  0.000895005400631498  0.0742018859558948  1.24176379733283e-05  630.155621245298  9847.17494468636  
 0.00231459030401238  0.701808720678489  0.2245609027193  0.000877379091592172  0.0727409488728653  1.20486377531862e-05  627.725279557665  9798.5450817495  
 0.00237754900689279  0.703290589724916  0.224316527080775  0.000862493784223311  0.0715186471072155  1.17423028706349e-05  625.683787874832  9757.79740555968  
 0.00244050770977319  0.704708627169157  0.224082765971623  0.000848138472831779  0.0703490168884305  1.1451497957473e-05  623.72337348249  9718.75434135542  
 0.00251893850999059  0.706392352990147  0.223805316967069  0.000830954045128348  0.0689602668492946  1.11091483609402e-05  621.386972880275  9672.33262950746  
 0.00260063320675141  0.708055982103841  0.223531296505405  0.000813827130050561  0.0675881203324341  1.07739282682633e-05  619.069050388507  9626.39548533125  
 0.00268537297860782  0.709692347352186  0.223261876367944  0.000796842202385286  0.0662384868532957  1.04472241888178e-05  616.779826792676  9581.14179653293  
 0.00275619102657997  0.710995520480575  0.223047387242909  0.000783223380918026  0.0651636795185095  1.01893770876605e-05  614.950098793036  9545.05302349887  
 0.00282700907455212  0.712244298989643  0.222841907446614  0.000770100507025551  0.0641337487093768  9.94434734042608e-06  613.19126930206  9510.4302119847  
 0.00291023176256199  0.713647096857436  0.222611150307672  0.000755274992650247  0.0629768064447719  9.67139747013646e-06  611.209035409038  9471.48896528855  
 0.00298464547344953  0.71484624153874  0.222413946062116  0.000742534433426859  0.0619878379116109  9.44005410581958e-06  609.509069871953  9438.15979940332  
 0.00304061506773957  0.715716002634849  0.222270936981378  0.000733258640219734  0.0612705282140884  9.27352946462388e-06  608.272903083452  9413.96221552736  
 0.00314035016756341  0.717201906829537  0.222026671372999  0.000717344393569322  0.0600450859984777  8.99140541678426e-06  606.154848021135  9372.57696842794  
 0.0032453389799765  0.718683896351112  0.221783110919151  0.000701391517198383  0.0588228881941234  8.7130184149138e-06  604.034489750672  9331.24158893633  
 0.00332177943175312  0.719713883041336  0.221613867296145  0.000690262271661193  0.0579734659602291  8.52143062879002e-06  602.556164785321  9302.47830081546  
 0.0033704960477479  0.720350068958878  0.221509343022594  0.000683372652980912  0.0574488114614215  8.40390412557379e-06  601.641153803151  9284.69808663656  
 0.00348180188131897  0.721748052776636  0.221279686967004  0.000668192187647636  0.0562959203191526  8.14774955936678e-06  599.625302444255  9245.58830626751  
 0.00359993932113917  0.723153122974486  0.221048904758263  0.00065288291724434  0.0551371960997312  7.8932502748592e-06  597.59198115023  9206.22545310547  
 0.0036694241819136  0.723944428731264  0.220918946303359  0.000644242302643389  0.0544846313444023  7.75131833120121e-06  596.443636271681  9184.03274916884  
 0.00370592768555037  0.724350277232739  0.220852295521812  0.000639806331660348  0.0541499419797848  7.67893400348423e-06  595.853774874028  9172.64377119077  
 0.00382743762401424  0.725654884547114  0.22063805897401  0.000625526764551219  0.0530740816533559  7.44806096890068e-06  593.953510777129  9136.00247387044  
 0.0039590743309059  0.726993005919925  0.220418337015284  0.000610852685564767  0.0519705902378797  7.21414134641888e-06  591.997780829966  9098.36942001337  
 0.00407044758146749  0.728068914893303  0.220241679630151  0.000599039013391424  0.0510833382099207  7.02825323417797e-06  590.420335397651  9068.07291318516  
 0.00415821352589325  0.728883023428695  0.220108009093675  0.000590096045749967  0.0504119824164736  6.88901540636126e-06  589.223815801805  9045.12641115726  
 0.00430212856308993  0.730158139499417  0.219898645978305  0.000576082514880874  0.0493604587291831  6.67327821426425e-06  587.344650943609  9009.14726918052  
 0.00445274622646028  0.731419096554609  0.219691605055155  0.000562222026622118  0.0483206135735598  6.4627900538378e-06  585.48015668116  8973.52018414438  
 0.00458176238875804  0.732444289308739  0.219523268553821  0.000550956646941247  0.0474751916664809  6.2938240180106e-06  583.959669977756  8944.51889960043  
 0.00468402234688368  0.733223467512887  0.219395319497381  0.000542401613438645  0.0468326445678138  6.1668084798504e-06  582.801312561045  8922.45612266113  
 0.00484932136080799  0.734425019563522  0.219197998607123  0.000529221149401614  0.0458417874661658  5.97321378804928e-06  581.010356648979  8888.39777000256  
 0.0050222171347077  0.735611094207845  0.21900319893227  0.000516229802500248  0.0448636922045147  5.78485287097056e-06  579.236823248547  8854.73450831075  
 0.00520230422942279  0.736776392369366  0.218811785918008  0.00050349159370303  0.0439027275949848  5.60252393828954e-06  577.488813182357  8821.61778072822  
 0.00534939424927023  0.737679472140431  0.21866342159636  0.000493644281019349  0.0431579987632744  5.46321891499053e-06  576.130387725024  8795.92410822043  
 0.00554276335467561  0.738805562930526  0.218478390182829  0.000481395939521152  0.0422293590852334  5.29186189093589e-06  574.431867260679  8763.84959800266  
 0.00574462814924837  0.739913189327861  0.21829635674192  0.000469386788654522  0.0413159412442105  5.1258973542206e-06  572.756103325433  8732.26126201233  
 0.00595513080280198  0.741000886991605  0.2181175586695  0.000457636791053885  0.0404189520725656  4.96547527569699e-06  571.105503643528  8701.20207566716  
 0.00614050949029925  0.741906706365108  0.217968622013219  0.0004478911606477  0.0396719465277145  4.83393331107555e-06  569.727154286759  8675.30716932591  
 0.00636776824847481  0.742956336878883  0.217795997981746  0.000436644165608582  0.0388063372078371  4.68376592552958e-06  568.125676782803  8645.26751276691  
 0.00660522040051358  0.743987621218878  0.217626343982841  0.000425646101190225  0.0379558500853183  4.53861177261716e-06  566.547635966273  8615.71703524939  
 0.00685321156070597  0.744999773897558  0.217459787812426  0.000414907253738199  0.0371211325489388  4.39848733848692e-06  564.994415502329  8586.6794017191  
 0.00700297481788411  0.745581440460465  0.217364045598948  0.000408764181021767  0.0366414306858197  4.31907374557945e-06  564.099804462952  8569.97611431779  
 0.00707392918157671  0.745849692474666  0.2173198850589  0.000405938222959187  0.0364202015254596  4.28271801501378e-06  563.68674174371  8562.26909568975  
 0.00733097248911628  0.746784256276735  0.217166002410631  0.000396128513214046  0.0356494554235471  4.15737587283107e-06  562.245244608739  8535.399443387  
 0.0076116205860466  0.74774264605473  0.217008143578756  0.000386128670841002  0.0348590507320179  4.03096365425728e-06  560.763039615181  8507.81335496688  
 0.00790537344034438  0.748682794187005  0.216853233941455  0.000376382005649038  0.0340836807929624  3.90907292881366e-06  559.30509855632  8480.7207673594  
 0.00821297830175332  0.749604648107298  0.216701281712426  0.000366889768273024  0.0333233887834549  3.79162854882541e-06  557.871682578475  8454.12444043131  
 0.00849369447980746  0.750395046586744  0.216570948448956  0.00035880730399503  0.0326715050155595  3.69264474492954e-06  556.639662825131  8431.29676783276  
 0.00882911634199551  0.751281581390093  0.216424708857712  0.000349803322741952  0.0319403229957304  3.58343372231945e-06  555.25446461906  8405.66596590179  
 0.00918140583786358  0.752151019555911  0.21628123160203  0.000341039240869986  0.0312232313942539  3.47820693522481e-06  553.89251903363  8380.50160656449  
 0.0095514406972032  0.75300272261774  0.216140622993887  0.000332520536402167  0.030520756906367  3.37694560367136e-06  552.554988343717  8355.82328843487  
 0.00994050363830695  0.753836806630327  0.216002864642156  0.000324245285346822  0.0298328038895628  3.27955260706873e-06  551.241859427409  8331.62886829219  
 0.0103134193802379  0.754582801608709  0.215879602585866  0.000316904549864927  0.0292174972638865  3.19399167331929e-06  550.064697656155  8309.96776946036  
 0.010742395088298  0.755382414336883  0.215747426434673  0.000309099316462538  0.0285579560685934  3.10384338802464e-06  548.800064038606  8286.72663201206  
 0.0111952856043148  0.756165240070361  0.215617968420475  0.000301523468362643  0.0279122508767892  3.01716401275979e-06  547.559074574728  8263.94977305998  
 0.0116738942346662  0.756930932793868  0.215491287626718  0.000294178286494758  0.0272806673937178  2.93389920128138e-06  546.342430552736  8241.64835945633  
 0.0121805741951254  0.757679630241528  0.215367363318527  0.000287060151663768  0.0266630923472137  2.85394106801381e-06  545.150066607692  8219.81949918277  
 0.0127180567881575  0.758411497206694  0.215246168848495  0.000280166828408708  0.0260593898906799  2.77722572233593e-06  543.981899447801  8198.45990834944  
 0.0133239182907854  0.759167832556277  0.215120863770882  0.000273111153777152  0.0254354930957758  2.69942328768657e-06  542.771985426608  8176.36421780468  
 0.0139351338801223  0.7598652458113  0.215005266948106  0.000266667374132788  0.0248601908673494  2.628999111819e-06  541.653878287929  8155.96974750688  
 0.0145888428318039  0.760546418017715  0.214892311190582  0.000260432796631588  0.0242982765555797  2.56143949091043e-06  540.55951289281  8136.03123927012  
 0.0152910630811623  0.761212051585593  0.214781882428084  0.000254398242324713  0.0237491711506689  2.49659332839925e-06  539.487895312736  8116.52914266542  
 0.0160492625272058  0.761862859311917  0.214673864742174  0.00024855457728408  0.0232122870540645  2.43431456062519e-06  538.438004770521  8097.44353008267  
 0.0168733610206862  0.762499945910559  0.21456807592193  0.000242890579250465  0.0226867131312933  2.37445696786583e-06  537.408194947303  8078.74316194069  
 0.0177791225051784  0.763126351535895  0.214464013467404  0.000237376562482239  0.022169941774539  2.31665967967159e-06  536.393686768867  8060.34006155884  
 0.0187818962778291  0.763741598259414  0.214361759039629  0.000232014136262986  0.0216623676690705  2.26089562389297e-06  535.395339044631  8042.2488982712  
 0.0199189106559007  0.764353700835878  0.214259981349707  0.000226732580693095  0.0211573788284395  2.20640528265377e-06  534.400193507868  8024.23431103173  
 0.0212598637350162  0.764976628086519  0.21415635605273  0.000221413348434937  0.0206434505475505  2.15196476521516e-06  533.38548384269  8005.8846352047  
 0.023016445876639  0.765658884912733  0.21404280495801  0.000215653143192696  0.0200805634731241  2.09351293938428e-06  532.271830305429  7985.76785679343  
 0.0246778027528112  0.766190683051696  0.213954254029622  0.000211211579132899  0.0196418025374961  2.04880205307382e-06  531.402086834645  7970.07314676366  
 0.0260981577813291  0.76657398832352  0.21389040545518  0.000208037732837871  0.019325551429266  2.01705919651634e-06  530.774286539827  7958.75311247853  
 0.0278126521142778  0.766964502782472  0.213825336142065  0.000204827446496326  0.0190033485103546  1.98511861163106e-06  530.133901439335  7947.21365751225  
 0.0293268667891571  0.76725467023957  0.213776974039547  0.000202457370690216  0.0187639367046503  1.96164554331985e-06  529.65755927989  7938.63509569225  
 0.0309453241698869  0.767517649546902  0.213733133681827  0.000200320713614832  0.0185469554944245  1.9405632311898e-06  529.225471070176  7930.85713881084  
 0.032592690634553  0.767743440216257  0.213695485518366  0.000198494862793841  0.0183606567953296  1.92260725351993e-06  528.854197285534  7924.17664795555  
 0.0342804411139568  0.767938198401282  0.213663006172441  0.000196926413560931  0.0181999617859895  1.90722672722899e-06  528.533736205934  7918.41249936694  
 0.0360185267111427  0.768106524413485  0.213634930721968  0.000195575671776357  0.0180610751788967  1.89401387441332e-06  528.25660656594  7913.42928484988  
 0.037815847706921  0.768251984151782  0.213610666087133  0.000194412050940911  0.0179410550542984  1.88265584588588e-06  528.017003155368  7909.12199271368  
 0.039681009830231  0.768377466840734  0.213589731576694  0.000193410950942395  0.0178375177293083  1.87290232065653e-06  527.810216254692  7905.40548746921  
 0.0416228099259039  0.768485390469948  0.213571724756713  0.000192551952266342  0.0177484682743931  1.86454667984065e-06  527.632298672835  7902.20847204336  
 0.0436506073948858  0.7685778283054  0.21355630043964  0.000191817695291765  0.0176721961453943  1.85741427352681e-06  527.479860991706  7899.46977210131  
 0.0457746575940428  0.768656590941386  0.213543157062256  0.000191193147483089  0.0176072074941578  1.85135471681888e-06  527.349938962118  7897.13592783283  
 0.0480064383008431  0.768723281289271  0.213532027560476  0.000190665107705714  0.0175521798058926  1.84623665491103e-06  527.239904786568  7895.15958133444  
 0.05  0.768771598277961  0.213523963882394  0.00019028299203923  0.0175123123116905  1.84253591504107e-06  527.160170476605  7893.72759671085  
