2.550000e-02 8.940351e-02 2.205678e+02 5.815292e-05 1.989851e+04 0.000000e+00 0.000000e+00 0.000000e+00 0.000000e+00 0.000000e+00 0.000000e+00 0.000000e+00 7.900000e-01 0.000000e+00 2.100000e-01 0.000000e+00 0.000000e+00
2.867677e-02 8.942751e-02 2.205678e+02 5.815292e-05 1.989851e+04 0.000000e+00 0.000000e+00 0.000000e+00 0.000000e+00 0.000000e+00 0.000000e+00 0.000000e+00 7.900000e-01 0.000000e+00 2.100000e-01 0.000000e+00 0.000000e+00
3.185354e-02 8.945458e-02 2.205678e+02 5.815292e-05 1.989851e+04 0.000000e+00 0.000000e+00 0.000000e+00 0.000000e+00 0.000000e+00 0.000000e+00 0.000000e+00 7.900000e-01 0.000000e+00 2.100000e-01 0.000000e+00 0.000000e+00
3.503030e-02 8.948492e-02 2.205678e+02 5.815292e-05 1.989851e+04 0.000000e+00 0.000000e+00 0.000000e+00 0.000000e+00 0.000000e+00 0.000000e+00 0.000000e+00 7.900000e-01 0.000000e+00 2.100000e-01 0.000000e+00 0.000000e+00
3.820707e-02 8.951846e-02 2.205678e+02 5.815292e-05 1.989851e+04 0.000000e+00 0.000000e+00 0.000000e+00 0.000000e+00 0.000000e+00 0.000000e+00 0.000000e+00 7.900000e-01 0.000000e+00 2.100000e-01 0.000000e+00 0.000000e+00
4.138384e-02 8.955503e-02 2.205678e+02 5.815292e-05 1.989851e+04 0.000000e+00 0.000000e+00 0.000000e+00 0.000000e+00 0.000000e+00 0.000000e+00 0.000000e+00 7.900000e-01 0.000000e+00 2.100000e-01 0.000000e+00 0.000000e+00
4.456061e-02 8.959446e-02 2.205678e+02 5.815292e-05 1.989851e+04 0.000000e+00 0.000000e+00 0.000000e+00 0.000000e+00 0.000000e+00 0.000000e+00 0.000000e+00 7.900000e-01 0.000000e+00 2.100000e-01 0.000000e+00 0.000000e+00
4.773737e-02 8.963696e-02 2.205678e+02 5.815292e-05 1.989851e+04 0.000000e+00 0.000000e+00 0.000000e+00 0.000000e+00 0.000000e+00 0.000000e+00 0.000000e+00 7.900000e-01 0.000000e+00 2.100000e-01 0.000000e+00 0.000000e+00
5.091414e-02 8.968216e-02 2.205678e+02 5.815292e-05 1.989851e+04 0.000000e+00 0.000000e+00 0.000000e+00 0.000000e+00 0.000000e+00 0.000000e+00 0.000000e+00 7.900000e-01 0.000000e+00 2.100000e-01 0.000000e+00 0.000000e+00
5.409091e-02 8.973041e-02 2.205678e+02 5.815292e-05 1.989851e+04 0.000000e+00 0.000000e+00 0.000000e+00 0.000000e+00 0.000000e+00 0.000000e+00 0.000000e+00 7.900000e-01 0.000000e+00 2.100000e-01 0.000000e+00 0.000000e+00
5.726768e-02 8.978128e-02 2.205678e+02 5.815292e-05 1.989851e+04 0.000000e+00 0.000000e+00 0.000000e+00 0.000000e+00 0.000000e+00 0.000000e+00 0.000000e+00 7.900000e-01 0.000000e+00 2.100000e-01 0.000000e+00 0.000000e+00
6.044444e-02 8.983447e-02 2.205678e+02 5.815292e-05 1.989851e+04 0.000000e+00 0.000000e+00 0.000000e+00 0.000000e+00 0.000000e+00 0.000000e+00 0.000000e+00 7.900000e-01 0.000000e+00 2.100000e-01 0.000000e+00 0.000000e+00
6.362121e-02 8.989020e-02 2.205678e+02 5.815292e-05 1.989851e+04 0.000000e+00 0.000000e+00 0.000000e+00 0.000000e+00 0.000000e+00 0.000000e+00 0.000000e+00 7.900000e-01 0.000000e+00 2.100000e-01 0.000000e+00 0.000000e+00
6.679798e-02 8.994797e-02 2.205678e+02 5.815292e-05 1.989851e+04 0.000000e+00 0.000000e+00 0.000000e+00 0.000000e+00 0.000000e+00 0.000000e+00 0.000000e+00 7.900000e-01 0.000000e+00 2.100000e-01 0.000000e+00 0.000000e+00
6.997475e-02 9.000813e-02 2.205678e+02 5.815292e-05 1.989851e+04 0.000000e+00 0.000000e+00 0.000000e+00 0.000000e+00 0.000000e+00 0.000000e+00 0.000000e+00 7.900000e-01 0.000000e+00 2.100000e-01 0.000000e+00 0.000000e+00
7.315152e-02 9.007051e-02 2.205678e+02 5.815292e-05 1.989851e+04 0.000000e+00 0.000000e+00 0.000000e+00 0.000000e+00 0.000000e+00 0.000000e+00 0.000000e+00 7.900000e-01 0.000000e+00 2.100000e-01 0.000000e+00 0.000000e+00
7.632828e-02 9.013518e-02 2.205678e+02 5.815292e-05 1.989851e+04 0.000000e+00 0.000000e+00 0.000000e+00 0.000000e+00 0.000000e+00 0.000000e+00 0.000000e+00 7.900000e-01 0.000000e+00 2.100000e-01 0.000000e+00 0.000000e+00
7.950505e-02 9.020190e-02 2.205678e+02 5.815292e-05 1.989851e+04 0.000000e+00 0.000000e+00 0.000000e+00 0.000000e+00 0.000000e+00 0.000000e+00 0.000000e+00 7.900000e-01 0.000000e+00 2.100000e-01 0.000000e+00 0.000000e+00
8.268182e-02 9.027065e-02 2.205678e+02 5.815292e-05 1.989851e+04 0.000000e+00 0.000000e+00 0.000000e+00 0.000000e+00 0.000000e+00 0.000000e+00 0.000000e+00 7.900000e-01 0.000000e+00 2.100000e-01 0.000000e+00 0.000000e+00
8.585859e-02 9.034164e-02 2.205678e+02 5.815292e-05 1.989851e+04 0.000000e+00 0.000000e+00 0.000000e+00 0.000000e+00 0.000000e+00 0.000000e+00 0.000000e+00 7.900000e-01 0.000000e+00 2.100000e-01 0.000000e+00 0.000000e+00
8.903535e-02 9.041426e-02 2.205678e+02 5.815292e-05 1.989851e+04 0.000000e+00 0.000000e+00 0.000000e+00 0.000000e+00 0.000000e+00 0.000000e+00 0.000000e+00 7.900000e-01 0.000000e+00 2.100000e-01 0.000000e+00 0.000000e+00
9.221212e-02 9.048873e-02 2.205678e+02 5.815292e-05 1.989851e+04 0.000000e+00 0.000000e+00 0.000000e+00 0.000000e+00 0.000000e+00 0.000000e+00 0.000000e+00 7.900000e-01 0.000000e+00 2.100000e-01 0.000000e+00 0.000000e+00
9.538889e-02 9.056483e-02 2.205678e+02 5.815292e-05 1.989851e+04 0.000000e+00 0.000000e+00 0.000000e+00 0.000000e+00 0.000000e+00 0.000000e+00 0.000000e+00 7.900000e-01 0.000000e+00 2.100000e-01 0.000000e+00 0.000000e+00
9.856566e-02 9.064267e-02 2.205678e+02 5.815292e-05 1.989851e+04 0.000000e+00 0.000000e+00 0.000000e+00 0.000000e+00 0.000000e+00 0.000000e+00 0.000000e+00 7.900000e-01 0.000000e+00 2.100000e-01 0.000000e+00 0.000000e+00
1.017424e-01 9.072204e-02 2.205678e+02 5.815292e-05 1.989851e+04 0.000000e+00 0.000000e+00 0.000000e+00 0.000000e+00 0.000000e+00 0.000000e+00 0.000000e+00 7.900000e-01 0.000000e+00 2.100000e-01 0.000000e+00 0.000000e+00
1.049192e-01 9.080284e-02 2.205678e+02 5.815292e-05 1.989851e+04 0.000000e+00 0.000000e+00 0.000000e+00 0.000000e+00 0.000000e+00 0.000000e+00 0.000000e+00 7.900000e-01 0.000000e+00 2.100000e-01 0.000000e+00 0.000000e+00
1.080960e-01 9.088492e-02 2.205678e+02 5.815292e-05 1.989851e+04 0.000000e+00 0.000000e+00 0.000000e+00 0.000000e+00 0.000000e+00 0.000000e+00 0.000000e+00 7.900000e-01 0.000000e+00 2.100000e-01 0.000000e+00 0.000000e+00
1.112727e-01 9.096875e-02 2.205678e+02 5.815292e-05 1.989851e+04 0.000000e+00 0.000000e+00 0.000000e+00 0.000000e+00 0.000000e+00 0.000000e+00 0.000000e+00 7.900000e-01 0.000000e+00 2.100000e-01 0.000000e+00 0.000000e+00
1.144495e-01 9.105398e-02 2.205678e+02 5.815292e-05 1.989851e+04 0.000000e+00 0.000000e+00 0.000000e+00 0.000000e+00 0.000000e+00 0.000000e+00 0.000000e+00 7.900000e-01 0.000000e+00 2.100000e-01 0.000000e+00 0.000000e+00
1.176263e-01 9.114062e-02 2.205678e+02 5.815292e-05 1.989851e+04 0.000000e+00 0.000000e+00 0.000000e+00 0.000000e+00 0.000000e+00 0.000000e+00 0.000000e+00 7.900000e-01 0.000000e+00 2.100000e-01 0.000000e+00 0.000000e+00
1.208030e-01 9.122848e-02 2.205678e+02 5.815292e-05 1.989851e+04 0.000000e+00 0.000000e+00 0.000000e+00 0.000000e+00 0.000000e+00 0.000000e+00 0.000000e+00 7.900000e-01 0.000000e+00 2.100000e-01 0.000000e+00 0.000000e+00
1.239798e-01 9.131719e-02 2.205678e+02 5.815292e-05 1.989851e+04 0.000000e+00 0.000000e+00 0.000000e+00 0.000000e+00 0.000000e+00 0.000000e+00 0.000000e+00 7.900000e-01 0.000000e+00 2.100000e-01 0.000000e+00 0.000000e+00
1.271566e-01 9.140693e-02 2.205678e+02 5.815292e-05 1.989851e+04 0.000000e+00 0.000000e+00 0.000000e+00 0.000000e+00 0.000000e+00 0.000000e+00 0.000000e+00 7.900000e-01 0.000000e+00 2.100000e-01 0.000000e+00 0.000000e+00
1.303333e-01 9.149774e-02 2.205678e+02 5.815292e-05 1.989851e+04 0.000000e+00 0.000000e+00 0.000000e+00 0.000000e+00 0.000000e+00 0.000000e+00 0.000000e+00 7.900000e-01 0.000000e+00 2.100000e-01 0.000000e+00 0.000000e+00
1.335101e-01 9.158966e-02 2.205678e+02 5.815292e-05 1.989851e+04 0.000000e+00 0.000000e+00 0.000000e+00 0.000000e+00 0.000000e+00 0.000000e+00 0.000000e+00 7.900000e-01 0.000000e+00 2.100000e-01 0.000000e+00 0.000000e+00
1.366869e-01 9.168259e-02 2.205678e+02 5.815292e-05 1.989851e+04 0.000000e+00 0.000000e+00 0.000000e+00 0.000000e+00 0.000000e+00 0.000000e+00 0.000000e+00 7.900000e-01 0.000000e+00 2.100000e-01 0.000000e+00 0.000000e+00
1.398636e-01 9.177657e-02 2.205678e+02 5.815292e-05 1.989851e+04 0.000000e+00 0.000000e+00 0.000000e+00 0.000000e+00 0.000000e+00 0.000000e+00 0.000000e+00 7.900000e-01 0.000000e+00 2.100000e-01 0.000000e+00 0.000000e+00
1.430404e-01 9.187126e-02 2.205678e+02 5.815292e-05 1.989851e+04 0.000000e+00 0.000000e+00 0.000000e+00 0.000000e+00 0.000000e+00 0.000000e+00 0.000000e+00 7.900000e-01 0.000000e+00 2.100000e-01 0.000000e+00 0.000000e+00
1.462172e-01 9.196667e-02 2.205678e+02 5.815292e-05 1.989851e+04 0.000000e+00 0.000000e+00 0.000000e+00 0.000000e+00 0.000000e+00 0.000000e+00 0.000000e+00 7.900000e-01 0.000000e+00 2.100000e-01 0.000000e+00 0.000000e+00
1.493939e-01 9.206292e-02 2.205678e+02 5.815292e-05 1.989851e+04 0.000000e+00 0.000000e+00 0.000000e+00 0.000000e+00 0.000000e+00 0.000000e+00 0.000000e+00 7.900000e-01 0.000000e+00 2.100000e-01 0.000000e+00 0.000000e+00
1.525707e-01 9.215992e-02 2.205678e+02 5.815292e-05 1.989851e+04 0.000000e+00 0.000000e+00 0.000000e+00 0.000000e+00 0.000000e+00 0.000000e+00 0.000000e+00 7.900000e-01 0.000000e+00 2.100000e-01 0.000000e+00 0.000000e+00
1.557475e-01 9.225755e-02 2.205678e+02 5.815292e-05 1.989851e+04 0.000000e+00 0.000000e+00 0.000000e+00 0.000000e+00 0.000000e+00 0.000000e+00 0.000000e+00 7.900000e-01 0.000000e+00 2.100000e-01 0.000000e+00 0.000000e+00
1.589242e-01 9.235580e-02 2.205678e+02 5.815292e-05 1.989851e+04 0.000000e+00 0.000000e+00 0.000000e+00 0.000000e+00 0.000000e+00 0.000000e+00 0.000000e+00 7.900000e-01 0.000000e+00 2.100000e-01 0.000000e+00 0.000000e+00
1.621010e-01 9.245452e-02 2.205678e+02 5.815292e-05 1.989851e+04 0.000000e+00 0.000000e+00 0.000000e+00 0.000000e+00 0.000000e+00 0.000000e+00 0.000000e+00 7.900000e-01 0.000000e+00 2.100000e-01 0.000000e+00 0.000000e+00
1.652778e-01 9.255365e-02 2.205678e+02 5.815292e-05 1.989851e+04 0.000000e+00 0.000000e+00 0.000000e+00 0.000000e+00 0.000000e+00 0.000000e+00 0.000000e+00 7.900000e-01 0.000000e+00 2.100000e-01 0.000000e+00 0.000000e+00
1.684545e-01 9.265347e-02 2.205678e+02 5.815292e-05 1.989851e+04 0.000000e+00 0.000000e+00 0.000000e+00 0.000000e+00 0.000000e+00 0.000000e+00 0.000000e+00 7.900000e-01 0.000000e+00 2.100000e-01 0.000000e+00 0.000000e+00
1.716313e-01 9.275358e-02 2.205678e+02 5.815292e-05 1.989851e+04 0.000000e+00 0.000000e+00 0.000000e+00 0.000000e+00 0.000000e+00 0.000000e+00 0.000000e+00 7.900000e-01 0.000000e+00 2.100000e-01 0.000000e+00 0.000000e+00
1.748081e-01 9.285418e-02 2.205678e+02 5.815292e-05 1.989851e+04 0.000000e+00 0.000000e+00 0.000000e+00 0.000000e+00 0.000000e+00 0.000000e+00 0.000000e+00 7.900000e-01 0.000000e+00 2.100000e-01 0.000000e+00 0.000000e+00
1.779848e-01 9.295535e-02 2.205678e+02 5.815292e-05 1.989851e+04 0.000000e+00 0.000000e+00 0.000000e+00 0.000000e+00 0.000000e+00 0.000000e+00 0.000000e+00 7.900000e-01 0.000000e+00 2.100000e-01 0.000000e+00 0.000000e+00
1.811616e-01 9.305658e-02 2.205678e+02 5.815292e-05 1.989851e+04 0.000000e+00 0.000000e+00 0.000000e+00 0.000000e+00 0.000000e+00 0.000000e+00 0.000000e+00 7.900000e-01 0.000000e+00 2.100000e-01 0.000000e+00 0.000000e+00
1.843384e-01 9.315818e-02 2.205678e+02 5.815292e-05 1.989851e+04 0.000000e+00 0.000000e+00 0.000000e+00 0.000000e+00 0.000000e+00 0.000000e+00 0.000000e+00 7.900000e-01 0.000000e+00 2.100000e-01 0.000000e+00 0.000000e+00
1.875152e-01 9.326008e-02 2.205678e+02 5.815292e-05 1.989851e+04 0.000000e+00 0.000000e+00 0.000000e+00 0.000000e+00 0.000000e+00 0.000000e+00 0.000000e+00 7.900000e-01 0.000000e+00 2.100000e-01 0.000000e+00 0.000000e+00
1.906919e-01 9.336216e-02 2.205678e+02 5.815292e-05 1.989851e+04 0.000000e+00 0.000000e+00 0.000000e+00 0.000000e+00 0.000000e+00 0.000000e+00 0.000000e+00 7.900000e-01 0.000000e+00 2.100000e-01 0.000000e+00 0.000000e+00
1.938687e-01 9.346441e-02 2.205678e+02 5.815292e-05 1.989851e+04 0.000000e+00 0.000000e+00 0.000000e+00 0.000000e+00 0.000000e+00 0.000000e+00 0.000000e+00 7.900000e-01 0.000000e+00 2.100000e-01 0.000000e+00 0.000000e+00
1.970455e-01 9.356681e-02 2.205678e+02 5.815292e-05 1.989851e+04 0.000000e+00 0.000000e+00 0.000000e+00 0.000000e+00 0.000000e+00 0.000000e+00 0.000000e+00 7.900000e-01 0.000000e+00 2.100000e-01 0.000000e+00 0.000000e+00
2.002222e-01 9.366939e-02 2.205678e+02 5.815292e-05 1.989851e+04 0.000000e+00 0.000000e+00 0.000000e+00 0.000000e+00 0.000000e+00 0.000000e+00 0.000000e+00 7.900000e-01 0.000000e+00 2.100000e-01 0.000000e+00 0.000000e+00
2.033990e-01 9.377216e-02 2.205678e+02 5.815292e-05 1.989851e+04 0.000000e+00 0.000000e+00 0.000000e+00 0.000000e+00 0.000000e+00 0.000000e+00 0.000000e+00 7.900000e-01 0.000000e+00 2.100000e-01 0.000000e+00 0.000000e+00
2.065758e-01 9.387472e-02 2.205678e+02 5.815292e-05 1.989851e+04 0.000000e+00 0.000000e+00 0.000000e+00 0.000000e+00 0.000000e+00 0.000000e+00 0.000000e+00 7.900000e-01 0.000000e+00 2.100000e-01 0.000000e+00 0.000000e+00
2.097525e-01 9.397740e-02 2.205678e+02 5.815292e-05 1.989851e+04 0.000000e+00 0.000000e+00 0.000000e+00 0.000000e+00 0.000000e+00 0.000000e+00 0.000000e+00 7.900000e-01 0.000000e+00 2.100000e-01 0.000000e+00 0.000000e+00
2.129293e-01 9.408007e-02 2.205678e+02 5.815292e-05 1.989851e+04 0.000000e+00 0.000000e+00 0.000000e+00 0.000000e+00 0.000000e+00 0.000000e+00 0.000000e+00 7.900000e-01 0.000000e+00 2.100000e-01 0.000000e+00 0.000000e+00
2.161061e-01 9.418285e-02 2.205678e+02 5.815292e-05 1.989851e+04 0.000000e+00 0.000000e+00 0.000000e+00 0.000000e+00 0.000000e+00 0.000000e+00 0.000000e+00 7.900000e-01 0.000000e+00 2.100000e-01 0.000000e+00 0.000000e+00
2.192828e-01 9.428563e-02 2.205678e+02 5.815292e-05 1.989851e+04 0.000000e+00 0.000000e+00 0.000000e+00 0.000000e+00 0.000000e+00 0.000000e+00 0.000000e+00 7.900000e-01 0.000000e+00 2.100000e-01 0.000000e+00 0.000000e+00
2.224596e-01 9.438830e-02 2.205678e+02 5.815292e-05 1.989851e+04 0.000000e+00 0.000000e+00 0.000000e+00 0.000000e+00 0.000000e+00 0.000000e+00 0.000000e+00 7.900000e-01 0.000000e+00 2.100000e-01 0.000000e+00 0.000000e+00
2.256364e-01 9.449086e-02 2.205678e+02 5.815292e-05 1.989851e+04 0.000000e+00 0.000000e+00 0.000000e+00 0.000000e+00 0.000000e+00 0.000000e+00 0.000000e+00 7.900000e-01 0.000000e+00 2.100000e-01 0.000000e+00 0.000000e+00
2.288131e-01 9.459326e-02 2.205678e+02 5.815292e-05 1.989851e+04 0.000000e+00 0.000000e+00 0.000000e+00 0.000000e+00 0.000000e+00 0.000000e+00 0.000000e+00 7.900000e-01 0.000000e+00 2.100000e-01 0.000000e+00 0.000000e+00
2.319899e-01 9.469552e-02 2.205678e+02 5.815292e-05 1.989851e+04 0.000000e+00 0.000000e+00 0.000000e+00 0.000000e+00 0.000000e+00 0.000000e+00 0.000000e+00 7.900000e-01 0.000000e+00 2.100000e-01 0.000000e+00 0.000000e+00
2.351667e-01 9.479811e-02 2.205678e+02 5.815292e-05 1.989851e+04 0.000000e+00 0.000000e+00 0.000000e+00 0.000000e+00 0.000000e+00 0.000000e+00 0.000000e+00 7.900000e-01 0.000000e+00 2.100000e-01 0.000000e+00 0.000000e+00
2.383434e-01 9.490036e-02 2.205678e+02 5.815292e-05 1.989851e+04 0.000000e+00 0.000000e+00 0.000000e+00 0.000000e+00 0.000000e+00 0.000000e+00 0.000000e+00 7.900000e-01 0.000000e+00 2.100000e-01 0.000000e+00 0.000000e+00
2.415202e-01 9.500245e-02 2.205678e+02 5.815292e-05 1.989851e+04 0.000000e+00 0.000000e+00 0.000000e+00 0.000000e+00 0.000000e+00 0.000000e+00 0.000000e+00 7.900000e-01 0.000000e+00 2.100000e-01 0.000000e+00 0.000000e+00
2.446970e-01 9.510428e-02 2.205678e+02 5.815292e-05 1.989851e+04 0.000000e+00 0.000000e+00 0.000000e+00 0.000000e+00 0.000000e+00 0.000000e+00 0.000000e+00 7.900000e-01 0.000000e+00 2.100000e-01 0.000000e+00 0.000000e+00
2.478737e-01 9.520579e-02 2.205678e+02 5.815292e-05 1.989851e+04 0.000000e+00 0.000000e+00 0.000000e+00 0.000000e+00 0.000000e+00 0.000000e+00 0.000000e+00 7.900000e-01 0.000000e+00 2.100000e-01 0.000000e+00 0.000000e+00
2.510505e-01 9.530727e-02 2.205678e+02 5.815292e-05 1.989851e+04 0.000000e+00 0.000000e+00 0.000000e+00 0.000000e+00 0.000000e+00 0.000000e+00 0.000000e+00 7.900000e-01 0.000000e+00 2.100000e-01 0.000000e+00 0.000000e+00
2.542273e-01 9.540861e-02 2.205678e+02 5.815292e-05 1.989851e+04 0.000000e+00 0.000000e+00 0.000000e+00 0.000000e+00 0.000000e+00 0.000000e+00 0.000000e+00 7.900000e-01 0.000000e+00 2.100000e-01 0.000000e+00 0.000000e+00
2.574040e-01 9.550942e-02 2.205678e+02 5.815292e-05 1.989851e+04 0.000000e+00 0.000000e+00 0.000000e+00 0.000000e+00 0.000000e+00 0.000000e+00 0.000000e+00 7.900000e-01 0.000000e+00 2.100000e-01 0.000000e+00 0.000000e+00
2.605808e-01 9.561003e-02 2.205678e+02 5.815292e-05 1.989851e+04 0.000000e+00 0.000000e+00 0.000000e+00 0.000000e+00 0.000000e+00 0.000000e+00 0.000000e+00 7.900000e-01 0.000000e+00 2.100000e-01 0.000000e+00 0.000000e+00
2.637576e-01 9.571050e-02 2.205678e+02 5.815292e-05 1.989851e+04 0.000000e+00 0.000000e+00 0.000000e+00 0.000000e+00 0.000000e+00 0.000000e+00 0.000000e+00 7.900000e-01 0.000000e+00 2.100000e-01 0.000000e+00 0.000000e+00
2.669343e-01 9.581041e-02 2.205678e+02 5.815292e-05 1.989851e+04 0.000000e+00 0.000000e+00 0.000000e+00 0.000000e+00 0.000000e+00 0.000000e+00 0.000000e+00 7.900000e-01 0.000000e+00 2.100000e-01 0.000000e+00 0.000000e+00
2.701111e-01 9.590992e-02 2.205678e+02 5.815292e-05 1.989851e+04 0.000000e+00 0.000000e+00 0.000000e+00 0.000000e+00 0.000000e+00 0.000000e+00 0.000000e+00 7.900000e-01 0.000000e+00 2.100000e-01 0.000000e+00 0.000000e+00
2.732879e-01 9.600917e-02 2.205678e+02 5.815292e-05 1.989851e+04 0.000000e+00 0.000000e+00 0.000000e+00 0.000000e+00 0.000000e+00 0.000000e+00 0.000000e+00 7.900000e-01 0.000000e+00 2.100000e-01 0.000000e+00 0.000000e+00
2.764646e-01 9.610822e-02 2.205678e+02 5.815292e-05 1.989851e+04 0.000000e+00 0.000000e+00 0.000000e+00 0.000000e+00 0.000000e+00 0.000000e+00 0.000000e+00 7.900000e-01 0.000000e+00 2.100000e-01 0.000000e+00 0.000000e+00
2.796414e-01 9.620693e-02 2.205678e+02 5.815292e-05 1.989851e+04 0.000000e+00 0.000000e+00 0.000000e+00 0.000000e+00 0.000000e+00 0.000000e+00 0.000000e+00 7.900000e-01 0.000000e+00 2.100000e-01 0.000000e+00 0.000000e+00
2.828182e-01 9.630547e-02 2.205678e+02 5.815292e-05 1.989851e+04 0.000000e+00 0.000000e+00 0.000000e+00 0.000000e+00 0.000000e+00 0.000000e+00 0.000000e+00 7.900000e-01 0.000000e+00 2.100000e-01 0.000000e+00 0.000000e+00
2.859949e-01 9.640360e-02 2.205678e+02 5.815292e-05 1.989851e+04 0.000000e+00 0.000000e+00 0.000000e+00 0.000000e+00 0.000000e+00 0.000000e+00 0.000000e+00 7.900000e-01 0.000000e+00 2.100000e-01 0.000000e+00 0.000000e+00
2.891717e-01 9.650152e-02 2.205678e+02 5.815292e-05 1.989851e+04 0.000000e+00 0.000000e+00 0.000000e+00 0.000000e+00 0.000000e+00 0.000000e+00 0.000000e+00 7.900000e-01 0.000000e+00 2.100000e-01 0.000000e+00 0.000000e+00
2.923485e-01 9.659890e-02 2.205678e+02 5.815292e-05 1.989851e+04 0.000000e+00 0.000000e+00 0.000000e+00 0.000000e+00 0.000000e+00 0.000000e+00 0.000000e+00 7.900000e-01 0.000000e+00 2.100000e-01 0.000000e+00 0.000000e+00
2.955253e-01 9.669600e-02 2.205678e+02 5.815292e-05 1.989851e+04 0.000000e+00 0.000000e+00 0.000000e+00 0.000000e+00 0.000000e+00 0.000000e+00 0.000000e+00 7.900000e-01 0.000000e+00 2.100000e-01 0.000000e+00 0.000000e+00
2.987020e-01 9.679304e-02 2.205678e+02 5.815292e-05 1.989851e+04 0.000000e+00 0.000000e+00 0.000000e+00 0.000000e+00 0.000000e+00 0.000000e+00 0.000000e+00 7.900000e-01 0.000000e+00 2.100000e-01 0.000000e+00 0.000000e+00
3.018788e-01 9.688979e-02 2.205678e+02 5.815292e-05 1.989851e+04 0.000000e+00 0.000000e+00 0.000000e+00 0.000000e+00 0.000000e+00 0.000000e+00 0.000000e+00 7.900000e-01 0.000000e+00 2.100000e-01 0.000000e+00 0.000000e+00
3.050556e-01 9.698595e-02 2.205678e+02 5.815292e-05 1.989851e+04 0.000000e+00 0.000000e+00 0.000000e+00 0.000000e+00 0.000000e+00 0.000000e+00 0.000000e+00 7.900000e-01 0.000000e+00 2.100000e-01 0.000000e+00 0.000000e+00
3.082323e-01 9.708182e-02 2.205678e+02 5.815292e-05 1.989851e+04 0.000000e+00 0.000000e+00 0.000000e+00 0.000000e+00 0.000000e+00 0.000000e+00 0.000000e+00 7.900000e-01 0.000000e+00 2.100000e-01 0.000000e+00 0.000000e+00
3.114091e-01 9.717737e-02 2.205678e+02 5.815292e-05 1.989851e+04 0.000000e+00 0.000000e+00 0.000000e+00 0.000000e+00 0.000000e+00 0.000000e+00 0.000000e+00 7.900000e-01 0.000000e+00 2.100000e-01 0.000000e+00 0.000000e+00
3.145859e-01 9.727263e-02 2.205678e+02 5.815292e-05 1.989851e+04 0.000000e+00 0.000000e+00 0.000000e+00 0.000000e+00 0.000000e+00 0.000000e+00 0.000000e+00 7.900000e-01 0.000000e+00 2.100000e-01 0.000000e+00 0.000000e+00
3.177626e-01 9.736759e-02 2.205678e+02 5.815292e-05 1.989851e+04 0.000000e+00 0.000000e+00 0.000000e+00 0.000000e+00 0.000000e+00 0.000000e+00 0.000000e+00 7.900000e-01 0.000000e+00 2.100000e-01 0.000000e+00 0.000000e+00
3.209394e-01 9.746197e-02 2.205678e+02 5.815292e-05 1.989851e+04 0.000000e+00 0.000000e+00 0.000000e+00 0.000000e+00 0.000000e+00 0.000000e+00 0.000000e+00 7.900000e-01 0.000000e+00 2.100000e-01 0.000000e+00 0.000000e+00
3.241162e-01 9.755622e-02 2.205678e+02 5.815292e-05 1.989851e+04 0.000000e+00 0.000000e+00 0.000000e+00 0.000000e+00 0.000000e+00 0.000000e+00 0.000000e+00 7.900000e-01 0.000000e+00 2.100000e-01 0.000000e+00 0.000000e+00
3.272929e-01 9.765015e-02 2.205678e+02 5.815292e-05 1.989851e+04 0.000000e+00 0.000000e+00 0.000000e+00 0.000000e+00 0.000000e+00 0.000000e+00 0.000000e+00 7.900000e-01 0.000000e+00 2.100000e-01 0.000000e+00 0.000000e+00
3.304697e-01 9.774387e-02 2.205678e+02 5.815292e-05 1.989851e+04 0.000000e+00 0.000000e+00 0.000000e+00 0.000000e+00 0.000000e+00 0.000000e+00 0.000000e+00 7.900000e-01 0.000000e+00 2.100000e-01 0.000000e+00 0.000000e+00
3.336465e-01 9.783719e-02 2.205678e+02 5.815292e-05 1.989851e+04 0.000000e+00 0.000000e+00 0.000000e+00 0.000000e+00 0.000000e+00 0.000000e+00 0.000000e+00 7.900000e-01 0.000000e+00 2.100000e-01 0.000000e+00 0.000000e+00
3.368232e-01 9.793022e-02 2.205678e+02 5.815292e-05 1.989851e+04 0.000000e+00 0.000000e+00 0.000000e+00 0.000000e+00 0.000000e+00 0.000000e+00 0.000000e+00 7.900000e-01 0.000000e+00 2.100000e-01 0.000000e+00 0.000000e+00
3.400000e-01 9.802283e-02 2.205678e+02 5.815292e-05 1.989851e+04 0.000000e+00 0.000000e+00 0.000000e+00 0.000000e+00 0.000000e+00 0.000000e+00 0.000000e+00 7.900000e-01 0.000000e+00 2.100000e-01 0.000000e+00 0.000000e+00
