2.550000e-02 1.960701e-02 8.699972e+03 6.424979e-05 1.948522e+04 7.351436e+02 3.296583e-04 4.169289e-02 5.193721e-05 2.867239e-02 8.392647e-05 3.454944e-04 7.433831e-01 1.572165e-04 1.852468e-01 1.565667e-05 2.092130e-05 
2.867677e-02 1.972782e-02 8.298473e+03 6.459413e-05 1.948888e+04 7.442329e+02 4.957595e-04 4.222653e-02 5.662619e-05 3.110344e-02 1.317808e-04 4.568644e-04 7.419308e-01 2.816276e-04 1.832909e-01 1.961613e-05 6.108406e-06 
3.185354e-02 1.985154e-02 7.926532e+03 6.494761e-05 1.948946e+04 7.594530e+02 3.909444e-04 4.243356e-02 3.533496e-05 3.142582e-02 1.100976e-04 6.099508e-04 7.405348e-01 1.746672e-04 1.842140e-01 4.095392e-05 2.989083e-05 
3.503030e-02 1.997662e-02 7.610668e+03 6.539275e-05 1.949559e+04 7.680405e+02 3.978944e-04 4.232507e-02 6.151960e-05 3.240405e-02 5.621319e-05 5.660047e-04 7.411284e-01 2.463009e-04 1.827807e-01 2.744733e-05 6.413067e-06 
3.820707e-02 2.010265e-02 7.360643e+03 6.560759e-05 1.949473e+04 7.814698e+02 4.089168e-04 4.223414e-02 3.497962e-05 3.347825e-02 6.342188e-05 7.034060e-04 7.422303e-01 2.491741e-04 1.805361e-01 3.251800e-05 2.882346e-05 
4.138384e-02 2.022999e-02 7.071989e+03 6.580437e-05 1.950106e+04 7.838636e+02 3.797609e-04 4.163228e-02 4.994604e-05 3.346830e-02 1.121832e-04 7.280683e-04 7.401740e-01 1.633090e-04 1.832379e-01 4.030494e-05 1.401735e-05 
4.456061e-02 2.035694e-02 6.783660e+03 6.588948e-05 1.950283e+04 7.776161e+02 3.714734e-04 4.241274e-02 5.826597e-05 3.370716e-02 5.841754e-05 8.427151e-04 7.401104e-01 2.302263e-04 1.821841e-01 1.908728e-05 5.476450e-06 
4.773737e-02 2.048385e-02 6.542302e+03 6.605507e-05 1.951300e+04 7.789525e+02 3.527635e-04 4.130190e-02 6.446316e-05 3.387466e-02 7.795575e-05 1.071848e-03 7.418508e-01 1.506213e-04 1.811953e-01 1.916201e-05 4.056088e-05 
5.091414e-02 2.061049e-02 6.367931e+03 6.591852e-05 1.951929e+04 7.828106e+02 4.767061e-04 4.085034e-02 4.636983e-05 3.429208e-02 9.883501e-05 9.544087e-04 7.407726e-01 2.582962e-04 1.821772e-01 3.179170e-05 4.141326e-05 
5.409091e-02 2.073692e-02 6.173334e+03 6.598408e-05 1.951797e+04 7.742625e+02 3.659868e-04 4.101654e-02 3.786364e-05 3.321725e-02 8.849248e-05 1.118880e-03 7.416124e-01 1.991362e-04 1.823029e-01 2.494083e-05 1.555343e-05 
5.726768e-02 2.086315e-02 5.997768e+03 6.574270e-05 1.952524e+04 7.799087e+02 3.632973e-04 4.134475e-02 2.615981e-05 3.342206e-02 6.472119e-05 1.059472e-03 7.416890e-01 2.149486e-04 1.817581e-01 3.181522e-05 2.565180e-05 
6.044444e-02 2.098888e-02 5.809070e+03 6.590885e-05 1.952579e+04 7.715151e+02 3.514478e-04 4.016672e-02 2.043881e-05 3.409167e-02 3.423497e-05 1.222888e-03 7.411472e-01 2.270544e-04 1.826686e-01 2.788884e-05 4.183077e-05 
6.362121e-02 2.111427e-02 5.655043e+03 6.532916e-05 1.952931e+04 7.667791e+02 4.492160e-04 4.110757e-02 6.055862e-05 3.370736e-02 7.594140e-05 1.260285e-03 7.425550e-01 2.403421e-04 1.804713e-01 5.169547e-05 2.067817e-05 
6.679798e-02 2.123864e-02 5.517737e+03 6.525815e-05 1.953686e+04 7.648444e+02 4.084951e-04 4.052279e-02 4.300379e-05 3.393540e-02 8.601210e-05 1.260736e-03 7.420033e-01 2.271474e-04 1.814608e-01 2.365966e-05 2.867247e-05 
6.997475e-02 2.136230e-02 5.378204e+03 6.497022e-05 1.954010e+04 7.582751e+02 4.002220e-04 4.003717e-02 5.090513e-05 3.377416e-02 5.522983e-05 1.452522e-03 7.420283e-01 2.202367e-04 1.819074e-01 4.318256e-05 3.066867e-05 
7.315152e-02 2.148515e-02 5.268667e+03 6.490496e-05 1.953307e+04 7.562470e+02 3.890037e-04 3.979582e-02 5.794534e-05 3.353010e-02 5.928979e-05 1.585846e-03 7.425023e-01 2.144661e-04 1.818079e-01 2.411234e-05 3.318976e-05 
7.632828e-02 2.160761e-02 5.161734e+03 6.429455e-05 1.954033e+04 7.543712e+02 3.869132e-04 3.986296e-02 3.662280e-05 3.484678e-02 6.002750e-05 1.559792e-03 7.407801e-01 2.400694e-04 1.821765e-01 3.783437e-05 1.235972e-05 
7.950505e-02 2.172910e-02 5.010255e+03 6.424476e-05 1.954756e+04 7.446869e+02 4.104983e-04 3.849600e-02 2.511798e-05 3.301883e-02 1.063250e-04 1.573543e-03 7.438210e-01 2.237007e-04 1.822696e-01 3.428205e-05 2.107191e-05 
8.268182e-02 2.184951e-02 4.946626e+03 6.386925e-05 1.954524e+04 7.358445e+02 3.290393e-04 3.974970e-02 3.424635e-05 3.358962e-02 6.931755e-05 1.739310e-03 7.418053e-01 1.667596e-04 1.824580e-01 3.955220e-05 1.916325e-05 
8.585859e-02 2.196873e-02 4.836237e+03 6.354693e-05 1.954780e+04 7.300681e+02 4.549157e-04 3.968533e-02 8.012245e-05 3.406604e-02 5.458674e-05 1.718644e-03 7.409702e-01 2.476497e-04 1.826499e-01 5.619356e-05 1.636307e-05 
8.903535e-02 2.208685e-02 4.758513e+03 6.294346e-05 1.954851e+04 7.228726e+02 4.032633e-04 3.907483e-02 7.059126e-05 3.354354e-02 4.167217e-05 1.771973e-03 7.416370e-01 2.340398e-04 1.831661e-01 3.488376e-05 2.207660e-05 
9.221212e-02 2.220403e-02 4.697353e+03 6.279301e-05 1.955318e+04 7.227916e+02 4.074261e-04 3.934992e-02 3.583973e-05 3.294536e-02 6.385987e-05 1.892714e-03 7.415895e-01 2.422963e-04 1.834076e-01 3.920789e-05 2.622274e-05 
9.538889e-02 2.232060e-02 4.590168e+03 6.240717e-05 1.955637e+04 7.139836e+02 4.127579e-04 3.926959e-02 6.047253e-05 3.345621e-02 7.870747e-05 1.888765e-03 7.424273e-01 1.835404e-04 1.821326e-01 3.454025e-05 5.549744e-05 
9.856566e-02 2.243627e-02 4.541595e+03 6.181836e-05 1.955342e+04 7.095557e+02 4.426737e-04 3.900728e-02 5.560799e-05 3.325468e-02 1.034050e-04 1.872383e-03 7.421666e-01 2.241938e-04 1.828137e-01 2.793806e-05 3.152906e-05 
1.017424e-01 2.255056e-02 4.451361e+03 6.160911e-05 1.955439e+04 7.033505e+02 4.022266e-04 3.851333e-02 3.771056e-05 3.311009e-02 5.748042e-05 2.186749e-03 7.432796e-01 2.423835e-04 1.821058e-01 3.113284e-05 3.351871e-05 
1.049192e-01 2.266408e-02 4.407654e+03 6.106605e-05 1.956580e+04 6.968524e+02 3.862047e-04 3.866410e-02 5.181778e-05 3.359585e-02 1.087106e-04 2.108658e-03 7.413642e-01 1.806284e-04 1.834948e-01 2.845402e-05 1.659432e-05 
1.080960e-01 2.277687e-02 4.353959e+03 6.065179e-05 1.956097e+04 6.916586e+02 3.233278e-04 3.845833e-02 3.070659e-05 3.384716e-02 7.366711e-05 2.422106e-03 7.401377e-01 1.678636e-04 1.844881e-01 1.206990e-05 3.902035e-05 
1.112727e-01 2.288859e-02 4.299175e+03 5.976035e-05 1.955884e+04 6.866255e+02 5.102215e-04 3.856479e-02 6.290999e-05 3.382219e-02 9.366041e-05 2.251706e-03 7.414815e-01 3.109404e-04 1.828594e-01 2.844342e-05 1.426698e-05 
1.144495e-01 2.299918e-02 4.196251e+03 5.999578e-05 1.956890e+04 6.771398e+02 4.733951e-04 3.857506e-02 7.251431e-05 3.344826e-02 9.076245e-05 2.207198e-03 7.427761e-01 2.773612e-04 1.820465e-01 1.713611e-05 1.562069e-05 
1.176263e-01 2.310842e-02 4.171801e+03 5.892656e-05 1.956861e+04 6.741695e+02 4.140357e-04 3.836100e-02 4.940095e-05 3.344488e-02 1.008583e-04 2.083975e-03 7.425028e-01 1.893604e-04 1.827793e-01 3.877868e-05 3.563706e-05 
1.208030e-01 2.321683e-02 4.108419e+03 5.883149e-05 1.956856e+04 6.658601e+02 4.908010e-04 3.781010e-02 5.918208e-05 3.363737e-02 7.396544e-05 2.457598e-03 7.421252e-01 3.072997e-04 1.829881e-01 2.070561e-05 2.964773e-05 
1.239798e-01 2.332440e-02 4.071020e+03 5.820405e-05 1.956871e+04 6.565733e+02 4.678320e-04 3.813542e-02 7.760952e-05 3.357628e-02 8.650894e-05 2.411416e-03 7.426530e-01 2.224062e-04 1.822883e-01 4.474375e-05 3.656346e-05 
1.271566e-01 2.343075e-02 3.996453e+03 5.776152e-05 1.957119e+04 6.516573e+02 4.712811e-04 3.779750e-02 2.400837e-05 3.389682e-02 8.503513e-05 2.502174e-03 7.417583e-01 3.126199e-04 1.831027e-01 2.442025e-05 2.519695e-05 
1.303333e-01 2.353627e-02 3.983649e+03 5.737744e-05 1.957042e+04 6.461174e+02 4.573027e-04 3.755193e-02 7.061337e-05 3.352412e-02 9.678618e-05 2.581133e-03 7.417814e-01 2.160948e-04 1.836468e-01 3.355178e-05 4.025642e-05 
1.335101e-01 2.364087e-02 3.920580e+03 5.693052e-05 1.957846e+04 6.409830e+02 4.184377e-04 3.717238e-02 3.783647e-05 3.352304e-02 6.664261e-05 2.716721e-03 7.419408e-01 2.678033e-04 1.838102e-01 9.914538e-06 3.624071e-05 
1.366869e-01 2.374434e-02 3.886480e+03 5.644854e-05 1.957739e+04 6.345946e+02 5.143958e-04 3.691923e-02 5.991306e-05 3.372758e-02 1.077947e-04 2.559751e-03 7.440258e-01 2.798549e-04 1.817388e-01 2.202546e-05 4.480734e-05 
1.398636e-01 2.384700e-02 3.857068e+03 5.586614e-05 1.957976e+04 6.274630e+02 5.668391e-04 3.674905e-02 5.752651e-05 3.405467e-02 8.120962e-05 2.688948e-03 7.417233e-01 3.942292e-04 1.836503e-01 1.234190e-05 2.153158e-05 
1.430404e-01 2.394862e-02 3.807734e+03 5.555945e-05 1.957616e+04 6.236178e+02 4.562582e-04 3.825272e-02 6.500112e-05 3.473423e-02 9.603780e-05 2.709547e-03 7.406950e-01 2.298689e-04 1.826960e-01 3.484996e-05 3.050035e-05 
1.462172e-01 2.404932e-02 3.787698e+03 5.489419e-05 1.957806e+04 6.192225e+02 4.288964e-04 3.680063e-02 2.751284e-05 3.356478e-02 1.148646e-04 3.146433e-03 7.420509e-01 2.295236e-04 1.835795e-01 2.292422e-05 3.407143e-05 
1.493939e-01 2.414902e-02 3.749115e+03 5.462381e-05 1.958535e+04 6.121673e+02 4.964200e-04 3.754965e-02 7.496736e-05 3.440180e-02 7.460059e-05 2.886453e-03 7.413863e-01 2.598228e-04 1.827830e-01 2.645815e-05 6.057122e-05 
1.525707e-01 2.424779e-02 3.707788e+03 5.409471e-05 1.957747e+04 6.040863e+02 4.235740e-04 3.724926e-02 3.138247e-05 3.428822e-02 7.472375e-05 2.913526e-03 7.413932e-01 2.535171e-04 1.833086e-01 3.491556e-05 2.903513e-05 
1.557475e-01 2.434569e-02 3.677079e+03 5.364152e-05 1.958376e+04 6.003242e+02 4.429208e-04 3.702950e-02 3.866256e-05 3.383942e-02 7.185543e-05 3.023314e-03 7.423571e-01 2.427119e-04 1.828648e-01 4.711703e-05 4.257430e-05 
1.589242e-01 2.444270e-02 3.653859e+03 5.329183e-05 1.958090e+04 5.969001e+02 4.091096e-04 3.785277e-02 5.595085e-05 3.375804e-02 7.260126e-05 3.078336e-03 7.408738e-01 2.444089e-04 1.836189e-01 2.644181e-05 9.706259e-06 
1.621010e-01 2.453877e-02 3.627509e+03 5.283427e-05 1.958132e+04 5.905208e+02 4.573847e-04 3.744043e-02 4.326665e-05 3.430642e-02 9.692475e-05 2.871530e-03 7.422701e-01 2.470322e-04 1.821968e-01 4.017078e-05 2.999047e-05 
1.652778e-01 2.463359e-02 3.589046e+03 5.227992e-05 1.958372e+04 5.815088e+02 4.739458e-04 3.701161e-02 4.830798e-05 3.346783e-02 6.593887e-05 3.219375e-03 7.420369e-01 3.041350e-04 1.833164e-01 1.668140e-05 3.888249e-05 
1.684545e-01 2.472726e-02 3.545041e+03 5.176283e-05 1.958322e+04 5.730797e+02 4.061756e-04 3.728656e-02 6.016771e-05 3.356813e-02 6.696119e-05 3.450155e-03 7.426060e-01 2.365693e-04 1.822768e-01 1.812260e-05 2.435472e-05 
1.716313e-01 2.482009e-02 3.527364e+03 5.156803e-05 1.958810e+04 5.706303e+02 4.676104e-04 3.653513e-02 3.044673e-05 3.491331e-02 7.742140e-05 3.429815e-03 7.412465e-01 2.782220e-04 1.829400e-01 4.391789e-05 3.760303e-05 
1.748081e-01 2.491186e-02 3.498007e+03 5.109512e-05 1.959136e+04 5.616224e+02 3.816958e-04 3.686965e-02 3.253245e-05 3.390497e-02 6.255743e-05 3.261868e-03 7.417405e-01 2.384872e-04 1.834596e-01 2.593665e-05 2.218179e-05 
1.779848e-01 2.500283e-02 3.486999e+03 5.048460e-05 1.958648e+04 5.632040e+02 5.476493e-04 3.603309e-02 4.420572e-05 3.453920e-02 1.144571e-04 3.741678e-03 7.405646e-01 3.150095e-04 1.840261e-01 4.086789e-05 3.310889e-05 
1.811616e-01 2.509345e-02 3.458221e+03 5.037426e-05 1.959160e+04 5.588948e+02 4.164230e-04 3.639685e-02 5.899168e-05 3.426183e-02 8.407467e-05 3.348504e-03 7.436852e-01 2.134913e-04 1.814748e-01 3.456899e-05 2.529615e-05 
1.843384e-01 2.518315e-02 3.439613e+03 4.978298e-05 1.959610e+04 5.551363e+02 4.285036e-04 3.654787e-02 4.709784e-05 3.430125e-02 7.012831e-05 3.450859e-03 7.415142e-01 2.558711e-04 1.833288e-01 1.605864e-05 3.934799e-05 
1.875152e-01 2.527214e-02 3.399078e+03 4.923257e-05 1.958819e+04 5.446002e+02 4.413330e-04 3.658720e-02 5.188604e-05 3.452191e-02 7.991691e-05 3.627780e-03 7.414939e-01 2.149062e-04 1.828865e-01 4.584527e-05 4.877818e-05 
1.906919e-01 2.536042e-02 3.392828e+03 4.904541e-05 1.959540e+04 5.463258e+02 5.355829e-04 3.669460e-02 5.165049e-05 3.428886e-02 1.109640e-04 3.685590e-03 7.418678e-01 3.037112e-04 1.823919e-01 4.335622e-05 2.590012e-05 
1.938687e-01 2.544773e-02 3.354163e+03 4.846632e-05 1.959549e+04 5.341302e+02 3.790711e-04 3.649180e-02 4.217320e-05 3.428012e-02 7.269066e-05 3.721951e-03 7.424579e-01 2.159292e-04 1.822901e-01 2.714288e-05 2.113484e-05 
1.970455e-01 2.553394e-02 3.352913e+03 4.829341e-05 1.959469e+04 5.293229e+02 4.977527e-04 3.534473e-02 4.312556e-05 3.387387e-02 1.056263e-04 3.865678e-03 7.421165e-01 2.731461e-04 1.838037e-01 4.991073e-05 2.594442e-05 
2.002222e-01 2.561925e-02 3.335492e+03 4.803383e-05 1.959339e+04 5.248201e+02 3.368164e-04 3.558949e-02 3.885082e-05 3.432061e-02 5.494154e-05 3.836924e-03 7.422332e-01 2.115217e-04 1.833461e-01 9.046410e-06 2.245601e-05 
2.033990e-01 2.570396e-02 3.308868e+03 4.735313e-05 1.959761e+04 5.231631e+02 4.659231e-04 3.553573e-02 6.756880e-05 3.284909e-02 5.580445e-05 3.993633e-03 7.434718e-01 2.455036e-04 1.832179e-01 4.289878e-05 5.414745e-05 
2.065758e-01 2.578821e-02 3.281284e+03 4.715749e-05 1.959710e+04 5.161859e+02 3.737166e-04 3.481857e-02 4.180485e-05 3.481775e-02 8.162436e-05 3.930366e-03 7.441401e-01 2.159956e-04 1.815458e-01 7.872593e-06 2.641893e-05 
2.097525e-01 2.587177e-02 3.265042e+03 4.679781e-05 1.959671e+04 5.147420e+02 4.497230e-04 3.514756e-02 8.205521e-05 3.396116e-02 9.047155e-05 3.923962e-03 7.449013e-01 2.113204e-04 1.811665e-01 4.545111e-05 2.042436e-05 
2.129293e-01 2.595437e-02 3.238826e+03 4.629261e-05 1.960324e+04 5.045108e+02 3.651417e-04 3.565525e-02 5.619040e-05 3.465876e-02 8.673934e-05 4.046280e-03 7.444874e-01 1.845555e-04 1.804220e-01 1.696931e-05 2.068732e-05 
2.161061e-01 2.603608e-02 3.227406e+03 4.606869e-05 1.960107e+04 5.030592e+02 3.779237e-04 3.491198e-02 2.118888e-05 3.365810e-02 6.245980e-05 3.996380e-03 7.430626e-01 2.408449e-04 1.836151e-01 2.160050e-05 3.182983e-05 
2.192828e-01 2.611708e-02 3.213518e+03 4.564818e-05 1.960301e+04 4.998589e+02 3.929208e-04 3.537609e-02 4.497384e-05 3.363084e-02 1.106821e-04 4.214621e-03 7.446290e-01 1.795965e-04 1.813636e-01 3.255015e-05 2.511778e-05 
2.224596e-01 2.619748e-02 3.183406e+03 4.510584e-05 1.959823e+04 4.941903e+02 4.312388e-04 3.523510e-02 6.618087e-05 3.464605e-02 6.230262e-05 4.194694e-03 7.442286e-01 2.574212e-04 1.808331e-01 1.875209e-05 2.658173e-05 
2.256364e-01 2.627704e-02 3.170245e+03 4.511954e-05 1.960262e+04 4.861969e+02 4.363417e-04 3.506270e-02 6.665696e-05 3.477450e-02 7.744863e-05 4.152234e-03 7.450090e-01 2.365607e-04 1.801289e-01 3.529211e-05 2.038281e-05 
2.288131e-01 2.635607e-02 3.153582e+03 4.443942e-05 1.960627e+04 4.856374e+02 3.328614e-04 3.575144e-02 3.403984e-05 3.449670e-02 6.534627e-05 4.493676e-03 7.418885e-01 1.961997e-04 1.827039e-01 1.301358e-05 2.426205e-05 
2.319899e-01 2.643440e-02 3.134105e+03 4.432409e-05 1.960510e+04 4.807654e+02 4.814457e-04 3.528130e-02 3.863055e-05 3.476031e-02 7.959758e-05 4.352977e-03 7.429925e-01 2.614323e-04 1.816500e-01 6.003016e-05 4.175543e-05 
2.351667e-01 2.651183e-02 3.143179e+03 4.392923e-05 1.960643e+04 4.801864e+02 4.216979e-04 3.491708e-02 7.377115e-05 3.432729e-02 8.024223e-05 4.558436e-03 7.424644e-01 2.487416e-04 1.828894e-01 4.566102e-06 1.437700e-05 
2.383434e-01 2.658884e-02 3.114611e+03 4.375009e-05 1.960498e+04 4.725517e+02 5.052631e-04 3.463022e-02 6.092855e-05 3.529607e-02 1.122700e-04 4.398394e-03 7.421860e-01 2.552447e-04 1.824787e-01 5.301347e-05 2.380583e-05 
2.415202e-01 2.666500e-02 3.095997e+03 4.324787e-05 1.960300e+04 4.716620e+02 3.849956e-04 3.543292e-02 7.595784e-05 3.526868e-02 5.249271e-05 4.549862e-03 7.418399e-01 2.034593e-04 1.821386e-01 2.270365e-05 3.038187e-05 
2.446970e-01 2.674071e-02 3.087509e+03 4.298161e-05 1.960741e+04 4.648048e+02 4.688283e-04 3.451522e-02 5.789143e-05 3.497237e-02 1.005736e-04 4.413581e-03 7.449267e-01 2.603652e-04 1.802345e-01 1.398909e-05 3.600900e-05 
2.478737e-01 2.681558e-02 3.054077e+03 4.271812e-05 1.961122e+04 4.586018e+02 3.594914e-04 3.496920e-02 5.305881e-05 3.484441e-02 4.501710e-05 4.607280e-03 7.432506e-01 2.011303e-04 1.816095e-01 3.474033e-05 2.554515e-05 
2.510505e-01 2.688971e-02 3.061055e+03 4.223301e-05 1.961133e+04 4.559704e+02 4.781617e-04 3.464559e-02 8.123992e-05 3.481330e-02 1.073442e-04 4.354224e-03 7.426689e-01 2.234981e-04 1.825617e-01 4.411764e-05 2.196223e-05 
2.542273e-01 2.696314e-02 3.025651e+03 4.212340e-05 1.960996e+04 4.519592e+02 4.901662e-04 3.494957e-02 3.203804e-05 3.497319e-02 7.052315e-05 4.889192e-03 7.421544e-01 2.914634e-04 1.820534e-01 5.084092e-05 4.530050e-05 
2.574040e-01 2.703603e-02 3.014495e+03 4.160205e-05 1.961219e+04 4.455962e+02 3.740988e-04 3.438043e-02 6.358959e-05 3.440535e-02 8.743833e-05 4.570453e-03 7.431085e-01 1.553411e-04 1.827871e-01 4.331071e-05 2.441820e-05 
2.605808e-01 2.710858e-02 3.021279e+03 4.140169e-05 1.961154e+04 4.441391e+02 5.101277e-04 3.501576e-02 7.903472e-05 3.526200e-02 4.942758e-05 4.816505e-03 7.437295e-01 3.166408e-04 1.801559e-01 3.099798e-05 3.402735e-05 
2.637576e-01 2.718054e-02 2.991903e+03 4.103609e-05 1.961108e+04 4.384808e+02 4.073588e-04 3.484323e-02 4.116762e-05 3.505678e-02 6.221096e-05 4.834232e-03 7.410823e-01 2.453494e-04 1.833687e-01 2.791455e-05 3.071698e-05 
2.669343e-01 2.725169e-02 2.991542e+03 4.076751e-05 1.961073e+04 4.414158e+02 4.882321e-04 3.477970e-02 6.999163e-05 3.476670e-02 9.240010e-05 4.896642e-03 7.439947e-01 2.722141e-04 1.805858e-01 1.657927e-05 3.704710e-05 
2.701111e-01 2.732195e-02 2.972078e+03 4.062448e-05 1.961030e+04 4.361814e+02 4.387306e-04 3.367854e-02 5.581398e-05 3.523864e-02 5.361501e-05 5.018633e-03 7.434545e-01 2.688428e-04 1.817323e-01 1.016895e-05 5.029000e-05 
2.732879e-01 2.739174e-02 2.961656e+03 4.031447e-05 1.961258e+04 4.297911e+02 3.277462e-04 3.390262e-02 5.372768e-05 3.456173e-02 5.429831e-05 5.292137e-03 7.423290e-01 1.550758e-04 1.832590e-01 2.372141e-05 4.092244e-05 
2.764646e-01 2.746142e-02 2.960339e+03 3.999912e-05 1.961333e+04 4.272270e+02 4.399494e-04 3.405204e-02 7.364319e-05 3.486703e-02 8.518751e-05 4.887737e-03 7.437951e-01 2.356539e-04 1.815182e-01 2.294571e-05 2.251931e-05 
2.796414e-01 2.753040e-02 2.929695e+03 3.984828e-05 1.961325e+04 4.261860e+02 3.832134e-04 3.481581e-02 4.695432e-05 3.417653e-02 5.811037e-05 4.913119e-03 7.414766e-01 1.750854e-04 1.838515e-01 3.198095e-05 7.108229e-05 
2.828182e-01 2.759872e-02 2.921677e+03 3.939092e-05 1.961589e+04 4.202618e+02 4.318154e-04 3.391465e-02 7.402230e-05 3.567484e-02 5.974905e-05 4.639848e-03 7.422151e-01 2.455011e-04 1.826920e-01 3.708456e-05 1.545810e-05 
2.859949e-01 2.766668e-02 2.909610e+03 3.922633e-05 1.961569e+04 4.182099e+02 4.553015e-04 3.394104e-02 5.536894e-05 3.488496e-02 9.572325e-05 5.034464e-03 7.432870e-01 2.586783e-04 1.819419e-01 9.117049e-06 3.641383e-05 
2.891717e-01 2.773425e-02 2.900314e+03 3.892534e-05 1.961463e+04 4.160449e+02 4.788500e-04 3.424615e-02 7.587911e-05 3.524802e-02 8.333093e-05 5.044439e-03 7.425917e-01 2.550393e-04 1.819120e-01 2.725705e-05 3.734380e-05 
2.923485e-01 2.780097e-02 2.888491e+03 3.893327e-05 1.961658e+04 4.109194e+02 4.454771e-04 3.408506e-02 7.933869e-05 3.471249e-02 9.322108e-05 5.239059e-03 7.444213e-01 2.192927e-04 1.806512e-01 2.734393e-05 2.628057e-05 
2.955253e-01 2.786729e-02 2.871918e+03 3.842147e-05 1.961459e+04 4.063173e+02 4.357252e-04 3.353089e-02 3.475679e-05 3.481664e-02 5.679372e-05 5.192252e-03 7.438720e-01 2.546867e-04 1.817168e-01 1.672362e-05 7.276379e-05 
2.987020e-01 2.793319e-02 2.860539e+03 3.847036e-05 1.961801e+04 4.024311e+02 4.876438e-04 3.375932e-02 2.960478e-05 3.409488e-02 6.799014e-05 5.012802e-03 7.437634e-01 3.165764e-04 1.823943e-01 3.273502e-05 4.073711e-05 
3.018788e-01 2.799834e-02 2.864196e+03 3.804487e-05 1.961626e+04 3.976296e+02 4.247397e-04 3.390403e-02 3.458815e-05 3.524838e-02 6.935938e-05 4.935427e-03 7.426447e-01 2.348151e-04 1.824180e-01 4.448753e-05 4.148952e-05 
3.050556e-01 2.806264e-02 2.854372e+03 3.786163e-05 1.961592e+04 3.962833e+02 3.733117e-04 3.376716e-02 3.143570e-05 3.485418e-02 3.972613e-05 5.369704e-03 7.436960e-01 2.350748e-04 1.815663e-01 3.768989e-05 2.938501e-05 
3.082323e-01 2.812674e-02 2.839661e+03 3.757602e-05 1.961971e+04 3.946678e+02 4.732390e-04 3.317349e-02 6.011341e-05 3.560184e-02 7.615318e-05 5.142057e-03 7.431975e-01 2.540065e-04 1.819387e-01 4.836234e-05 3.460368e-05 
3.114091e-01 2.819030e-02 2.839214e+03 3.729350e-05 1.961455e+04 3.880548e+02 4.986722e-04 3.400847e-02 8.062457e-05 3.513986e-02 1.167348e-04 5.184868e-03 7.409457e-01 2.573770e-04 1.837237e-01 3.941932e-05 4.516286e-06 
3.145859e-01 2.825337e-02 2.815774e+03 3.709586e-05 1.961805e+04 3.897789e+02 3.777108e-04 3.324696e-02 5.841957e-05 3.563638e-02 3.234226e-05 5.621792e-03 7.433735e-01 2.387443e-04 1.813660e-01 3.220866e-05 1.599608e-05 
3.177626e-01 2.831615e-02 2.798098e+03 3.688297e-05 1.961558e+04 3.846500e+02 3.612620e-04 3.290650e-02 3.298554e-05 3.560602e-02 4.856586e-05 5.535024e-03 7.449944e-01 2.282335e-04 1.802356e-01 2.234728e-05 2.912969e-05 
3.209394e-01 2.837813e-02 2.788496e+03 3.656034e-05 1.961783e+04 3.821808e+02 3.637298e-04 3.382093e-02 4.374315e-05 3.585617e-02 5.374167e-05 5.599067e-03 7.421682e-01 1.805814e-04 1.818281e-01 4.815450e-05 3.750880e-05 
3.241162e-01 2.843981e-02 2.785887e+03 3.644234e-05 1.962180e+04 3.834913e+02 4.158248e-04 3.274092e-02 7.696398e-05 3.598938e-02 5.632116e-05 5.301921e-03 7.440973e-01 2.174109e-04 1.810388e-01 2.706826e-05 3.806026e-05 
3.272929e-01 2.850167e-02 2.775106e+03 3.610147e-05 1.961975e+04 3.783959e+02 3.783005e-04 3.294339e-02 4.686835e-05 3.616572e-02 6.183283e-05 5.598800e-03 7.429668e-01 1.835490e-04 1.815687e-01 2.748919e-05 5.856125e-05 
3.304697e-01 2.856278e-02 2.780746e+03 3.600486e-05 1.962224e+04 3.782474e+02 4.848475e-04 3.376583e-02 1.015119e-04 3.607381e-02 6.718218e-05 5.666643e-03 7.427620e-01 2.058816e-04 1.807620e-01 8.137614e-05 2.889548e-05 
3.336465e-01 2.862352e-02 2.754530e+03 3.573657e-05 1.962303e+04 3.759028e+02 4.308206e-04 3.261673e-02 6.849917e-05 3.525965e-02 7.382898e-05 6.014085e-03 7.434404e-01 2.244460e-04 1.818074e-01 3.138860e-05 3.265678e-05 
3.368232e-01 2.868365e-02 2.750038e+03 3.538723e-05 1.962218e+04 3.692299e+02 4.550460e-04 3.365045e-02 4.599625e-05 3.700478e-02 7.070024e-05 5.557192e-03 7.415480e-01 2.735507e-04 1.813295e-01 4.249535e-05 2.230295e-05 
3.400000e-01 2.874350e-02 2.741430e+03 3.541558e-05 1.962130e+04 3.633720e+02 4.962463e-04 3.340843e-02 6.767032e-05 3.551957e-02 9.150883e-05 5.700900e-03 7.431034e-01 2.851240e-04 1.812752e-01 4.001125e-05 1.193184e-05 
