2.550000e-02 2.227147e-03 2.999174e+04 1.361273e-05 1.430187e+04 -1.951160e+02 5.973468e-03 3.238558e-01 1.056575e-03 1.619158e-01 8.600844e-04 9.737228e-04 4.348663e-01 3.151339e-03 6.644143e-02 3.806637e-04 5.248201e-04 
2.867677e-02 2.185539e-03 2.751274e+04 1.357238e-05 1.466765e+04 -1.538040e+02 5.539692e-03 3.166362e-01 9.331458e-04 1.635324e-01 1.063107e-03 1.087005e-03 4.411672e-01 2.757122e-03 6.649786e-02 5.305513e-04 2.557647e-04 
3.185354e-02 2.153736e-03 2.584668e+04 1.352110e-05 1.503277e+04 -1.627229e+02 4.846397e-03 3.067087e-01 6.468009e-04 1.660740e-01 7.525661e-04 1.587223e-03 4.471848e-01 2.711489e-03 6.875250e-02 3.015252e-04 4.340130e-04 
3.503030e-02 2.128850e-03 2.456477e+04 1.359856e-05 1.530232e+04 -9.158311e+01 4.189790e-03 3.055026e-01 5.663507e-04 1.558120e-01 9.021721e-04 1.687292e-03 4.556298e-01 2.332357e-03 7.298874e-02 1.500696e-04 2.388342e-04 
3.820707e-02 2.105102e-03 2.315138e+04 1.352213e-05 1.557909e+04 -1.034186e+02 4.820863e-03 2.976810e-01 1.125828e-03 1.602546e-01 7.472786e-04 1.951931e-03 4.575266e-01 2.176180e-03 7.294407e-02 4.387108e-04 3.328674e-04 
4.138384e-02 2.086381e-03 2.193217e+04 1.349902e-05 1.582026e+04 -8.410044e+01 3.800057e-03 2.836192e-01 3.883726e-04 1.585038e-01 6.445993e-04 1.990428e-03 4.747553e-01 2.233776e-03 7.353117e-02 3.218239e-04 2.114827e-04 
4.456061e-02 2.071840e-03 2.061990e+04 1.369009e-05 1.602346e+04 -9.888101e+01 3.567533e-03 2.760505e-01 7.174812e-04 1.569103e-01 6.284776e-04 1.926327e-03 4.817655e-01 1.990754e-03 7.621238e-02 1.006677e-04 1.301627e-04 
4.773737e-02 2.052360e-03 1.977902e+04 1.380897e-05 1.623170e+04 -9.345143e+01 3.909518e-03 2.680115e-01 5.164463e-04 1.543674e-01 4.727947e-04 2.035021e-03 4.891002e-01 2.236391e-03 7.866685e-02 3.982835e-04 2.856118e-04 
5.091414e-02 2.037384e-03 1.881441e+04 1.366022e-05 1.641193e+04 -8.298948e+01 3.694952e-03 2.672872e-01 4.095145e-04 1.555657e-01 6.494834e-04 1.738321e-03 4.865497e-01 2.205395e-03 8.146916e-02 1.718799e-04 2.586887e-04 
5.409091e-02 2.024003e-03 1.809114e+04 1.379495e-05 1.654964e+04 -4.083795e+01 3.035642e-03 2.564968e-01 4.352531e-04 1.546252e-01 5.196323e-04 2.288040e-03 5.037384e-01 1.736212e-03 7.678028e-02 1.214867e-04 2.230659e-04 
5.726768e-02 2.012010e-03 1.752243e+04 1.378653e-05 1.671742e+04 -1.142278e+02 3.387300e-03 2.517349e-01 5.584780e-04 1.458403e-01 8.074511e-04 2.220607e-03 5.104938e-01 1.616387e-03 8.293574e-02 2.738598e-04 1.311339e-04 
6.044444e-02 1.999799e-03 1.653915e+04 1.358938e-05 1.682367e+04 -3.415960e+01 3.554947e-03 2.459197e-01 7.308577e-04 1.457856e-01 4.379694e-04 2.264499e-03 5.103601e-01 1.896015e-03 8.856025e-02 1.944990e-04 2.955933e-04 
6.362121e-02 1.988311e-03 1.592521e+04 1.416079e-05 1.696605e+04 -6.623247e+01 3.075409e-03 2.385908e-01 3.336985e-04 1.481516e-01 3.975153e-04 2.978641e-03 5.165026e-01 1.826347e-03 8.762560e-02 3.173264e-04 2.005156e-04 
6.679798e-02 1.976331e-03 1.545264e+04 1.375321e-05 1.704925e+04 -5.148760e+01 2.992597e-03 2.371284e-01 2.900955e-04 1.396256e-01 2.532513e-04 3.101091e-03 5.236271e-01 1.980093e-03 9.053266e-02 3.217990e-04 1.473647e-04 
6.997475e-02 1.965742e-03 1.485939e+04 1.415204e-05 1.713414e+04 -7.278107e+01 3.448729e-03 2.263976e-01 5.082487e-04 1.424434e-01 3.928290e-04 2.496932e-03 5.297918e-01 1.993882e-03 9.197281e-02 1.355352e-04 4.182311e-04 
7.315152e-02 1.949340e-03 1.436490e+04 1.418028e-05 1.726072e+04 -7.883028e+01 2.731640e-03 2.261255e-01 3.216811e-04 1.403681e-01 2.923244e-04 2.936104e-03 5.316734e-01 1.694146e-03 9.343363e-02 1.862552e-04 2.372362e-04 
7.632828e-02 1.934163e-03 1.405341e+04 1.436789e-05 1.732334e+04 -8.862874e+01 2.965405e-03 2.207052e-01 3.375456e-04 1.312789e-01 3.561468e-04 2.325790e-03 5.439171e-01 1.879714e-03 9.584208e-02 1.646445e-04 2.273504e-04 
7.950505e-02 1.922236e-03 1.352069e+04 1.435142e-05 1.741694e+04 -6.237064e+01 2.283093e-03 2.162045e-01 2.780497e-04 1.370612e-01 2.214397e-04 2.733336e-03 5.450744e-01 1.606151e-03 9.436035e-02 3.758556e-05 1.398650e-04 
8.268182e-02 1.910624e-03 1.315362e+04 1.441619e-05 1.750584e+04 -4.894052e+01 2.547831e-03 2.075826e-01 6.244520e-04 1.384838e-01 4.130713e-04 3.159590e-03 5.512320e-01 1.298992e-03 9.444641e-02 6.423594e-05 1.470789e-04 
8.585859e-02 1.899397e-03 1.262095e+04 1.451170e-05 1.758869e+04 -6.273115e+01 2.944943e-03 2.089042e-01 3.239905e-04 1.341064e-01 5.124558e-04 3.943343e-03 5.503166e-01 1.637527e-03 9.683954e-02 2.317178e-04 2.392601e-04 
8.903535e-02 1.890404e-03 1.250243e+04 1.464474e-05 1.766704e+04 -5.885319e+01 2.959080e-03 2.009510e-01 2.878506e-04 1.286369e-01 5.014095e-04 3.378635e-03 5.592275e-01 1.810259e-03 1.018878e-01 1.360615e-04 2.235061e-04 
9.221212e-02 1.878139e-03 1.206752e+04 1.461947e-05 1.769571e+04 -3.712477e+01 2.925764e-03 1.944129e-01 2.089844e-04 1.289170e-01 6.162235e-04 3.188072e-03 5.653617e-01 1.762969e-03 1.022689e-01 6.715943e-05 2.704330e-04 
9.538889e-02 1.868579e-03 1.173384e+04 1.482055e-05 1.776571e+04 -4.743891e+01 2.139611e-03 1.971878e-01 1.854641e-04 1.250347e-01 2.961597e-04 3.472899e-03 5.643221e-01 1.337259e-03 1.057034e-01 1.849418e-04 1.357846e-04 
9.856566e-02 1.859220e-03 1.152243e+04 1.497759e-05 1.786054e+04 -3.238060e+01 2.790915e-03 1.906918e-01 2.143586e-04 1.266458e-01 5.191676e-04 3.102033e-03 5.689285e-01 1.435181e-03 1.050500e-01 3.015803e-04 3.206270e-04 
1.017424e-01 1.850617e-03 1.119085e+04 1.506484e-05 1.787910e+04 -6.448667e+01 2.716295e-03 1.855684e-01 3.017922e-04 1.217678e-01 1.077655e-04 3.299901e-03 5.746810e-01 1.880165e-03 1.092503e-01 1.454180e-04 2.811610e-04 
1.049192e-01 1.844037e-03 1.080196e+04 1.504313e-05 1.793080e+04 -3.222900e+01 2.844692e-03 1.804427e-01 4.339830e-04 1.246475e-01 1.892881e-04 3.743529e-03 5.739357e-01 1.647067e-03 1.115412e-01 4.237275e-04 1.506267e-04 
1.080960e-01 1.835205e-03 1.049750e+04 1.547515e-05 1.797299e+04 -3.922511e+01 3.105603e-03 1.802036e-01 2.457198e-04 1.171944e-01 2.842159e-04 3.589275e-03 5.815884e-01 2.160044e-03 1.112131e-01 1.824038e-04 2.332148e-04 
1.112727e-01 1.828779e-03 1.044856e+04 1.523282e-05 1.802318e+04 -2.694633e+01 2.628742e-03 1.748970e-01 2.385169e-04 1.183069e-01 3.333792e-04 3.218981e-03 5.854160e-01 1.554768e-03 1.129036e-01 8.015651e-05 4.219206e-04 
1.144495e-01 1.821926e-03 1.021236e+04 1.547717e-05 1.807266e+04 -4.426891e+01 2.362613e-03 1.726978e-01 2.289060e-04 1.188413e-01 3.142273e-04 3.942095e-03 5.826657e-01 1.537373e-03 1.171280e-01 6.151425e-05 2.205910e-04 
1.176263e-01 1.814293e-03 9.912001e+03 1.543877e-05 1.811744e+04 -4.432675e+01 2.662467e-03 1.695341e-01 3.007381e-04 1.168113e-01 2.301790e-04 3.534212e-03 5.905419e-01 1.730548e-03 1.142535e-01 1.775392e-04 2.234601e-04 
1.208030e-01 1.806279e-03 9.672113e+03 1.562686e-05 1.817160e+04 -4.570882e+01 2.771239e-03 1.715623e-01 2.278955e-04 1.132918e-01 7.687252e-04 2.770715e-03 5.941869e-01 1.286985e-03 1.126458e-01 7.764445e-05 4.099880e-04 
1.239798e-01 1.799695e-03 9.520054e+03 1.555214e-05 1.818474e+04 -3.783952e+01 2.358737e-03 1.604361e-01 3.193099e-04 1.185994e-01 1.237900e-04 3.489957e-03 5.947176e-01 1.539374e-03 1.180395e-01 1.291456e-04 2.471153e-04 
1.271566e-01 1.791581e-03 9.329260e+03 1.577233e-05 1.824894e+04 -6.438987e+01 1.631149e-03 1.664495e-01 3.394405e-04 1.113071e-01 2.086206e-04 3.935169e-03 5.978866e-01 9.440359e-04 1.171594e-01 5.376800e-05 8.528444e-05 
1.303333e-01 1.783266e-03 9.083703e+03 1.570021e-05 1.823961e+04 -4.585570e+01 2.294359e-03 1.607430e-01 2.429843e-04 1.150015e-01 2.985828e-04 3.612868e-03 5.965248e-01 1.339763e-03 1.195290e-01 1.448165e-04 2.682141e-04 
1.335101e-01 1.776456e-03 9.008593e+03 1.598311e-05 1.827604e+04 -2.244916e+01 2.061825e-03 1.554104e-01 1.394756e-04 1.082948e-01 5.323732e-04 3.080034e-03 6.072522e-01 1.262228e-03 1.218390e-01 2.324475e-05 1.045023e-04 
1.366869e-01 1.770410e-03 8.734366e+03 1.599127e-05 1.831036e+04 -3.560835e+01 2.631047e-03 1.553199e-01 4.215301e-04 1.081280e-01 3.552094e-04 3.718944e-03 6.066373e-01 1.514530e-03 1.209337e-01 2.575219e-04 8.225457e-05 
1.398636e-01 1.763568e-03 8.622091e+03 1.592821e-05 1.833645e+04 -1.752856e+01 1.973295e-03 1.493303e-01 4.845113e-04 1.034475e-01 3.153514e-04 3.225773e-03 6.163745e-01 1.015983e-03 1.236753e-01 6.627269e-05 9.117802e-05 
1.430404e-01 1.758312e-03 8.379749e+03 1.627562e-05 1.838205e+04 -3.897550e+01 2.436984e-03 1.487997e-01 2.215724e-04 1.030383e-01 5.019641e-04 3.957116e-03 6.130061e-01 1.626527e-03 1.263248e-01 3.902989e-05 4.788779e-05 
1.462172e-01 1.752903e-03 8.307770e+03 1.611140e-05 1.840016e+04 -3.509975e+01 2.601478e-03 1.472171e-01 5.891247e-04 1.031818e-01 4.879180e-04 3.901947e-03 6.138294e-01 1.147191e-03 1.266668e-01 1.021534e-04 2.750905e-04 
1.493939e-01 1.746705e-03 8.094432e+03 1.615306e-05 1.845312e+04 -4.769974e+01 2.225850e-03 1.453704e-01 2.770484e-04 9.890129e-02 3.212046e-04 3.507879e-03 6.220719e-01 1.311267e-03 1.256969e-01 2.254378e-04 9.088907e-05 
1.525707e-01 1.742507e-03 7.936821e+03 1.629300e-05 1.847608e+04 -6.526525e+00 2.437790e-03 1.447341e-01 2.006244e-04 1.028114e-01 7.710854e-04 4.123352e-03 6.184068e-01 1.193855e-03 1.250487e-01 1.487815e-04 1.234384e-04 
1.557475e-01 1.739683e-03 7.783399e+03 1.625964e-05 1.846764e+04 -1.497870e+01 2.333733e-03 1.472394e-01 3.780885e-04 1.054101e-01 1.973333e-04 4.047141e-03 6.125399e-01 1.433787e-03 1.260959e-01 1.335966e-04 1.909284e-04 
1.589242e-01 1.736006e-03 7.776027e+03 1.643745e-05 1.851253e+04 2.300285e+00 2.173470e-03 1.367086e-01 2.271639e-04 1.034210e-01 3.351151e-04 4.617019e-03 6.168375e-01 1.486885e-03 1.340691e-01 5.869737e-05 6.560797e-05 
1.621010e-01 1.732556e-03 7.539189e+03 1.642761e-05 1.851859e+04 -1.781792e+01 1.674997e-03 1.388039e-01 2.421286e-04 1.003167e-01 2.860468e-04 4.498461e-03 6.230580e-01 1.022021e-03 1.299729e-01 4.461902e-05 8.018042e-05 
1.652778e-01 1.728056e-03 7.492206e+03 1.664051e-05 1.855849e+04 -2.093426e+01 2.012378e-03 1.396304e-01 1.817812e-04 9.618587e-02 2.436488e-04 4.386321e-03 6.241985e-01 1.328050e-03 1.315741e-01 4.177107e-05 2.171303e-04 
1.684545e-01 1.725019e-03 7.326504e+03 1.632510e-05 1.854735e+04 -4.338903e+00 1.795348e-03 1.397074e-01 2.254128e-04 1.002273e-01 4.596673e-04 4.236607e-03 6.229796e-01 9.434455e-04 1.292583e-01 9.375824e-05 7.306276e-05 
1.716313e-01 1.723570e-03 7.224595e+03 1.652003e-05 1.858702e+04 1.594424e+01 1.901742e-03 1.367599e-01 4.401713e-04 9.832862e-02 2.802256e-04 4.712647e-03 6.265235e-01 1.048701e-03 1.298719e-01 7.092535e-05 6.171589e-05 
1.748081e-01 1.722548e-03 7.198948e+03 1.667825e-05 1.861803e+04 -3.517159e+01 1.298132e-03 1.285619e-01 1.234185e-04 9.700074e-02 2.468792e-04 3.931121e-03 6.378523e-01 6.550564e-04 1.300578e-01 1.186244e-04 1.541523e-04 
1.779848e-01 1.720676e-03 6.990664e+03 1.670647e-05 1.860684e+04 -2.390122e+01 1.385821e-03 1.335632e-01 1.058891e-04 1.004997e-01 2.041271e-04 4.333332e-03 6.256020e-01 8.320963e-04 1.332301e-01 1.118248e-04 1.318841e-04 
1.811616e-01 1.718444e-03 6.988492e+03 1.670204e-05 1.864684e+04 -3.154025e+01 2.345594e-03 1.357792e-01 7.527310e-04 9.439160e-02 3.736518e-04 4.954701e-03 6.296111e-01 1.031451e-03 1.305722e-01 1.234722e-04 6.428856e-05 
1.843384e-01 1.714831e-03 6.897769e+03 1.680911e-05 1.867002e+04 -2.652732e+01 2.034222e-03 1.264528e-01 3.842000e-04 9.319727e-02 3.441244e-04 4.537374e-03 6.329474e-01 1.175352e-03 1.387967e-01 3.387877e-06 1.271556e-04 
1.875152e-01 1.710285e-03 6.815293e+03 1.666137e-05 1.867334e+04 -3.333414e+01 1.485572e-03 1.281953e-01 2.507222e-04 9.499754e-02 4.086866e-04 4.675859e-03 6.316790e-01 6.486077e-04 1.374812e-01 2.481944e-05 1.527358e-04 
1.906919e-01 1.706275e-03 6.610509e+03 1.681697e-05 1.868616e+04 -2.532050e+01 1.797521e-03 1.227806e-01 4.036876e-04 9.534208e-02 4.075010e-04 4.664002e-03 6.374725e-01 7.815617e-04 1.361457e-01 4.524410e-05 1.595270e-04 
1.938687e-01 1.700932e-03 6.501996e+03 1.664974e-05 1.870508e+04 -3.332383e+01 1.688852e-03 1.263170e-01 2.994834e-04 9.301535e-02 2.048644e-04 4.462439e-03 6.351401e-01 1.048521e-03 1.376874e-01 5.247485e-05 8.350893e-05 
1.970455e-01 1.697056e-03 6.512856e+03 1.703128e-05 1.872464e+04 -3.383004e+01 1.070051e-03 1.221405e-01 1.131648e-04 9.428122e-02 1.975552e-04 4.712793e-03 6.385481e-01 5.994110e-04 1.381773e-01 3.076059e-05 1.291593e-04 
2.002222e-01 1.693163e-03 6.413218e+03 1.686960e-05 1.874411e+04 -7.583621e+00 1.823703e-03 1.178672e-01 6.389110e-05 8.914874e-02 6.438147e-04 4.334271e-03 6.453627e-01 9.917120e-04 1.396397e-01 8.698496e-05 3.729859e-05 
2.033990e-01 1.691179e-03 6.304900e+03 1.691681e-05 1.875228e+04 -6.427440e+00 1.468106e-03 1.214498e-01 2.668280e-04 9.853894e-02 2.734853e-04 5.846301e-03 6.354721e-01 7.806537e-04 1.357567e-01 7.474584e-05 7.239484e-05 
2.065758e-01 1.688334e-03 6.329744e+03 1.702121e-05 1.878290e+04 -9.186484e+00 1.634037e-03 1.185317e-01 2.987177e-04 9.027705e-02 3.352317e-04 4.652646e-03 6.436034e-01 7.447948e-04 1.396671e-01 1.439704e-04 1.113209e-04 
2.097525e-01 1.687080e-03 6.222191e+03 1.697590e-05 1.877702e+04 -1.679361e+01 1.502261e-03 1.153143e-01 3.056632e-05 8.840742e-02 2.754378e-04 5.906581e-03 6.470206e-01 1.104970e-03 1.403465e-01 2.126118e-05 7.002816e-05 
2.129293e-01 1.685343e-03 6.070432e+03 1.698593e-05 1.879296e+04 -2.234188e+01 1.680754e-03 1.130004e-01 3.167768e-04 8.621168e-02 2.719550e-04 5.147032e-03 6.525319e-01 1.029737e-03 1.397475e-01 2.938807e-05 3.290007e-05 
2.161061e-01 1.684856e-03 6.079460e+03 1.688779e-05 1.881764e+04 1.034423e+01 1.272573e-03 1.132237e-01 9.842697e-05 8.741533e-02 3.402297e-04 4.719055e-03 6.488597e-01 7.051011e-04 1.432371e-01 4.214577e-05 8.666964e-05 
2.192828e-01 1.683442e-03 6.012117e+03 1.712567e-05 1.882061e+04 -2.146230e+01 1.320277e-03 1.129283e-01 2.949967e-04 8.821571e-02 1.201981e-04 5.986482e-03 6.514151e-01 7.276552e-04 1.388138e-01 1.258464e-04 5.157858e-05 
2.224596e-01 1.681597e-03 5.970944e+03 1.704281e-05 1.883294e+04 -2.545732e+00 1.049942e-03 1.111844e-01 1.121276e-04 9.117212e-02 1.769875e-04 4.964273e-03 6.446505e-01 6.362010e-04 1.459288e-01 6.749034e-05 5.713631e-05 
2.256364e-01 1.679039e-03 5.862087e+03 1.708019e-05 1.884437e+04 -1.032986e+01 9.109090e-04 1.090119e-01 1.803732e-04 8.833972e-02 1.620562e-04 5.634165e-03 6.531483e-01 4.884710e-04 1.420441e-01 1.841022e-05 6.159950e-05 
2.288131e-01 1.676933e-03 5.765949e+03 1.730177e-05 1.885346e+04 -1.595318e+01 1.245045e-03 1.076195e-01 1.119927e-04 8.809020e-02 2.065247e-04 5.483614e-03 6.509036e-01 6.234638e-04 1.454129e-01 1.645187e-04 1.385454e-04 
2.319899e-01 1.674823e-03 5.739852e+03 1.723564e-05 1.885267e+04 -6.461106e+00 1.020030e-03 1.058627e-01 6.455345e-05 8.600769e-02 2.798949e-04 5.690404e-03 6.573261e-01 5.779124e-04 1.430730e-01 7.376181e-05 2.390621e-05 
2.351667e-01 1.671916e-03 5.670731e+03 1.735742e-05 1.888083e+04 -4.138698e+00 1.575172e-03 1.098101e-01 1.539878e-04 8.651067e-02 3.714266e-04 5.574738e-03 6.498816e-01 8.878177e-04 1.450726e-01 6.569819e-06 1.553677e-04 
2.383434e-01 1.670045e-03 5.665131e+03 1.719524e-05 1.886714e+04 4.638892e-01 1.521918e-03 1.007740e-01 1.872801e-04 8.705647e-02 1.486828e-04 6.341630e-03 6.567170e-01 1.063294e-03 1.460670e-01 9.808715e-05 2.457414e-05 
2.415202e-01 1.667509e-03 5.572542e+03 1.724284e-05 1.887686e+04 7.275564e+00 1.038518e-03 1.083891e-01 6.628875e-05 8.562093e-02 2.441667e-04 5.820977e-03 6.548160e-01 5.387885e-04 1.432759e-01 1.477896e-04 4.148452e-05 
2.446970e-01 1.666758e-03 5.549371e+03 1.723221e-05 1.889700e+04 -1.123136e+00 1.044927e-03 1.029241e-01 1.322519e-04 8.519456e-02 2.237789e-04 6.347577e-03 6.575812e-01 6.209630e-04 1.458627e-01 3.780991e-05 3.012268e-05 
2.478737e-01 1.665555e-03 5.516665e+03 1.741975e-05 1.890160e+04 2.031895e+00 1.017911e-03 1.072166e-01 6.163937e-05 8.585924e-02 2.131641e-04 5.817814e-03 6.541428e-01 6.524258e-04 1.449277e-01 3.554027e-05 5.514157e-05 
2.510505e-01 1.665774e-03 5.435071e+03 1.728995e-05 1.890993e+04 1.299590e+00 1.545474e-03 1.026251e-01 4.487889e-04 8.071464e-02 4.266981e-04 6.981766e-03 6.561431e-01 4.793850e-04 1.504444e-01 8.130622e-05 1.092982e-04 
2.542273e-01 1.665391e-03 5.440919e+03 1.744027e-05 1.890044e+04 -3.951309e+00 1.156850e-03 1.064163e-01 2.943703e-05 8.207274e-02 2.777250e-04 6.444817e-03 6.576858e-01 7.098612e-04 1.450666e-01 9.268194e-05 4.714358e-05 
2.574040e-01 1.664792e-03 5.319033e+03 1.740646e-05 1.894239e+04 8.128772e+00 1.226455e-03 9.893646e-02 1.521355e-04 8.406055e-02 1.214578e-04 6.479180e-03 6.610857e-01 8.688107e-04 1.469852e-01 7.815575e-05 5.894313e-06 
2.605808e-01 1.664391e-03 5.270317e+03 1.724158e-05 1.894783e+04 -1.695689e+01 1.489701e-03 1.045389e-01 8.186779e-05 8.168428e-02 4.617724e-04 6.334748e-03 6.571384e-01 8.298127e-04 1.473243e-01 2.690522e-05 8.934237e-05 
2.637576e-01 1.662487e-03 5.208941e+03 1.733450e-05 1.893742e+04 6.830078e+00 1.768879e-03 1.071600e-01 6.972879e-05 8.103941e-02 2.788984e-04 5.936969e-03 6.572441e-01 1.335446e-03 1.450818e-01 5.879409e-05 2.601024e-05 
2.669343e-01 1.662630e-03 5.247683e+03 1.755209e-05 1.895411e+04 -1.827877e+01 1.179733e-03 1.026186e-01 1.567467e-04 7.938246e-02 3.301068e-04 6.252775e-03 6.614779e-01 5.954783e-04 1.479088e-01 8.041636e-05 1.698526e-05 
2.701111e-01 1.662522e-03 5.208186e+03 1.734561e-05 1.895669e+04 5.345040e+00 1.416058e-03 9.962445e-02 1.456406e-04 8.368909e-02 1.544872e-04 7.860854e-03 6.584050e-01 1.059878e-03 1.475885e-01 5.323243e-05 2.819253e-06 
2.732879e-01 1.662756e-03 5.149575e+03 1.757008e-05 1.896396e+04 2.655195e+00 9.511741e-04 9.710881e-02 3.506770e-05 8.106420e-02 1.398150e-04 6.199016e-03 6.667403e-01 7.424445e-04 1.469854e-01 2.230690e-05 1.153889e-05 
2.764646e-01 1.662704e-03 5.099199e+03 1.717194e-05 1.897328e+04 1.516967e+01 1.086969e-03 1.006651e-01 2.573450e-04 7.708129e-02 2.694822e-05 6.010510e-03 6.667980e-01 7.531319e-04 1.472711e-01 4.954387e-05 0.000000e+00 
2.796414e-01 1.663214e-03 5.054680e+03 1.736282e-05 1.899105e+04 6.218352e+00 1.607836e-03 9.913397e-02 2.945050e-04 7.645919e-02 4.087495e-04 6.336419e-03 6.635911e-01 6.043763e-04 1.512637e-01 2.388641e-04 6.134410e-05 
2.828182e-01 1.662242e-03 4.982159e+03 1.730525e-05 1.899700e+04 -1.386134e+00 1.477141e-03 1.023289e-01 2.140569e-04 7.978206e-02 3.172528e-04 5.656670e-03 6.623320e-01 8.697708e-04 1.469461e-01 6.533372e-05 1.072625e-05 
2.859949e-01 1.662343e-03 4.990824e+03 1.730486e-05 1.899496e+04 2.239652e+00 1.427855e-03 9.621076e-02 3.055056e-04 7.869298e-02 2.847083e-04 7.248180e-03 6.667200e-01 7.455180e-04 1.482724e-01 6.882500e-05 2.329444e-05 
2.891717e-01 1.661996e-03 4.965866e+03 1.727607e-05 1.899734e+04 -1.325860e+01 1.329858e-03 9.483015e-02 1.484758e-04 7.626873e-02 3.562603e-04 6.074003e-03 6.683399e-01 6.442172e-04 1.518275e-01 1.029449e-04 7.795904e-05 
2.923485e-01 1.661272e-03 4.868819e+03 1.711810e-05 1.900728e+04 -1.668254e+01 1.550500e-03 9.654529e-02 1.745600e-04 7.814406e-02 1.357139e-04 5.847765e-03 6.690551e-01 1.100129e-03 1.473068e-01 4.894287e-05 9.115117e-05 
2.955253e-01 1.660107e-03 4.868027e+03 1.717704e-05 1.902339e+04 -3.096517e+00 1.337275e-03 9.439757e-02 2.245107e-04 7.899244e-02 4.034549e-04 6.248918e-03 6.675772e-01 6.464377e-04 1.501093e-01 6.162392e-05 1.247793e-06 
2.987020e-01 1.660203e-03 4.859276e+03 1.736473e-05 1.902502e+04 5.619441e-01 1.207987e-03 9.806808e-02 1.680543e-04 7.710898e-02 2.088432e-04 7.228528e-03 6.659265e-01 7.602309e-04 1.492519e-01 4.401502e-05 2.684287e-05 
3.018788e-01 1.660471e-03 4.810696e+03 1.743084e-05 1.902581e+04 -1.199402e+00 1.281031e-03 9.446445e-02 1.452274e-04 7.711153e-02 3.121867e-04 6.968265e-03 6.697419e-01 6.715736e-04 1.491518e-01 1.282641e-04 2.377597e-05 
3.050556e-01 1.661126e-03 4.775803e+03 1.746731e-05 1.903536e+04 -1.925824e+01 1.088507e-03 9.241836e-02 1.322208e-04 7.830205e-02 4.279427e-04 5.895741e-03 6.754398e-01 4.709610e-04 1.457671e-01 3.919567e-05 1.818629e-05 
3.082323e-01 1.660472e-03 4.712487e+03 1.753505e-05 1.901902e+04 -5.779770e+00 1.114255e-03 9.318975e-02 4.915673e-04 7.464450e-02 9.767325e-05 7.003638e-03 6.757761e-01 4.278710e-04 1.471575e-01 5.319077e-05 4.395391e-05 
3.114091e-01 1.660912e-03 4.819035e+03 1.740901e-05 1.903758e+04 3.699899e+00 9.672125e-04 8.915260e-02 3.345696e-05 7.939841e-02 1.477433e-04 1.072424e-02 6.738717e-01 6.863321e-04 1.449186e-01 5.135809e-05 4.832005e-05 
3.145859e-01 1.661994e-03 4.658163e+03 1.755005e-05 1.905100e+04 1.518625e+01 1.193212e-03 9.188130e-02 1.463842e-04 7.666849e-02 2.960821e-04 6.184399e-03 6.730968e-01 6.819942e-04 1.497826e-01 3.404471e-05 3.470395e-05 
3.177626e-01 1.664028e-03 4.618324e+03 1.730631e-05 1.904688e+04 2.304769e+00 1.140972e-03 9.656747e-02 7.088559e-05 7.511617e-02 2.728312e-04 7.879934e-03 6.665228e-01 6.599331e-04 1.516317e-01 6.591923e-05 7.140267e-05 
3.209394e-01 1.665430e-03 4.612741e+03 1.741877e-05 1.905794e+04 -4.162886e+00 8.369713e-04 8.813225e-02 1.633323e-04 7.109968e-02 1.375419e-04 5.828759e-03 6.805559e-01 4.593501e-04 1.527095e-01 5.285911e-05 2.388776e-05 
3.241162e-01 1.667433e-03 4.587936e+03 1.707035e-05 1.906646e+04 2.574213e+01 1.421092e-03 9.214428e-02 8.500490e-05 7.638167e-02 1.816580e-04 6.355439e-03 6.715050e-01 1.033811e-03 1.507714e-01 6.296015e-05 5.765671e-05 
3.272929e-01 1.668668e-03 4.478520e+03 1.703994e-05 1.906267e+04 -2.775115e+00 1.427909e-03 9.031210e-02 1.815994e-04 7.214457e-02 4.443421e-04 6.522873e-03 6.757388e-01 7.153075e-04 1.524259e-01 4.680795e-05 3.985106e-05 
3.304697e-01 1.668702e-03 4.564772e+03 1.725972e-05 1.908307e+04 9.385166e+00 1.765164e-03 8.726836e-02 3.161611e-04 7.145261e-02 1.065914e-04 6.031205e-03 6.767363e-01 8.944245e-04 1.549812e-01 4.001168e-05 4.079741e-04 
3.336465e-01 1.669226e-03 4.484512e+03 1.730109e-05 1.908339e+04 3.971855e+00 1.288719e-03 8.808369e-02 2.147909e-04 7.183188e-02 2.071664e-04 7.306646e-03 6.765965e-01 7.840585e-04 1.536038e-01 6.208071e-05 2.062498e-05 
3.368232e-01 1.670215e-03 4.423998e+03 1.705502e-05 1.908872e+04 1.531161e+01 9.231162e-04 8.917898e-02 5.310055e-05 7.334158e-02 2.293643e-04 6.442407e-03 6.730775e-01 6.154665e-04 1.561133e-01 1.105168e-05 1.413137e-05 
3.400000e-01 1.670347e-03 4.470167e+03 1.720932e-05 1.909533e+04 -3.608381e+00 8.082017e-04 8.391965e-02 7.164976e-05 7.608911e-02 1.231855e-04 6.308473e-03 6.770278e-01 4.977762e-04 1.550386e-01 4.284956e-05 7.274060e-05 
