2.550000e-02 1.440927e-02 1.152748e+04 6.657385e-05 1.900243e+04 1.016966e+03 9.485449e-04 8.294912e-02 9.159886e-05 5.665765e-02 1.897593e-04 9.790731e-04 6.933179e-01 5.529925e-04 1.641992e-01 7.356322e-05 4.063297e-05 
2.867677e-02 1.457639e-02 1.077909e+04 6.576456e-05 1.903050e+04 9.695204e+02 1.003503e-03 8.115092e-02 1.056580e-04 5.711017e-02 1.987698e-04 1.087307e-03 6.945048e-01 5.865129e-04 1.641398e-01 6.165039e-05 5.091230e-05 
3.185354e-02 1.473551e-02 1.012140e+04 6.499194e-05 1.906122e+04 9.363799e+02 9.518368e-04 7.951362e-02 1.103960e-04 5.697253e-02 1.515291e-04 1.287424e-03 6.964813e-01 5.475392e-04 1.638414e-01 8.569286e-05 5.667816e-05 
3.503030e-02 1.488797e-02 9.514874e+03 6.387006e-05 1.908935e+04 9.027092e+02 9.203601e-04 7.819700e-02 1.164165e-04 5.657939e-02 1.187098e-04 1.425527e-03 6.969248e-01 5.338031e-04 1.650326e-01 9.003289e-05 6.139821e-05 
3.820707e-02 1.503431e-02 9.024970e+03 6.267580e-05 1.911657e+04 8.650777e+02 8.046766e-04 7.717096e-02 8.982439e-05 5.589382e-02 1.322892e-04 1.381339e-03 6.984042e-01 4.566788e-04 1.655403e-01 8.238525e-05 4.350378e-05 
4.138384e-02 1.517541e-02 8.633318e+03 6.182189e-05 1.913304e+04 8.382568e+02 8.945682e-04 7.498660e-02 8.701584e-05 5.573745e-02 1.575024e-04 1.620076e-03 6.990554e-01 5.195397e-04 1.668113e-01 8.121574e-05 4.929627e-05 
4.456061e-02 1.531192e-02 8.229702e+03 6.073208e-05 1.915076e+04 8.043137e+02 7.897533e-04 7.464884e-02 8.643385e-05 5.631782e-02 1.361425e-04 1.538241e-03 6.995635e-01 4.599817e-04 1.663521e-01 5.253491e-05 5.466229e-05 
4.773737e-02 1.544344e-02 7.932153e+03 5.998498e-05 1.916577e+04 7.826005e+02 9.480073e-04 7.277909e-02 1.372181e-04 5.565016e-02 1.459422e-04 1.614251e-03 7.023886e-01 5.416288e-04 1.656719e-01 4.829789e-05 7.491936e-05 
5.091414e-02 1.557068e-02 7.632683e+03 5.893049e-05 1.918067e+04 7.568293e+02 9.570833e-04 7.252510e-02 8.408397e-05 5.351956e-02 1.719250e-04 1.691462e-03 7.033572e-01 5.624528e-04 1.669925e-01 7.113298e-05 6.748784e-05 
5.409091e-02 1.569457e-02 7.415141e+03 5.794991e-05 1.918686e+04 7.420719e+02 8.293187e-04 7.116799e-02 8.841080e-05 5.467434e-02 1.536222e-04 1.835432e-03 7.023249e-01 5.232086e-04 1.683387e-01 4.273857e-05 2.134084e-05 
5.726768e-02 1.581521e-02 7.171722e+03 5.684044e-05 1.919701e+04 7.201047e+02 1.015692e-03 7.118146e-02 1.076652e-04 5.373067e-02 1.850782e-04 1.846895e-03 7.041053e-01 5.919234e-04 1.671042e-01 7.985454e-05 5.117015e-05 
6.044444e-02 1.593220e-02 6.940869e+03 5.607594e-05 1.922214e+04 6.956438e+02 8.621050e-04 6.973064e-02 1.498996e-04 5.362007e-02 9.138619e-05 2.085893e-03 7.056304e-01 4.973031e-04 1.672087e-01 7.886362e-05 4.465156e-05 
6.362121e-02 1.604635e-02 6.771182e+03 5.540267e-05 1.921844e+04 6.825674e+02 9.943515e-04 7.029770e-02 1.130023e-04 5.330069e-02 1.773954e-04 2.138203e-03 7.039887e-01 5.755456e-04 1.682860e-01 6.471707e-05 6.369028e-05 
6.679798e-02 1.615747e-02 6.609474e+03 5.422036e-05 1.923313e+04 6.675548e+02 8.148350e-04 6.994008e-02 9.085844e-05 5.440824e-02 1.323655e-04 2.117012e-03 7.038790e-01 4.819516e-04 1.680260e-01 5.466365e-05 5.499554e-05 
6.997475e-02 1.626615e-02 6.413326e+03 5.389442e-05 1.924246e+04 6.443639e+02 8.677065e-04 6.780513e-02 6.418721e-05 5.385840e-02 1.204006e-04 2.162013e-03 7.053087e-01 5.583806e-04 1.691303e-01 4.182047e-05 8.291781e-05 
7.315152e-02 1.637222e-02 6.302566e+03 5.281993e-05 1.924592e+04 6.361198e+02 7.964350e-04 6.737882e-02 1.131058e-04 5.412118e-02 1.525772e-04 2.504401e-03 7.053484e-01 4.268943e-04 1.690544e-01 5.729714e-05 4.656095e-05 
7.632828e-02 1.647584e-02 6.177737e+03 5.216283e-05 1.925542e+04 6.214582e+02 7.805349e-04 6.837128e-02 1.304797e-04 5.250737e-02 1.199962e-04 2.217564e-03 7.047639e-01 4.249534e-04 1.705788e-01 6.012027e-05 4.498519e-05 
7.950505e-02 1.657654e-02 6.045085e+03 5.138631e-05 1.925441e+04 5.991630e+02 8.288432e-04 6.713603e-02 9.113468e-05 5.365941e-02 1.546945e-04 2.414503e-03 7.064747e-01 4.904688e-04 1.686576e-01 4.487144e-05 4.767297e-05 
8.268182e-02 1.667517e-02 5.920836e+03 5.063820e-05 1.926641e+04 5.880618e+02 7.699910e-04 6.653643e-02 5.245836e-05 5.300590e-02 1.254193e-04 2.402746e-03 7.060144e-01 4.726629e-04 1.705005e-01 5.356904e-05 6.588168e-05 
8.585859e-02 1.677165e-02 5.797063e+03 5.016038e-05 1.927225e+04 5.762761e+02 8.002542e-04 6.632870e-02 1.337832e-04 5.273601e-02 1.413966e-04 2.525517e-03 7.068349e-01 4.095449e-04 1.699743e-01 3.655288e-05 7.897802e-05 
8.903535e-02 1.686594e-02 5.736137e+03 4.929561e-05 1.927904e+04 5.692083e+02 8.479637e-04 6.603622e-02 1.110547e-04 5.392462e-02 1.594219e-04 2.618292e-03 7.059446e-01 4.815958e-04 1.697803e-01 6.013336e-05 3.575897e-05 
9.221212e-02 1.695837e-02 5.644099e+03 4.871866e-05 1.927948e+04 5.583227e+02 9.222302e-04 6.452118e-02 1.067812e-04 5.359451e-02 1.669961e-04 2.793008e-03 7.072957e-01 5.274907e-04 1.699511e-01 5.426209e-05 6.669877e-05 
9.538889e-02 1.704883e-02 5.535063e+03 4.798480e-05 1.928457e+04 5.409028e+02 6.836143e-04 6.498876e-02 7.607148e-05 5.331157e-02 9.397533e-05 2.852620e-03 7.064783e-01 4.150070e-04 1.710015e-01 4.706272e-05 5.149726e-05 
9.856566e-02 1.713721e-02 5.438205e+03 4.709547e-05 1.929220e+04 5.352628e+02 8.322779e-04 6.494901e-02 9.514137e-05 5.328968e-02 1.202829e-04 2.797119e-03 7.086156e-01 4.962006e-04 1.686841e-01 7.412831e-05 4.652439e-05 
1.017424e-01 1.722422e-02 5.365427e+03 4.694889e-05 1.930225e+04 5.222299e+02 8.265671e-04 6.451849e-02 1.031676e-04 5.268250e-02 1.238925e-04 3.005067e-03 7.081508e-01 4.844562e-04 1.699900e-01 6.306848e-05 5.198177e-05 
1.049192e-01 1.730906e-02 5.292319e+03 4.589972e-05 1.929948e+04 5.081884e+02 7.954105e-04 6.399296e-02 8.395979e-05 5.230737e-02 1.626559e-04 2.973584e-03 7.082402e-01 4.861088e-04 1.708951e-01 4.296427e-05 1.972075e-05 
1.080960e-01 1.739183e-02 5.202966e+03 4.564023e-05 1.930893e+04 5.004146e+02 7.495535e-04 6.375689e-02 8.525893e-05 5.270661e-02 1.267193e-04 3.103239e-03 7.090491e-01 4.769881e-04 1.698851e-01 3.298372e-05 2.760400e-05 
1.112727e-01 1.747312e-02 5.163833e+03 4.494781e-05 1.930454e+04 4.920445e+02 7.129710e-04 6.313302e-02 4.254805e-05 5.304661e-02 1.039955e-04 3.019852e-03 7.080039e-01 4.844860e-04 1.713707e-01 4.140714e-05 4.053476e-05 
1.144495e-01 1.755318e-02 5.099795e+03 4.453561e-05 1.931607e+04 4.809946e+02 7.861342e-04 6.281271e-02 6.925281e-05 5.246604e-02 1.443031e-04 3.151014e-03 7.087053e-01 4.603371e-04 1.712927e-01 5.960820e-05 5.263165e-05 
1.176263e-01 1.763213e-02 5.020459e+03 4.397654e-05 1.931548e+04 4.773296e+02 7.969982e-04 6.357106e-02 5.027758e-05 5.217740e-02 1.583479e-04 3.446963e-03 7.080770e-01 4.968943e-04 1.711335e-01 4.839215e-05 4.308594e-05 
1.208030e-01 1.770948e-02 4.964325e+03 4.321436e-05 1.931417e+04 4.618074e+02 7.600262e-04 6.313797e-02 4.956393e-05 5.193133e-02 1.412932e-04 3.346762e-03 7.104653e-01 4.607592e-04 1.695986e-01 4.883946e-05 5.957022e-05 
1.239798e-01 1.778529e-02 4.908999e+03 4.278629e-05 1.931853e+04 4.580571e+02 6.711075e-04 6.294052e-02 4.932650e-05 5.243177e-02 1.485547e-04 3.309774e-03 7.096806e-01 4.102330e-04 1.702951e-01 3.189308e-05 3.110000e-05 
1.271566e-01 1.785956e-02 4.849054e+03 4.208521e-05 1.932953e+04 4.426125e+02 8.008749e-04 6.251410e-02 9.476486e-05 5.229097e-02 1.082914e-04 3.596509e-03 7.096338e-01 5.036038e-04 1.703629e-01 3.623776e-05 5.797728e-05 
1.303333e-01 1.793249e-02 4.806117e+03 4.183512e-05 1.933077e+04 4.412335e+02 7.733397e-04 6.235298e-02 9.597056e-05 5.228814e-02 1.255615e-04 3.518330e-03 7.112319e-01 4.479523e-04 1.690619e-01 3.733309e-05 6.652204e-05 
1.335101e-01 1.800456e-02 4.751994e+03 4.118115e-05 1.933217e+04 4.371729e+02 7.115476e-04 6.212475e-02 4.497545e-05 5.221605e-02 7.736102e-05 3.690498e-03 7.102201e-01 4.829645e-04 1.703255e-01 6.290899e-05 4.333820e-05 
1.366869e-01 1.807529e-02 4.707901e+03 4.070891e-05 1.933926e+04 4.213523e+02 7.353522e-04 6.147315e-02 6.728530e-05 5.205734e-02 1.190737e-04 3.696946e-03 7.115659e-01 4.715609e-04 1.697359e-01 3.312034e-05 4.431216e-05 
1.398636e-01 1.814438e-02 4.665147e+03 4.013964e-05 1.933250e+04 4.161231e+02 9.195512e-04 6.188883e-02 1.150448e-04 5.185127e-02 1.456526e-04 3.987185e-03 7.109701e-01 5.525157e-04 1.694636e-01 4.962047e-05 5.671806e-05 
1.430404e-01 1.821231e-02 4.632038e+03 3.987608e-05 1.934263e+04 4.081775e+02 8.034250e-04 6.196151e-02 8.062950e-05 5.110880e-02 1.378303e-04 4.051340e-03 7.098883e-01 4.887096e-04 1.713832e-01 5.673080e-05 3.952445e-05 
1.462172e-01 1.827953e-02 4.580303e+03 3.951045e-05 1.934079e+04 4.063864e+02 7.683997e-04 6.080172e-02 1.077831e-04 5.114999e-02 1.517844e-04 3.918339e-03 7.123243e-01 4.128794e-04 1.702688e-01 6.133662e-05 3.461680e-05 
1.493939e-01 1.834575e-02 4.546635e+03 3.916647e-05 1.934664e+04 3.997124e+02 9.581248e-04 6.012811e-02 1.073080e-04 5.086029e-02 1.357079e-04 3.977851e-03 7.136335e-01 5.924613e-04 1.694840e-01 4.855405e-05 7.409473e-05 
1.525707e-01 1.841090e-02 4.501223e+03 3.872615e-05 1.933772e+04 3.945274e+02 7.813015e-04 6.160525e-02 8.247594e-05 5.122220e-02 1.052215e-04 4.141225e-03 7.116451e-01 4.602540e-04 1.698237e-01 5.814855e-05 7.520139e-05 
1.557475e-01 1.847505e-02 4.456073e+03 3.832867e-05 1.934393e+04 3.881341e+02 6.919608e-04 6.048232e-02 1.250767e-04 5.202567e-02 9.533890e-05 3.948230e-03 7.126188e-01 3.859562e-04 1.695411e-01 3.220693e-05 5.338228e-05 
1.589242e-01 1.853841e-02 4.420324e+03 3.796731e-05 1.935436e+04 3.820722e+02 8.788473e-04 6.011428e-02 8.636219e-05 5.102157e-02 1.578009e-04 3.718534e-03 7.111104e-01 4.774438e-04 1.722775e-01 6.977572e-05 8.746469e-05 
1.621010e-01 1.860021e-02 4.411644e+03 3.764132e-05 1.935028e+04 3.752618e+02 8.270776e-04 6.101877e-02 9.824345e-05 5.175286e-02 1.113194e-04 3.885179e-03 7.117064e-01 5.084469e-04 1.699827e-01 3.377094e-05 7.529589e-05 
1.652778e-01 1.866122e-02 4.356144e+03 3.717836e-05 1.935370e+04 3.673977e+02 7.074408e-04 6.065201e-02 7.819106e-05 5.176614e-02 7.136834e-05 4.235416e-03 7.114575e-01 4.248097e-04 1.704740e-01 7.231868e-05 6.075343e-05 
1.684545e-01 1.872123e-02 4.330773e+03 3.677472e-05 1.935533e+04 3.650103e+02 7.769567e-04 6.066007e-02 9.416851e-05 5.211526e-02 1.090504e-04 3.949314e-03 7.129351e-01 4.644428e-04 1.687863e-01 9.837467e-05 1.092032e-05 
1.716313e-01 1.877987e-02 4.304657e+03 3.652198e-05 1.935955e+04 3.520729e+02 7.060877e-04 5.997270e-02 6.419583e-05 5.259536e-02 8.042430e-05 4.213006e-03 7.120055e-01 4.627943e-04 1.698012e-01 4.893471e-05 4.973794e-05 
1.748081e-01 1.883781e-02 4.286997e+03 3.628234e-05 1.935810e+04 3.571600e+02 7.156999e-04 6.000884e-02 1.074736e-04 5.194547e-02 1.543155e-04 4.185982e-03 7.121090e-01 3.867100e-04 1.703193e-01 4.571061e-05 2.148989e-05 
1.779848e-01 1.889514e-02 4.219270e+03 3.587885e-05 1.935817e+04 3.501491e+02 6.567510e-04 5.983180e-02 8.484501e-05 5.174491e-02 9.005386e-05 4.505887e-03 7.120763e-01 3.908571e-04 1.705276e-01 5.521069e-05 3.578441e-05 
1.811616e-01 1.895162e-02 4.205263e+03 3.560237e-05 1.936390e+04 3.457378e+02 7.195549e-04 5.945790e-02 1.128801e-04 5.192351e-02 1.144154e-04 4.353613e-03 7.127559e-01 4.129414e-04 1.700700e-01 2.737184e-05 5.194590e-05 
1.843384e-01 1.900755e-02 4.188589e+03 3.526935e-05 1.936310e+04 3.342313e+02 6.956463e-04 6.026083e-02 4.705699e-05 5.169819e-02 1.347419e-04 4.360439e-03 7.119774e-01 3.907930e-04 1.703119e-01 7.812321e-05 4.493084e-05 
1.875152e-01 1.906256e-02 4.145554e+03 3.477244e-05 1.936858e+04 3.311897e+02 7.679279e-04 5.849746e-02 1.081482e-04 5.129353e-02 1.620880e-04 4.429633e-03 7.150139e-01 4.216082e-04 1.692296e-01 2.589918e-05 5.018459e-05 
1.906919e-01 1.911656e-02 4.130195e+03 3.437142e-05 1.937144e+04 3.316105e+02 7.865003e-04 5.954386e-02 7.995020e-05 5.232951e-02 1.082225e-04 4.421421e-03 7.106325e-01 4.402221e-04 1.714997e-01 5.438580e-05 1.037201e-04 
1.938687e-01 1.917002e-02 4.112838e+03 3.416921e-05 1.937447e+04 3.249446e+02 7.043365e-04 5.887184e-02 4.748749e-05 5.220351e-02 1.271925e-04 4.274348e-03 7.132659e-01 4.687374e-04 1.699757e-01 3.207247e-05 2.884669e-05 
1.970455e-01 1.922316e-02 4.097268e+03 3.401838e-05 1.937071e+04 3.285061e+02 9.163750e-04 5.897308e-02 1.153463e-04 5.153141e-02 1.291236e-04 4.785174e-03 7.133657e-01 5.290231e-04 1.695119e-01 5.418245e-05 8.869925e-05 
2.002222e-01 1.927569e-02 4.043600e+03 3.359206e-05 1.937180e+04 3.180384e+02 6.995913e-04 5.850823e-02 8.683794e-05 5.016223e-02 6.341933e-05 4.436610e-03 7.138174e-01 4.523037e-04 1.716764e-01 5.657802e-05 4.045202e-05 
2.033990e-01 1.932738e-02 4.021898e+03 3.347276e-05 1.937686e+04 3.116163e+02 8.757425e-04 5.767580e-02 6.251676e-05 5.213841e-02 1.685878e-04 4.597146e-03 7.130148e-01 4.937628e-04 1.708224e-01 5.842437e-05 9.245017e-05 
2.065758e-01 1.937785e-02 4.003368e+03 3.311655e-05 1.938016e+04 3.029574e+02 6.882479e-04 5.775015e-02 6.782305e-05 5.142069e-02 8.497346e-05 4.948386e-03 7.150798e-01 4.059036e-04 1.694245e-01 6.592254e-05 6.362521e-05 
2.097525e-01 1.942762e-02 3.984555e+03 3.288340e-05 1.937537e+04 3.015858e+02 5.783562e-04 5.842751e-02 7.430468e-05 5.313334e-02 7.014356e-05 4.798836e-03 7.115823e-01 3.423264e-04 1.709013e-01 3.812293e-05 5.345845e-05 
2.129293e-01 1.947712e-02 3.943566e+03 3.260500e-05 1.938618e+04 2.982716e+02 7.476674e-04 5.792362e-02 1.126895e-04 5.136012e-02 1.051511e-04 5.012096e-03 7.138095e-01 4.443705e-04 1.703993e-01 5.049425e-05 3.496167e-05 
2.161061e-01 1.952593e-02 3.933886e+03 3.234603e-05 1.938569e+04 3.007017e+02 6.458510e-04 5.798687e-02 1.338549e-04 5.126986e-02 8.327887e-05 5.064993e-03 7.148867e-01 3.443256e-04 1.694999e-01 2.228154e-05 6.210915e-05 
2.192828e-01 1.957473e-02 3.905727e+03 3.203682e-05 1.938550e+04 2.910985e+02 7.343865e-04 5.775087e-02 1.507301e-04 5.167067e-02 1.207573e-04 5.137529e-03 7.139208e-01 3.852851e-04 1.700513e-01 2.715962e-05 5.045442e-05 
2.224596e-01 1.962221e-02 3.884815e+03 3.170333e-05 1.939046e+04 2.872946e+02 7.137590e-04 5.754719e-02 8.903329e-05 5.134781e-02 1.198021e-04 5.222243e-03 7.159932e-01 3.929276e-04 1.684621e-01 6.138725e-05 5.060853e-05 
2.256364e-01 1.966889e-02 3.884237e+03 3.149068e-05 1.939384e+04 2.838298e+02 7.555260e-04 5.834694e-02 1.134287e-04 5.200648e-02 1.021029e-04 5.041061e-03 7.122811e-01 4.444641e-04 1.708134e-01 3.744611e-05 5.808408e-05 
2.288131e-01 1.971532e-02 3.858071e+03 3.149472e-05 1.938809e+04 2.827404e+02 8.504972e-04 5.635507e-02 8.340729e-05 5.149085e-02 1.650878e-04 4.803575e-03 7.174586e-01 4.592862e-04 1.681909e-01 6.839709e-05 7.431894e-05 
2.319899e-01 1.976109e-02 3.828808e+03 3.093980e-05 1.939390e+04 2.733448e+02 5.458472e-04 5.684410e-02 2.961946e-05 5.153336e-02 1.076596e-04 5.383997e-03 7.155042e-01 3.101473e-04 1.696426e-01 3.963701e-05 5.878332e-05 
2.351667e-01 1.980628e-02 3.808904e+03 3.097218e-05 1.939077e+04 2.799490e+02 7.631767e-04 5.715958e-02 2.558156e-05 5.132089e-02 1.278240e-04 5.276231e-03 7.166489e-01 5.012185e-04 1.680680e-01 5.198118e-05 5.657127e-05 
2.383434e-01 1.985122e-02 3.784282e+03 3.070500e-05 1.939289e+04 2.715555e+02 6.563077e-04 5.775903e-02 7.255464e-05 5.111429e-02 5.636636e-05 5.324456e-03 7.146862e-01 4.448482e-04 1.698034e-01 5.700160e-05 2.553711e-05 
2.415202e-01 1.989547e-02 3.774515e+03 3.050881e-05 1.940027e+04 2.746471e+02 6.394683e-04 5.671876e-02 9.283024e-05 5.110274e-02 7.456730e-05 5.135674e-03 7.161936e-01 3.817714e-04 1.695703e-01 3.533634e-05 5.496265e-05 
2.446970e-01 1.993951e-02 3.774618e+03 3.028027e-05 1.940203e+04 2.651984e+02 7.171521e-04 5.623920e-02 6.861903e-05 5.134956e-02 1.036579e-04 5.726632e-03 7.158079e-01 4.737935e-04 1.694424e-01 3.514179e-05 3.593964e-05 
2.478737e-01 1.998300e-02 3.741357e+03 3.012343e-05 1.940319e+04 2.662212e+02 7.350614e-04 5.689919e-02 8.038377e-05 5.116913e-02 1.334084e-04 5.049913e-03 7.157806e-01 3.532326e-04 1.696311e-01 7.398850e-05 9.404864e-05 
2.510505e-01 2.002580e-02 3.703878e+03 2.994994e-05 1.940174e+04 2.624305e+02 6.625986e-04 5.581460e-02 7.087748e-05 5.056798e-02 1.101595e-04 5.744737e-03 7.184915e-01 3.849116e-04 1.680560e-01 3.711999e-05 5.953013e-05 
2.542273e-01 2.006825e-02 3.704372e+03 2.959969e-05 1.940188e+04 2.576891e+02 5.756848e-04 5.717350e-02 6.885542e-05 5.060669e-02 7.936317e-05 5.586931e-03 7.156015e-01 3.404574e-04 1.698800e-01 4.616346e-05 4.084595e-05 
2.574040e-01 2.011058e-02 3.670548e+03 2.960396e-05 1.940517e+04 2.579438e+02 6.475134e-04 5.590532e-02 7.289795e-05 5.083520e-02 1.187958e-04 5.385041e-03 7.178870e-01 4.019972e-04 1.686924e-01 1.920827e-05 3.461390e-05 
2.605808e-01 2.015250e-02 3.662320e+03 2.919898e-05 1.940920e+04 2.534604e+02 5.448555e-04 5.585658e-02 5.458965e-05 5.079702e-02 8.114082e-05 5.585967e-03 7.179209e-01 2.982103e-04 1.687499e-01 5.967673e-05 5.123817e-05 
2.637576e-01 2.019413e-02 3.645890e+03 2.920236e-05 1.940768e+04 2.478373e+02 6.074620e-04 5.652346e-02 2.772824e-05 5.106065e-02 1.034789e-04 5.171151e-03 7.185533e-01 3.771559e-04 1.674765e-01 3.587119e-05 6.322797e-05 
2.669343e-01 2.023454e-02 3.628224e+03 2.896507e-05 1.941243e+04 2.447604e+02 6.748064e-04 5.558223e-02 8.854217e-05 5.105889e-02 7.651678e-05 5.618630e-03 7.181015e-01 3.815557e-04 1.682892e-01 1.838258e-05 1.098085e-04 
2.701111e-01 2.027450e-02 3.625338e+03 2.877067e-05 1.940320e+04 2.406685e+02 6.461603e-04 5.468338e-02 5.908166e-05 5.049548e-02 1.265431e-04 5.937947e-03 7.188469e-01 3.558544e-04 1.687439e-01 6.572114e-05 3.896000e-05 
2.732879e-01 2.031441e-02 3.594295e+03 2.872506e-05 1.941471e+04 2.467142e+02 7.622446e-04 5.468324e-02 1.359240e-04 5.170150e-02 7.526109e-05 5.996242e-03 7.170388e-01 4.401918e-04 1.690557e-01 5.325578e-05 5.761247e-05 
2.764646e-01 2.035402e-02 3.572327e+03 2.848149e-05 1.941381e+04 2.424326e+02 7.355107e-04 5.500034e-02 4.789904e-05 5.053929e-02 1.200773e-04 6.135025e-03 7.190096e-01 4.777814e-04 1.678447e-01 4.290049e-05 4.685303e-05 
2.796414e-01 2.039297e-02 3.573482e+03 2.823678e-05 1.941024e+04 2.402100e+02 6.641829e-04 5.513018e-02 8.518405e-05 5.045896e-02 1.062037e-04 5.737065e-03 7.176014e-01 3.964752e-04 1.697440e-01 4.709363e-05 2.922667e-05 
2.828182e-01 2.043173e-02 3.562496e+03 2.822958e-05 1.941544e+04 2.400400e+02 5.320245e-04 5.446994e-02 6.059583e-05 5.045704e-02 1.054950e-04 6.142252e-03 7.174006e-01 3.019371e-04 1.704661e-01 3.055125e-05 3.344402e-05 
2.859949e-01 2.047037e-02 3.558482e+03 2.799372e-05 1.941054e+04 2.276002e+02 7.462347e-04 5.501799e-02 8.909614e-05 5.115181e-02 1.510768e-04 6.188475e-03 7.169469e-01 3.923693e-04 1.692024e-01 5.726425e-05 5.642674e-05 
2.891717e-01 2.050837e-02 3.531250e+03 2.796032e-05 1.942363e+04 2.287262e+02 5.358425e-04 5.479468e-02 5.870210e-05 5.053656e-02 9.560024e-05 5.871202e-03 7.163612e-01 3.041178e-04 1.713646e-01 1.624169e-05 6.118108e-05 
2.923485e-01 2.054600e-02 3.505351e+03 2.766648e-05 1.942005e+04 2.329193e+02 5.641177e-04 5.458990e-02 3.859376e-05 5.152869e-02 1.555632e-04 6.246111e-03 7.161787e-01 2.444021e-04 1.703283e-01 4.205302e-05 8.350544e-05 
2.955253e-01 2.058303e-02 3.496384e+03 2.733939e-05 1.942088e+04 2.204689e+02 6.523994e-04 5.470480e-02 9.326237e-05 5.037584e-02 1.527032e-04 6.084374e-03 7.188837e-01 3.359609e-04 1.686465e-01 5.653675e-05 1.393664e-05 
2.987020e-01 2.061973e-02 3.480022e+03 2.742347e-05 1.942390e+04 2.291085e+02 5.145522e-04 5.353783e-02 6.900735e-05 4.988464e-02 6.658082e-05 6.156269e-03 7.191264e-01 2.982134e-04 1.702657e-01 1.887284e-05 6.187833e-05 
3.018788e-01 2.065686e-02 3.477588e+03 2.719157e-05 1.942014e+04 2.246414e+02 5.066150e-04 5.450396e-02 8.629916e-05 5.067205e-02 6.760715e-05 6.296467e-03 7.181109e-01 3.000201e-04 1.694034e-01 4.907230e-05 3.615946e-06 
3.050556e-01 2.069359e-02 3.465125e+03 2.709481e-05 1.942404e+04 2.235989e+02 6.957614e-04 5.317119e-02 7.842513e-05 5.053114e-02 9.318335e-05 6.178783e-03 7.174113e-01 3.934466e-04 1.713161e-01 5.959702e-05 7.110926e-05 
3.082323e-01 2.072980e-02 3.432840e+03 2.687410e-05 1.942518e+04 2.223961e+02 4.759534e-04 5.482345e-02 6.210192e-05 5.136116e-02 7.848206e-05 6.308081e-03 7.163733e-01 2.816093e-04 1.701821e-01 3.082640e-05 2.293390e-05 
3.114091e-01 2.076583e-02 3.436235e+03 2.669995e-05 1.942643e+04 2.167754e+02 5.640879e-04 5.227579e-02 6.290920e-05 5.103570e-02 9.027253e-05 6.458212e-03 7.173742e-01 3.311507e-04 1.717280e-01 4.084160e-05 3.891280e-05 
3.145859e-01 2.080145e-02 3.402236e+03 2.653251e-05 1.942742e+04 2.193845e+02 5.782026e-04 5.309087e-02 4.913976e-05 5.005543e-02 1.098335e-04 6.012050e-03 7.191516e-01 3.720818e-04 1.705337e-01 2.482747e-05 2.232031e-05 
3.177626e-01 2.083707e-02 3.421596e+03 2.645066e-05 1.942663e+04 2.154429e+02 7.315259e-04 5.305358e-02 9.878410e-05 5.020249e-02 1.757355e-04 6.464717e-03 7.205943e-01 3.546083e-04 1.682218e-01 9.749100e-05 4.907497e-06 
3.209394e-01 2.087203e-02 3.388887e+03 2.644427e-05 1.942925e+04 2.071805e+02 6.697230e-04 5.392161e-02 7.070797e-05 4.992192e-02 9.601869e-05 6.112051e-03 7.194763e-01 3.597615e-04 1.692287e-01 1.217534e-04 2.148040e-05 
3.241162e-01 2.090671e-02 3.391757e+03 2.625907e-05 1.942674e+04 2.132639e+02 7.548125e-04 5.343459e-02 5.429817e-05 5.044115e-02 1.847074e-04 5.960051e-03 7.185914e-01 3.843395e-04 1.700632e-01 9.750414e-05 3.396252e-05 
3.272929e-01 2.094133e-02 3.356541e+03 2.601395e-05 1.943823e+04 2.104271e+02 5.582858e-04 5.380143e-02 4.906617e-05 5.054699e-02 7.824045e-05 6.660493e-03 7.184324e-01 3.931012e-04 1.694421e-01 1.567643e-05 2.220158e-05 
3.304697e-01 2.097579e-02 3.354310e+03 2.582861e-05 1.943376e+04 2.083371e+02 6.811345e-04 5.265926e-02 7.166864e-05 5.018808e-02 1.619258e-04 6.381111e-03 7.197959e-01 3.435910e-04 1.696133e-01 6.983040e-05 3.411696e-05 
3.336465e-01 2.101028e-02 3.363732e+03 2.578829e-05 1.943899e+04 2.123807e+02 7.258070e-04 5.275774e-02 4.051112e-05 5.016304e-02 8.566075e-05 6.740024e-03 7.181009e-01 5.240466e-04 1.707867e-01 3.936255e-05 3.622781e-05 
3.368232e-01 2.104449e-02 3.350341e+03 2.567301e-05 1.943131e+04 2.107525e+02 6.114881e-04 5.281426e-02 8.237898e-05 5.049881e-02 1.137860e-04 6.334095e-03 7.200647e-01 3.424379e-04 1.690652e-01 1.631360e-05 5.657137e-05 
3.400000e-01 2.107835e-02 3.336921e+03 2.557156e-05 1.944893e+04 2.038432e+02 6.653191e-04 5.284012e-02 5.741083e-05 4.905612e-02 7.315786e-05 6.399733e-03 7.191839e-01 3.821537e-04 1.711895e-01 6.186195e-05 9.073506e-05 
