2.550000e-02 2.653580e-02 3.880139e+03 5.892576e-05 1.982496e+04 2.595105e+02 7.593008e-05 1.392956e-02 7.337182e-06 8.211203e-03 3.680624e-05 6.365087e-05 7.771438e-01 2.444932e-05 2.004999e-01 7.337182e-06 0.000000e+00 
2.867677e-02 2.657936e-02 3.926977e+03 5.933892e-05 1.981759e+04 2.840400e+02 8.178959e-05 1.473484e-02 1.257487e-05 9.658606e-03 1.971579e-05 1.092556e-04 7.753905e-01 4.030801e-05 1.999433e-01 6.175080e-07 8.573408e-06 
3.185354e-02 2.662734e-02 4.058600e+03 5.987711e-05 1.980535e+04 3.166183e+02 9.071029e-05 1.596190e-02 8.080333e-06 1.099184e-02 1.324780e-05 1.632434e-04 7.723532e-01 5.589702e-05 2.003484e-01 8.206077e-06 5.279416e-06 
3.503030e-02 2.667978e-02 4.066759e+03 6.004236e-05 1.980278e+04 3.418006e+02 1.307584e-04 1.591855e-02 3.598441e-05 1.214465e-02 5.550968e-05 1.283595e-04 7.742108e-01 3.926452e-05 1.973361e-01 0.000000e+00 0.000000e+00 
3.820707e-02 2.673625e-02 4.125717e+03 6.052713e-05 1.979804e+04 3.674481e+02 7.371299e-05 1.728407e-02 1.480378e-05 1.342236e-02 2.133538e-05 2.194721e-04 7.723611e-01 2.324709e-05 1.965656e-01 4.120552e-06 1.020613e-05 
4.138384e-02 2.679639e-02 4.108836e+03 6.102978e-05 1.979010e+04 3.867693e+02 1.019139e-04 1.723512e-02 1.762893e-05 1.392509e-02 2.435863e-05 2.104152e-04 7.709935e-01 4.534102e-05 1.974321e-01 8.323447e-06 6.261896e-06 
4.456061e-02 2.686008e-02 4.078556e+03 6.110759e-05 1.978621e+04 4.035194e+02 9.172960e-05 1.789046e-02 7.815181e-06 1.409618e-02 2.322529e-05 2.170468e-04 7.707037e-01 5.257831e-05 1.969092e-01 7.372884e-06 7.379061e-07 
4.773737e-02 2.692699e-02 4.146114e+03 6.171076e-05 1.978091e+04 4.317508e+02 1.589857e-04 1.872298e-02 2.471483e-05 1.540944e-02 4.340158e-05 3.656109e-04 7.680753e-01 7.677006e-05 1.971087e-01 8.855058e-06 5.243677e-06 
5.091414e-02 2.699740e-02 4.087923e+03 6.232977e-05 1.977881e+04 4.503886e+02 1.312960e-04 1.849466e-02 2.626991e-05 1.595760e-02 3.711721e-05 3.227047e-04 7.698590e-01 4.364275e-05 1.951034e-01 1.752366e-05 6.742296e-06 
5.409091e-02 2.707075e-02 4.052145e+03 6.239515e-05 1.977556e+04 4.655155e+02 1.167957e-04 1.863669e-02 2.547619e-05 1.574339e-02 4.370433e-05 4.386442e-04 7.683435e-01 4.470221e-05 1.966042e-01 1.890895e-06 1.022181e-06 
5.726768e-02 2.714683e-02 4.021918e+03 6.286103e-05 1.977543e+04 4.806173e+02 1.701658e-04 1.909172e-02 2.209619e-05 1.638862e-02 3.752253e-05 4.296952e-04 7.697041e-01 9.662047e-05 1.940456e-01 1.346884e-05 4.582661e-07 
6.044444e-02 2.722516e-02 3.967058e+03 6.317719e-05 1.977225e+04 4.915185e+02 1.137812e-04 1.885149e-02 3.041401e-05 1.663555e-02 4.393597e-05 4.294070e-04 7.694009e-01 3.059168e-05 1.944551e-01 4.275480e-06 4.564220e-06 
6.362121e-02 2.730592e-02 3.964328e+03 6.373515e-05 1.976756e+04 5.111358e+02 1.133346e-04 1.904348e-02 2.257440e-05 1.741111e-02 2.646597e-05 4.631048e-04 7.682720e-01 5.565786e-05 1.945837e-01 1.595353e-06 7.041142e-06 
6.679798e-02 2.738881e-02 3.909452e+03 6.424056e-05 1.976709e+04 5.235358e+02 1.407151e-04 1.920275e-02 1.607699e-05 1.771268e-02 4.352816e-05 5.956557e-04 7.673245e-01 7.130435e-05 1.948830e-01 9.210670e-06 5.950543e-07 
6.997475e-02 2.747365e-02 3.849546e+03 6.441763e-05 1.976498e+04 5.307383e+02 1.581263e-04 1.917224e-02 2.875907e-05 1.704286e-02 4.293764e-05 5.815219e-04 7.686443e-01 7.223668e-05 1.942428e-01 7.350351e-06 6.842745e-06 
7.315152e-02 2.756043e-02 3.834515e+03 6.476593e-05 1.976513e+04 5.458701e+02 1.390054e-04 1.943391e-02 1.100287e-05 1.773653e-02 4.866586e-05 5.774687e-04 7.667828e-01 6.582297e-05 1.951913e-01 6.888206e-06 6.625561e-06 
7.632828e-02 2.764874e-02 3.794447e+03 6.485341e-05 1.976149e+04 5.573471e+02 1.445891e-04 1.938753e-02 2.639183e-05 1.760769e-02 2.188962e-05 7.858528e-04 7.682188e-01 7.525220e-05 1.937110e-01 8.557752e-06 1.249749e-05 
7.950505e-02 2.773899e-02 3.719994e+03 6.530997e-05 1.976221e+04 5.624651e+02 1.499223e-04 1.973103e-02 2.887291e-05 1.744503e-02 3.330169e-05 7.544214e-04 7.686506e-01 6.419796e-05 1.931191e-01 1.743507e-05 6.114769e-06 
8.268182e-02 2.783069e-02 3.724504e+03 6.553357e-05 1.975971e+04 5.785565e+02 1.455301e-04 1.983304e-02 1.641125e-05 1.786046e-02 4.365881e-05 7.416499e-04 7.670303e-01 6.396632e-05 1.942435e-01 3.468076e-06 1.802567e-05 
8.585859e-02 2.792401e-02 3.642834e+03 6.566200e-05 1.975882e+04 5.803549e+02 1.399699e-04 1.922832e-02 2.323951e-05 1.792321e-02 3.679935e-05 8.141008e-04 7.684279e-01 6.014140e-05 1.933265e-01 1.343956e-05 6.350538e-06 
8.903535e-02 2.801861e-02 3.635471e+03 6.603892e-05 1.975768e+04 5.899817e+02 2.222620e-04 1.982764e-02 1.753535e-05 1.794285e-02 6.438526e-05 8.970381e-04 7.683235e-01 1.227161e-04 1.925645e-01 1.762534e-05 0.000000e+00 
9.221212e-02 2.811444e-02 3.600887e+03 6.615997e-05 1.976113e+04 5.967819e+02 1.485269e-04 1.998651e-02 2.168647e-05 1.770844e-02 4.552955e-05 7.780743e-04 7.678441e-01 6.008615e-05 1.933858e-01 1.248061e-05 8.744177e-06 
9.538889e-02 2.821162e-02 3.577530e+03 6.661267e-05 1.975701e+04 6.107965e+02 1.260433e-04 2.004825e-02 1.499773e-05 1.843129e-02 3.479799e-05 9.132983e-04 7.668195e-01 6.575889e-05 1.935356e-01 6.177211e-06 4.311584e-06 
9.856566e-02 2.830993e-02 3.530714e+03 6.673285e-05 1.975645e+04 6.176230e+02 1.487162e-04 2.020502e-02 1.989000e-05 1.835124e-02 4.128836e-05 9.310889e-04 7.657996e-01 7.438100e-05 1.944157e-01 3.654263e-06 9.502430e-06 
1.017424e-01 2.840933e-02 3.494349e+03 6.668944e-05 1.975739e+04 6.235866e+02 2.085816e-04 2.041794e-02 2.306027e-05 1.851123e-02 4.325104e-05 1.047427e-03 7.658516e-01 1.035993e-04 1.937546e-01 1.691089e-05 2.176018e-05 
1.049192e-01 2.850962e-02 3.442012e+03 6.703664e-05 1.975375e+04 6.264178e+02 1.944860e-04 1.991692e-02 3.226974e-05 1.866675e-02 4.743628e-05 1.045163e-03 7.660070e-01 9.192885e-05 1.939752e-01 5.284947e-06 1.756603e-05 
1.080960e-01 2.861064e-02 3.410330e+03 6.704630e-05 1.975667e+04 6.314768e+02 1.380661e-04 1.994559e-02 1.868542e-05 1.876384e-02 2.977807e-05 1.294457e-03 7.671441e-01 6.153123e-05 1.925759e-01 1.218232e-05 1.588915e-05 
1.112727e-01 2.871270e-02 3.379851e+03 6.730202e-05 1.975332e+04 6.353438e+02 1.517381e-04 1.991221e-02 2.383690e-05 1.838251e-02 4.556355e-05 1.155917e-03 7.672880e-01 6.413136e-05 1.929579e-01 6.294503e-06 1.191213e-05 
1.144495e-01 2.881518e-02 3.357295e+03 6.720704e-05 1.975603e+04 6.376455e+02 1.257380e-04 1.994733e-02 2.221676e-05 1.881572e-02 2.780606e-05 1.202281e-03 7.667756e-01 5.859652e-05 1.930076e-01 1.220366e-05 4.915123e-06 
1.176263e-01 2.891845e-02 3.323840e+03 6.730669e-05 1.974987e+04 6.469893e+02 1.701489e-04 2.013376e-02 1.377400e-05 1.896830e-02 4.719467e-05 1.367922e-03 7.650076e-01 8.810022e-05 1.941822e-01 4.045632e-06 1.703476e-05 
1.208030e-01 2.902249e-02 3.298605e+03 6.752696e-05 1.975362e+04 6.478154e+02 1.548444e-04 1.998576e-02 1.562541e-05 1.910840e-02 4.064515e-05 1.227696e-03 7.665107e-01 7.654826e-05 1.928578e-01 1.906836e-05 2.957159e-06 
1.239798e-01 2.912684e-02 3.260184e+03 6.745101e-05 1.975528e+04 6.501908e+02 1.646396e-04 2.016706e-02 2.550181e-05 1.954621e-02 4.396167e-05 1.508391e-03 7.656012e-01 8.230254e-05 1.928478e-01 9.580203e-06 3.293480e-06 
1.271566e-01 2.923159e-02 3.231558e+03 6.739505e-05 1.975600e+04 6.533320e+02 1.706501e-04 2.016298e-02 2.995742e-05 1.894521e-02 5.486603e-05 1.344979e-03 7.653446e-01 7.621871e-05 1.938609e-01 6.364141e-06 3.243829e-06 
1.303333e-01 2.933693e-02 3.188049e+03 6.765179e-05 1.975522e+04 6.573774e+02 2.072752e-04 2.044170e-02 4.485565e-05 1.936586e-02 4.054181e-05 1.385948e-03 7.655608e-01 1.047215e-04 1.928311e-01 1.291677e-05 4.239376e-06 
1.335101e-01 2.944258e-02 3.173269e+03 6.734765e-05 1.975347e+04 6.555389e+02 1.823396e-04 2.014674e-02 1.849736e-05 1.988366e-02 4.335206e-05 1.515075e-03 7.657166e-01 9.760012e-05 1.923732e-01 1.428085e-05 8.609162e-06 
1.366869e-01 2.954833e-02 3.144939e+03 6.778497e-05 1.975162e+04 6.578472e+02 1.687756e-04 2.040851e-02 5.262928e-06 1.903496e-02 4.137082e-05 1.437051e-03 7.641477e-01 8.647193e-05 1.946342e-01 1.154854e-05 2.412168e-05 
1.398636e-01 2.965432e-02 3.121781e+03 6.748208e-05 1.975585e+04 6.622890e+02 1.366453e-04 2.017313e-02 2.279631e-05 1.921255e-02 2.365181e-05 1.581811e-03 7.666967e-01 7.045875e-05 1.920625e-01 6.919619e-06 1.281884e-05 
1.430404e-01 2.976052e-02 3.083751e+03 6.730791e-05 1.975394e+04 6.569831e+02 2.113686e-04 2.062298e-02 1.483992e-05 1.923204e-02 4.754048e-05 1.714195e-03 7.638680e-01 1.135043e-04 1.941401e-01 2.120659e-05 1.427721e-05 
1.462172e-01 2.986667e-02 3.055063e+03 6.710396e-05 1.975549e+04 6.620992e+02 1.865231e-04 1.972049e-02 3.157209e-05 1.928712e-02 6.104410e-05 1.607351e-03 7.660542e-01 8.133784e-05 1.929578e-01 6.387644e-06 6.181646e-06 
1.493939e-01 2.997319e-02 3.042860e+03 6.727144e-05 1.975668e+04 6.649186e+02 1.750814e-04 1.962718e-02 1.311976e-05 1.980027e-02 2.657247e-05 1.702355e-03 7.661046e-01 8.988576e-05 1.924154e-01 2.112800e-05 2.437498e-05 
1.525707e-01 3.007956e-02 3.003028e+03 6.720135e-05 1.975325e+04 6.631514e+02 1.928438e-04 1.947466e-02 2.629509e-05 1.947356e-02 4.778029e-05 1.611456e-03 7.657377e-01 1.032612e-04 1.933169e-01 4.107671e-06 1.139987e-05 
1.557475e-01 3.018592e-02 2.978781e+03 6.707072e-05 1.975642e+04 6.594842e+02 1.828664e-04 1.983532e-02 2.125987e-05 1.941127e-02 2.690832e-05 1.737554e-03 7.660438e-01 1.106096e-04 1.926064e-01 1.379630e-05 1.029217e-05 
1.589242e-01 3.029243e-02 2.953722e+03 6.687803e-05 1.975360e+04 6.646420e+02 2.026678e-04 2.024142e-02 1.604168e-05 1.983303e-02 6.096669e-05 1.791285e-03 7.648328e-01 9.990624e-05 1.928961e-01 5.251712e-06 2.050143e-05 
1.621010e-01 3.039895e-02 2.942162e+03 6.672852e-05 1.975797e+04 6.614552e+02 1.942584e-04 2.008279e-02 2.806464e-05 2.002313e-02 4.340797e-05 1.851064e-03 7.636383e-01 1.011965e-04 1.940162e-01 7.470621e-06 1.411862e-05 
1.652778e-01 3.050527e-02 2.919602e+03 6.678291e-05 1.975260e+04 6.611403e+02 2.002777e-04 1.938556e-02 9.369455e-06 1.975837e-02 6.691416e-05 1.838900e-03 7.671575e-01 9.258493e-05 1.914592e-01 1.925888e-05 1.214979e-05 
1.684545e-01 3.061158e-02 2.889431e+03 6.645018e-05 1.975516e+04 6.589488e+02 1.872565e-04 1.967140e-02 2.389431e-05 2.017235e-02 4.950453e-05 1.971666e-03 7.649377e-01 9.203116e-05 1.928723e-01 4.656653e-06 1.716942e-05 
1.716313e-01 3.071770e-02 2.886578e+03 6.647149e-05 1.975575e+04 6.583184e+02 1.914398e-04 1.948772e-02 1.720608e-05 1.979505e-02 6.501710e-05 2.044693e-03 7.648665e-01 7.657569e-05 1.934232e-01 2.882148e-05 3.819467e-06 
1.748081e-01 3.082351e-02 2.842742e+03 6.604938e-05 1.976004e+04 6.559345e+02 1.897980e-04 1.963958e-02 2.654728e-05 1.973287e-02 4.060057e-05 2.021963e-03 7.649135e-01 9.254340e-05 1.933125e-01 2.260697e-05 7.499963e-06 
1.779848e-01 3.092913e-02 2.841295e+03 6.605488e-05 1.975680e+04 6.579961e+02 1.812298e-04 1.960060e-02 4.098420e-05 1.995534e-02 4.146514e-05 2.071824e-03 7.661303e-01 7.771458e-05 1.918795e-01 1.544611e-05 5.619935e-06 
1.811616e-01 3.103457e-02 2.808749e+03 6.556111e-05 1.975633e+04 6.548980e+02 1.492265e-04 1.946919e-02 1.311165e-05 2.002500e-02 3.477959e-05 2.235296e-03 7.632280e-01 5.945322e-05 1.947440e-01 2.781948e-05 1.406240e-05 
1.843384e-01 3.113982e-02 2.795846e+03 6.556280e-05 1.975498e+04 6.511835e+02 1.950376e-04 1.968354e-02 3.956790e-05 2.030896e-02 4.069409e-05 2.159968e-03 7.654426e-01 7.372966e-05 1.920148e-01 2.279625e-05 1.824991e-05 
1.875152e-01 3.124507e-02 2.790715e+03 6.509721e-05 1.975361e+04 6.553289e+02 2.019554e-04 1.999740e-02 2.683594e-05 2.018664e-02 4.987779e-05 2.262342e-03 7.647958e-01 1.036607e-04 1.923539e-01 9.815267e-06 1.176538e-05 
1.906919e-01 3.135011e-02 2.776763e+03 6.496773e-05 1.975481e+04 6.507667e+02 1.954004e-04 1.959193e-02 2.817044e-05 2.036499e-02 5.554822e-05 2.206996e-03 7.654613e-01 7.674831e-05 1.919840e-01 1.333580e-05 2.159765e-05 
1.938687e-01 3.145466e-02 2.746085e+03 6.479907e-05 1.976011e+04 6.475670e+02 1.798823e-04 1.974272e-02 3.893582e-05 2.054558e-02 3.854111e-05 2.366678e-03 7.647503e-01 6.617303e-05 1.922350e-01 2.009722e-05 1.613504e-05 
1.970455e-01 3.155890e-02 2.729406e+03 6.433365e-05 1.975791e+04 6.471219e+02 1.874615e-04 1.974564e-02 3.113362e-05 2.021938e-02 2.767217e-05 2.246411e-03 7.664458e-01 1.000936e-04 1.909679e-01 1.888741e-05 9.674387e-06 
2.002222e-01 3.166305e-02 2.711672e+03 6.440366e-05 1.976042e+04 6.462049e+02 1.782715e-04 1.959519e-02 1.932654e-05 1.994881e-02 3.429686e-05 2.493589e-03 7.643456e-01 8.488540e-05 1.932602e-01 1.996466e-05 1.979806e-05 
2.033990e-01 3.176688e-02 2.697498e+03 6.393133e-05 1.975725e+04 6.461042e+02 2.283765e-04 1.968783e-02 3.631451e-05 2.084304e-02 6.370017e-05 2.545920e-03 7.631003e-01 1.048478e-04 1.933662e-01 1.350887e-05 1.000544e-05 
2.065758e-01 3.187052e-02 2.686148e+03 6.352842e-05 1.975797e+04 6.409642e+02 1.909807e-04 1.953492e-02 1.595522e-05 2.045246e-02 3.780344e-05 2.500954e-03 7.644671e-01 9.261684e-05 1.926626e-01 2.678241e-05 1.782275e-05 
2.097525e-01 3.197347e-02 2.670839e+03 6.337414e-05 1.975902e+04 6.391197e+02 1.678955e-04 2.012243e-02 1.801205e-05 2.091319e-02 5.019803e-05 2.618076e-03 7.636494e-01 9.029024e-05 1.923611e-01 5.371113e-06 4.024012e-06 
2.129293e-01 3.207601e-02 2.657899e+03 6.313488e-05 1.976218e+04 6.321401e+02 1.869381e-04 1.973093e-02 2.390767e-05 1.994650e-02 2.978060e-05 2.700214e-03 7.648602e-01 1.035702e-04 1.923883e-01 1.006890e-05 1.961084e-05 
2.161061e-01 3.217803e-02 2.640569e+03 6.274289e-05 1.975959e+04 6.351587e+02 2.006148e-04 1.953244e-02 2.782950e-05 2.028345e-02 4.808668e-05 2.646250e-03 7.649252e-01 1.019186e-04 1.922114e-01 1.681574e-05 5.963930e-06 
2.192828e-01 3.227981e-02 2.624107e+03 6.210724e-05 1.976223e+04 6.322622e+02 2.558893e-04 1.916859e-02 3.635765e-05 2.120175e-02 4.920362e-05 2.645043e-03 7.646723e-01 1.253500e-04 1.918005e-01 1.049421e-05 3.448374e-05 
2.224596e-01 3.238112e-02 2.612274e+03 6.208445e-05 1.976393e+04 6.244463e+02 2.173906e-04 1.993693e-02 4.018251e-05 2.072622e-02 6.779227e-05 2.706097e-03 7.639095e-01 9.872576e-05 1.922864e-01 4.215672e-06 6.473957e-06 
2.256364e-01 3.248183e-02 2.598820e+03 6.163479e-05 1.976040e+04 6.269550e+02 2.170900e-04 1.936029e-02 1.489492e-05 2.099215e-02 2.864624e-05 2.926329e-03 7.633905e-01 1.277494e-04 1.928965e-01 9.824905e-06 3.597441e-05 
2.288131e-01 3.258224e-02 2.572133e+03 6.161457e-05 1.976388e+04 6.212412e+02 1.578188e-04 1.896954e-02 2.555713e-05 2.065637e-02 4.448540e-05 2.929874e-03 7.655044e-01 8.547294e-05 1.916242e-01 2.212242e-06 9.098299e-08 
2.319899e-01 3.268185e-02 2.562870e+03 6.125010e-05 1.976151e+04 6.189564e+02 1.605760e-04 1.907266e-02 1.920556e-05 2.104066e-02 3.941385e-05 3.064730e-03 7.648431e-01 8.453688e-05 1.916577e-01 6.083630e-06 1.133616e-05 
2.351667e-01 3.278132e-02 2.554486e+03 6.125778e-05 1.976023e+04 6.172880e+02 1.608027e-04 1.943514e-02 1.999892e-05 2.115310e-02 2.712780e-05 2.807648e-03 7.636988e-01 8.623660e-05 1.925837e-01 1.426629e-05 1.317305e-05 
2.383434e-01 3.288062e-02 2.544452e+03 6.047271e-05 1.976021e+04 6.161747e+02 1.585017e-04 1.931637e-02 1.342664e-05 2.122961e-02 4.543269e-05 3.019540e-03 7.633027e-01 9.281867e-05 1.928147e-01 1.425548e-06 5.398069e-06 
2.415202e-01 3.297964e-02 2.525529e+03 6.056338e-05 1.976180e+04 6.169292e+02 1.924520e-04 1.939682e-02 4.999395e-05 2.121189e-02 3.000687e-05 3.215338e-03 7.630692e-01 8.028012e-05 1.927219e-01 2.245752e-05 9.713896e-06 
2.446970e-01 3.307819e-02 2.523703e+03 5.982571e-05 1.976132e+04 6.143235e+02 2.005487e-04 1.960680e-02 3.202141e-05 2.152464e-02 3.293262e-05 3.229948e-03 7.641036e-01 1.127619e-04 1.911339e-01 6.719822e-06 1.611331e-05 
2.478737e-01 3.317611e-02 2.492960e+03 5.963664e-05 1.976107e+04 6.082726e+02 2.472694e-04 1.937848e-02 2.096822e-05 2.090741e-02 7.949192e-05 3.231770e-03 7.632429e-01 1.130686e-04 1.927449e-01 1.863292e-05 1.510770e-05 
2.510505e-01 3.327327e-02 2.499445e+03 5.937042e-05 1.976343e+04 6.004680e+02 1.805409e-04 1.883726e-02 5.095271e-05 2.070081e-02 3.170781e-05 3.224486e-03 7.635416e-01 6.880474e-05 1.933348e-01 7.576395e-06 2.149937e-05 
2.542273e-01 3.336984e-02 2.472776e+03 5.907638e-05 1.976520e+04 6.004480e+02 2.174926e-04 1.897667e-02 3.558103e-05 2.205674e-02 7.178551e-05 3.078156e-03 7.623471e-01 8.625837e-05 1.931064e-01 2.183007e-06 2.168441e-05 
2.574040e-01 3.346621e-02 2.477280e+03 5.876540e-05 1.976188e+04 5.972031e+02 2.302962e-04 1.922979e-02 3.027066e-05 2.047771e-02 3.770116e-05 3.389508e-03 7.631759e-01 1.439752e-04 1.932665e-01 6.970340e-06 1.137893e-05 
2.605808e-01 3.356216e-02 2.449643e+03 5.834157e-05 1.976294e+04 5.945206e+02 2.049678e-04 1.893496e-02 4.135747e-05 2.117157e-02 5.186593e-05 3.259541e-03 7.634660e-01 9.068189e-05 1.927580e-01 5.945417e-08 2.100337e-05 
2.637576e-01 3.365763e-02 2.442938e+03 5.797001e-05 1.976662e+04 5.932702e+02 2.048663e-04 1.940012e-02 1.662417e-05 2.167593e-02 3.962215e-05 3.546061e-03 7.637078e-01 1.203314e-04 1.912604e-01 1.552328e-05 1.276529e-05 
2.669343e-01 3.375267e-02 2.434733e+03 5.769768e-05 1.976231e+04 5.893461e+02 2.821641e-04 1.963174e-02 3.416252e-05 2.158416e-02 7.350335e-05 3.281732e-03 7.614723e-01 1.480056e-04 1.934657e-01 3.165943e-06 2.332626e-05 
2.701111e-01 3.384725e-02 2.417222e+03 5.729428e-05 1.976607e+04 5.870902e+02 1.812494e-04 1.893654e-02 2.892771e-05 2.152272e-02 4.797336e-05 3.600890e-03 7.638946e-01 7.939018e-05 1.916827e-01 1.279448e-05 1.216393e-05 
2.732879e-01 3.394135e-02 2.420204e+03 5.721014e-05 1.976366e+04 5.857163e+02 2.614359e-04 1.909393e-02 4.044103e-05 2.066167e-02 8.184434e-05 3.383072e-03 7.624137e-01 1.016953e-04 1.939247e-01 7.549673e-06 2.990594e-05 
2.764646e-01 3.403491e-02 2.400641e+03 5.698422e-05 1.976524e+04 5.802237e+02 2.269450e-04 1.855349e-02 3.747318e-05 2.133253e-02 3.758713e-05 3.699481e-03 7.639997e-01 1.165685e-04 1.919609e-01 2.215661e-05 1.315917e-05 
2.796414e-01 3.412792e-02 2.393576e+03 5.664684e-05 1.976968e+04 5.781749e+02 1.871099e-04 1.913801e-02 2.199239e-05 2.142163e-02 5.880325e-05 3.677448e-03 7.633908e-01 1.021448e-04 1.919979e-01 6.509147e-07 3.518720e-06 
2.828182e-01 3.422054e-02 2.378822e+03 5.641271e-05 1.976414e+04 5.756844e+02 1.751022e-04 1.908071e-02 2.000612e-05 2.176585e-02 4.592532e-05 3.672915e-03 7.626808e-01 8.170633e-05 1.924495e-01 2.660368e-05 8.610962e-07 
2.859949e-01 3.431296e-02 2.379762e+03 5.599595e-05 1.976601e+04 5.755324e+02 1.907162e-04 1.912320e-02 3.071308e-05 2.135045e-02 7.682656e-05 3.734623e-03 7.631931e-01 7.364565e-05 1.922172e-01 0.000000e+00 9.531122e-06 
2.891717e-01 3.440479e-02 2.369888e+03 5.563439e-05 1.976435e+04 5.684452e+02 1.459017e-04 1.934744e-02 2.578811e-05 2.173937e-02 6.371012e-05 3.569842e-03 7.626486e-01 3.873293e-05 1.924029e-01 9.951852e-06 7.719154e-06 
2.923485e-01 3.449614e-02 2.348119e+03 5.525625e-05 1.976633e+04 5.670229e+02 2.376726e-04 1.875642e-02 3.661352e-05 2.176158e-02 3.061001e-05 3.624286e-03 7.626971e-01 1.404067e-04 1.926853e-01 1.274535e-05 1.729704e-05 
2.955253e-01 3.458709e-02 2.350959e+03 5.506782e-05 1.976623e+04 5.654748e+02 2.315628e-04 1.879562e-02 3.084980e-05 2.116505e-02 6.851951e-05 3.669031e-03 7.638617e-01 1.192791e-04 1.920455e-01 6.457169e-06 6.457169e-06 
2.987020e-01 3.467733e-02 2.329026e+03 5.476688e-05 1.976760e+04 5.594633e+02 2.742591e-04 1.874940e-02 6.362941e-05 2.151636e-02 6.376415e-05 3.685178e-03 7.644147e-01 1.088502e-04 1.910858e-01 2.495104e-05 1.306504e-05 
3.018788e-01 3.476719e-02 2.327702e+03 5.436300e-05 1.976482e+04 5.596691e+02 2.713161e-04 1.830400e-02 2.690458e-05 2.240863e-02 8.264339e-05 3.799281e-03 7.636559e-01 1.128454e-04 1.912896e-01 2.342052e-05 2.550211e-05 
3.050556e-01 3.485660e-02 2.326380e+03 5.415861e-05 1.976669e+04 5.589728e+02 2.321792e-04 1.906507e-02 4.355661e-05 2.105249e-02 5.275860e-05 3.952166e-03 7.637382e-01 1.024639e-04 1.917277e-01 2.338868e-05 1.001128e-05 
3.082323e-01 3.494548e-02 2.308560e+03 5.382698e-05 1.976810e+04 5.514849e+02 2.783569e-04 1.883739e-02 1.941526e-05 2.251202e-02 6.034409e-05 3.694391e-03 7.617801e-01 1.281092e-04 1.926194e-01 2.959753e-05 4.089108e-05 
3.114091e-01 3.503365e-02 2.307792e+03 5.358788e-05 1.977115e+04 5.498231e+02 1.842723e-04 1.834422e-02 3.204179e-05 2.158794e-02 3.220204e-05 3.869187e-03 7.627634e-01 9.485799e-05 1.930667e-01 1.186565e-05 1.330440e-05 
3.145859e-01 3.512129e-02 2.290813e+03 5.311572e-05 1.977252e+04 5.430580e+02 2.398274e-04 1.878161e-02 4.285317e-05 2.233775e-02 5.118853e-05 3.769503e-03 7.614099e-01 1.216618e-04 1.932216e-01 1.775102e-05 6.372607e-06 
3.177626e-01 3.520859e-02 2.290551e+03 5.281054e-05 1.976674e+04 5.457553e+02 2.615793e-04 1.899022e-02 4.101115e-05 2.202763e-02 5.027977e-05 4.140274e-03 7.631664e-01 1.108908e-04 1.911523e-01 4.650285e-05 1.289425e-05 
3.209394e-01 3.529551e-02 2.272223e+03 5.236450e-05 1.976898e+04 5.404267e+02 2.786738e-04 1.843143e-02 2.852908e-05 2.158030e-02 8.694628e-05 4.066446e-03 7.626052e-01 1.324886e-04 1.927593e-01 1.368502e-05 1.702499e-05 
3.241162e-01 3.538212e-02 2.264689e+03 5.205027e-05 1.976686e+04 5.370541e+02 2.132229e-04 1.906865e-02 1.873227e-05 2.206884e-02 5.611506e-05 4.177139e-03 7.626838e-01 1.113461e-04 1.915751e-01 2.072640e-05 6.303100e-06 
3.272929e-01 3.546841e-02 2.261197e+03 5.198566e-05 1.977444e+04 5.355890e+02 2.180293e-04 1.846748e-02 6.153117e-05 2.249118e-02 4.289857e-05 4.180228e-03 7.615098e-01 8.106178e-05 1.929152e-01 2.057338e-05 1.196440e-05 
3.304697e-01 3.555415e-02 2.259928e+03 5.169475e-05 1.976850e+04 5.319962e+02 1.632825e-04 1.885225e-02 1.611471e-05 2.193493e-02 4.404217e-05 4.125115e-03 7.628547e-01 7.867412e-05 1.919064e-01 1.562462e-05 8.826758e-06 
3.336465e-01 3.563926e-02 2.249113e+03 5.117295e-05 1.976745e+04 5.301075e+02 2.359947e-04 1.860138e-02 4.034630e-05 2.243726e-02 5.073139e-05 4.175886e-03 7.624809e-01 1.148080e-04 1.918326e-01 1.859689e-05 1.151253e-05 
3.368232e-01 3.572413e-02 2.241609e+03 5.114552e-05 1.977133e+04 5.273236e+02 1.919274e-04 1.800811e-02 2.568875e-05 2.264278e-02 5.286154e-05 4.266275e-03 7.623720e-01 8.058391e-05 1.923270e-01 2.425599e-05 8.537426e-06 
3.400000e-01 3.580867e-02 2.218864e+03 5.080957e-05 1.976990e+04 5.233464e+02 2.308407e-04 1.840202e-02 1.480502e-05 2.169985e-02 6.319143e-05 4.192454e-03 7.647435e-01 1.118623e-04 1.905005e-01 2.519336e-05 1.578820e-05 
