2.550000e-02 2.480277e-02 4.928485e+03 6.013432e-05 1.976807e+04 3.479656e+02 1.620510e-04 1.855123e-02 1.659768e-05 1.174803e-02 4.243791e-05 1.025098e-04 7.706761e-01 5.569495e-05 1.985981e-01 1.454324e-05 3.277739e-05 
2.867677e-02 2.486071e-02 4.897624e+03 6.051121e-05 1.976253e+04 3.768100e+02 1.104116e-04 1.995795e-02 6.736345e-06 1.350190e-02 2.260713e-05 1.756281e-04 7.684496e-01 5.952763e-05 1.976941e-01 1.494366e-05 6.597039e-06 
3.185354e-02 2.492326e-02 4.912690e+03 6.071046e-05 1.975095e+04 4.047145e+02 1.288902e-04 2.096239e-02 2.446173e-05 1.428564e-02 4.245129e-05 2.256861e-04 7.672589e-01 3.767035e-05 1.970096e-01 1.250658e-05 1.180039e-05 
3.503030e-02 2.499039e-02 4.870144e+03 6.129273e-05 1.974747e+04 4.272740e+02 1.413370e-04 2.122318e-02 2.441728e-05 1.600148e-02 2.649430e-05 2.192876e-04 7.658551e-01 6.915841e-05 1.964183e-01 1.493368e-05 6.333147e-06 
3.820707e-02 2.506194e-02 4.871827e+03 6.165738e-05 1.974268e+04 4.586943e+02 1.682460e-04 2.210588e-02 3.746317e-05 1.665176e-02 4.636157e-05 3.179731e-04 7.666390e-01 6.688773e-05 1.939489e-01 1.065147e-05 6.882292e-06 
4.138384e-02 2.513727e-02 4.855879e+03 6.220279e-05 1.973563e+04 4.801851e+02 1.558057e-04 2.214585e-02 1.203330e-05 1.795606e-02 6.026833e-05 2.926093e-04 7.651523e-01 5.772028e-05 1.941416e-01 1.392918e-05 1.185469e-05 
4.456061e-02 2.521647e-02 4.808098e+03 6.236840e-05 1.973539e+04 5.032163e+02 1.428120e-04 2.320580e-02 1.339541e-05 1.856757e-02 3.522575e-05 3.582493e-04 7.653811e-01 6.726240e-05 1.922017e-01 1.398987e-05 1.293881e-05 
4.773737e-02 2.529876e-02 4.715887e+03 6.304125e-05 1.973108e+04 5.154271e+02 2.045165e-04 2.255944e-02 3.473657e-05 1.857516e-02 6.026396e-05 4.125347e-04 7.642532e-01 9.080795e-05 1.937907e-01 1.674694e-05 1.961072e-06 
5.091414e-02 2.538385e-02 4.680112e+03 6.328953e-05 1.972712e+04 5.365811e+02 1.685725e-04 2.352897e-02 1.946271e-05 1.854505e-02 3.741042e-05 5.205498e-04 7.642385e-01 8.637097e-05 1.928298e-01 7.027385e-06 1.830127e-05 
5.409091e-02 2.547168e-02 4.633187e+03 6.383220e-05 1.972404e+04 5.558196e+02 1.793095e-04 2.261491e-02 2.057828e-05 1.975149e-02 2.906212e-05 5.181670e-04 7.628051e-01 9.138400e-05 1.939517e-01 2.308518e-05 1.520000e-05 
5.726768e-02 2.556146e-02 4.510992e+03 6.405416e-05 1.972507e+04 5.600265e+02 1.480833e-04 2.327771e-02 2.676301e-05 1.938490e-02 2.224438e-05 4.748731e-04 7.643710e-01 6.957427e-05 1.921954e-01 1.348830e-05 1.601305e-05 
6.044444e-02 2.565337e-02 4.490344e+03 6.427581e-05 1.972083e+04 5.776849e+02 1.586486e-04 2.379848e-02 2.202541e-05 2.049910e-02 2.532847e-05 5.801559e-04 7.632492e-01 9.534088e-05 1.915558e-01 3.250070e-06 1.270385e-05 
6.362121e-02 2.574762e-02 4.425676e+03 6.469044e-05 1.972032e+04 5.877507e+02 1.672919e-04 2.342650e-02 2.399016e-05 2.074316e-02 3.776816e-05 7.067825e-04 7.627339e-01 7.790243e-05 1.920551e-01 6.088904e-06 2.154246e-05 
6.679798e-02 2.584311e-02 4.364341e+03 6.517779e-05 1.971842e+04 6.013782e+02 1.512096e-04 2.388094e-02 1.505436e-05 2.053902e-02 4.129194e-05 7.149310e-04 7.614689e-01 7.731148e-05 1.930938e-01 1.080151e-05 6.750273e-06 
6.997475e-02 2.594034e-02 4.290911e+03 6.498568e-05 1.972271e+04 6.098242e+02 1.812954e-04 2.358628e-02 2.419283e-05 2.053259e-02 3.003706e-05 8.385551e-04 7.640496e-01 8.643424e-05 1.906304e-01 1.380708e-05 2.682413e-05 
7.315152e-02 2.603891e-02 4.235000e+03 6.572826e-05 1.972111e+04 6.203608e+02 1.661724e-04 2.377693e-02 2.185782e-05 2.085111e-02 4.011896e-05 7.833637e-04 7.629941e-01 8.740464e-05 1.912621e-01 1.644926e-05 3.420230e-07 
7.632828e-02 2.613902e-02 4.177414e+03 6.570428e-05 1.972039e+04 6.262283e+02 1.874631e-04 2.348613e-02 1.233892e-05 2.142727e-02 7.360173e-05 8.781291e-04 7.623560e-01 6.897303e-05 1.914776e-01 1.842767e-05 1.412209e-05 
7.950505e-02 2.624039e-02 4.119887e+03 6.598476e-05 1.971680e+04 6.338667e+02 1.782337e-04 2.400945e-02 5.924126e-06 2.125550e-02 4.971574e-05 8.280784e-04 7.621367e-01 9.309505e-05 1.914139e-01 2.272093e-05 6.777967e-06 
8.268182e-02 2.634287e-02 4.052456e+03 6.596992e-05 1.971934e+04 6.393554e+02 1.736467e-04 2.390758e-02 2.094551e-05 2.126910e-02 5.662319e-05 9.618103e-04 7.630390e-01 7.506790e-05 1.904752e-01 1.122029e-05 9.789937e-06 
8.585859e-02 2.644655e-02 4.016781e+03 6.626206e-05 1.971763e+04 6.503312e+02 1.425695e-04 2.345889e-02 4.815550e-06 2.121018e-02 3.963585e-05 1.010489e-03 7.640148e-01 8.769992e-05 1.900205e-01 4.246939e-06 6.171621e-06 
8.903535e-02 2.655090e-02 3.951168e+03 6.653605e-05 1.971447e+04 6.464612e+02 1.677139e-04 2.368458e-02 1.341408e-05 2.160533e-02 3.992042e-05 1.083502e-03 7.632036e-01 7.559646e-05 1.900876e-01 1.537528e-05 2.340797e-05 
9.221212e-02 2.665599e-02 3.901666e+03 6.639122e-05 1.971974e+04 6.555153e+02 1.775821e-04 2.410663e-02 3.728576e-05 2.081758e-02 3.299806e-05 9.917448e-04 7.639867e-01 8.719604e-05 1.897421e-01 9.108666e-06 1.099338e-05 
9.538889e-02 2.676202e-02 3.855507e+03 6.663149e-05 1.971637e+04 6.628581e+02 1.912272e-04 2.347009e-02 2.594334e-05 2.145768e-02 4.764502e-05 1.161466e-03 7.621144e-01 8.670891e-05 1.914139e-01 1.849443e-05 1.243555e-05 
9.856566e-02 2.686871e-02 3.791291e+03 6.681893e-05 1.971609e+04 6.632009e+02 2.313600e-04 2.340184e-02 2.099405e-05 2.170586e-02 4.381431e-05 1.174056e-03 7.627960e-01 1.254328e-04 1.904596e-01 1.946209e-05 2.165702e-05 
1.017424e-01 2.697579e-02 3.754440e+03 6.685655e-05 1.971580e+04 6.682532e+02 1.889934e-04 2.327288e-02 3.384921e-05 2.111350e-02 8.182300e-05 1.346634e-03 7.617708e-01 5.243826e-05 1.921181e-01 1.628175e-05 4.601288e-06 
1.049192e-01 2.708347e-02 3.696295e+03 6.682193e-05 1.971392e+04 6.684742e+02 2.176984e-04 2.333926e-02 1.090044e-05 2.162975e-02 3.688592e-05 1.270557e-03 7.622054e-01 1.300274e-04 1.911196e-01 1.522844e-05 2.465611e-05 
1.080960e-01 2.719146e-02 3.649302e+03 6.683569e-05 1.971916e+04 6.700408e+02 1.876616e-04 2.359592e-02 3.792196e-05 2.191077e-02 4.351244e-05 1.341145e-03 7.617105e-01 8.989266e-05 1.910663e-01 1.347959e-05 2.855050e-06 
1.112727e-01 2.729985e-02 3.635049e+03 6.685356e-05 1.971380e+04 6.757264e+02 2.370463e-04 2.370359e-02 4.935766e-05 2.165914e-02 5.473356e-05 1.200940e-03 7.623108e-01 1.081052e-04 1.906514e-01 1.559790e-05 9.251664e-06 
1.144495e-01 2.740845e-02 3.578357e+03 6.671470e-05 1.971806e+04 6.757488e+02 1.960115e-04 2.393545e-02 2.597970e-05 2.100760e-02 6.972616e-05 1.366640e-03 7.623057e-01 7.294011e-05 1.909926e-01 1.781899e-05 9.546367e-06 
1.176263e-01 2.751744e-02 3.532865e+03 6.670123e-05 1.971898e+04 6.760541e+02 2.055326e-04 2.377190e-02 2.577448e-05 2.280279e-02 4.231674e-05 1.495655e-03 7.591876e-01 1.107481e-04 1.923310e-01 1.370230e-05 1.299089e-05 
1.208030e-01 2.762669e-02 3.504373e+03 6.649079e-05 1.971702e+04 6.781171e+02 2.100132e-04 2.313442e-02 2.526897e-05 2.167953e-02 4.958997e-05 1.409842e-03 7.615818e-01 9.101991e-05 1.917744e-01 1.919869e-05 2.493584e-05 
1.239798e-01 2.773591e-02 3.457957e+03 6.663180e-05 1.971789e+04 6.763951e+02 2.445550e-04 2.313984e-02 1.311766e-05 2.214432e-02 4.278369e-05 1.635214e-03 7.597869e-01 1.507495e-04 1.928046e-01 2.718948e-05 1.071458e-05 
1.271566e-01 2.784499e-02 3.435992e+03 6.661768e-05 1.972025e+04 6.767832e+02 2.272187e-04 2.354594e-02 2.365456e-05 2.178546e-02 5.199582e-05 1.562086e-03 7.615483e-01 1.097844e-04 1.911038e-01 1.423233e-05 2.755155e-05 
1.303333e-01 2.795418e-02 3.380699e+03 6.626738e-05 1.971780e+04 6.773874e+02 2.047244e-04 2.348853e-02 4.864112e-05 2.212545e-02 4.272508e-05 1.564794e-03 7.623458e-01 9.725781e-05 1.900660e-01 1.099812e-05 5.102474e-06 
1.335101e-01 2.806320e-02 3.376450e+03 6.620124e-05 1.972014e+04 6.799700e+02 2.357599e-04 2.397445e-02 2.658233e-05 2.190850e-02 4.864918e-05 1.724080e-03 7.602021e-01 1.156742e-04 1.917194e-01 1.202426e-05 3.282968e-05 
1.366869e-01 2.817224e-02 3.309962e+03 6.609544e-05 1.971808e+04 6.726858e+02 2.366388e-04 2.314330e-02 2.979156e-05 2.187105e-02 5.147055e-05 1.699855e-03 7.620455e-01 9.435626e-05 1.907670e-01 3.048988e-05 3.053046e-05 
1.398636e-01 2.828104e-02 3.300572e+03 6.583255e-05 1.971850e+04 6.743511e+02 2.813771e-04 2.345366e-02 4.631457e-05 2.237974e-02 4.986606e-05 1.826265e-03 7.602795e-01 1.444522e-04 1.914980e-01 2.573560e-05 1.500887e-05 
1.430404e-01 2.838973e-02 3.260495e+03 6.588633e-05 1.972115e+04 6.744774e+02 2.016493e-04 2.329778e-02 1.868239e-05 2.236594e-02 6.069760e-05 2.008143e-03 7.618567e-01 8.269457e-05 1.900682e-01 2.119007e-05 1.838435e-05 
1.462172e-01 2.849862e-02 3.228352e+03 6.536336e-05 1.971845e+04 6.787685e+02 2.251026e-04 2.398053e-02 1.395878e-05 2.303793e-02 5.741743e-05 1.904649e-03 7.593378e-01 1.147603e-04 1.912888e-01 2.163705e-05 1.732897e-05 
1.493939e-01 2.860731e-02 3.203634e+03 6.544798e-05 1.971995e+04 6.712240e+02 2.040376e-04 2.355703e-02 3.916053e-05 2.256121e-02 5.650955e-05 2.008304e-03 7.599119e-01 7.681993e-05 1.915534e-01 1.511763e-05 1.643016e-05 
1.525707e-01 2.871560e-02 3.174441e+03 6.521632e-05 1.972102e+04 6.711928e+02 1.539764e-04 2.327339e-02 3.322347e-05 2.202414e-02 1.307411e-05 2.019258e-03 7.615134e-01 8.107946e-05 1.908618e-01 8.615377e-06 1.798424e-05 
1.557475e-01 2.882336e-02 3.151030e+03 6.485579e-05 1.971865e+04 6.637674e+02 2.008396e-04 2.355855e-02 1.662157e-05 2.239279e-02 8.076901e-05 2.028032e-03 7.611106e-01 7.120833e-05 1.905084e-01 2.036404e-05 1.187670e-05 
1.589242e-01 2.893067e-02 3.120848e+03 6.461528e-05 1.971982e+04 6.657100e+02 1.870064e-04 2.363665e-02 2.493772e-05 2.302447e-02 4.236576e-05 2.313877e-03 7.592882e-01 7.028352e-05 1.913628e-01 3.696460e-05 1.245492e-05 
1.621010e-01 2.903785e-02 3.107579e+03 6.420240e-05 1.972258e+04 6.656772e+02 2.004698e-04 2.344734e-02 3.727013e-05 2.264304e-02 4.416328e-05 2.270463e-03 7.604617e-01 8.267587e-05 1.907765e-01 1.985129e-05 1.650947e-05 
1.652778e-01 2.914490e-02 3.081593e+03 6.415065e-05 1.972055e+04 6.610238e+02 2.060724e-04 2.278406e-02 3.894373e-05 2.298263e-02 4.586353e-05 2.270745e-03 7.611320e-01 7.074939e-05 1.904184e-01 2.824089e-05 2.227491e-05 
1.684545e-01 2.925142e-02 3.052651e+03 6.384980e-05 1.972290e+04 6.569298e+02 1.886709e-04 2.308494e-02 2.431864e-05 2.297519e-02 5.236976e-05 2.559337e-03 7.605066e-01 9.818349e-05 1.904966e-01 7.308692e-06 6.490393e-06 
1.716313e-01 2.935736e-02 3.030735e+03 6.346620e-05 1.972362e+04 6.560699e+02 1.857420e-04 2.309473e-02 2.333180e-05 2.326878e-02 2.102447e-05 2.383390e-03 7.601399e-01 9.377170e-05 1.907417e-01 2.988757e-05 1.772618e-05 
1.748081e-01 2.946315e-02 3.014618e+03 6.308681e-05 1.972595e+04 6.565060e+02 2.701307e-04 2.352055e-02 3.330715e-05 2.272156e-02 6.681676e-05 2.288831e-03 7.582648e-01 1.400992e-04 1.926640e-01 2.580784e-05 4.099898e-06 
1.779848e-01 2.956866e-02 2.992142e+03 6.284048e-05 1.972148e+04 6.521929e+02 2.777845e-04 2.329153e-02 3.390933e-05 2.309778e-02 5.123516e-05 2.672453e-03 7.603629e-01 1.509002e-04 1.900198e-01 2.814916e-05 1.359008e-05 
1.811616e-01 2.967370e-02 2.968061e+03 6.255858e-05 1.972465e+04 6.487920e+02 2.563169e-04 2.297100e-02 2.647104e-05 2.302883e-02 6.346761e-05 2.511206e-03 7.596519e-01 1.377323e-04 1.913244e-01 1.484122e-05 1.380460e-05 
1.843384e-01 2.977815e-02 2.946846e+03 6.221798e-05 1.972536e+04 6.452223e+02 1.898502e-04 2.261198e-02 4.512912e-05 2.355227e-02 2.843402e-05 2.615710e-03 7.599396e-01 1.007374e-04 1.909007e-01 2.704785e-06 1.284464e-05 
1.875152e-01 2.988228e-02 2.932569e+03 6.173339e-05 1.972588e+04 6.435955e+02 2.116938e-04 2.332445e-02 2.566770e-05 2.299651e-02 4.595339e-05 2.759261e-03 7.585727e-01 1.020068e-04 1.919237e-01 2.154582e-05 1.651975e-05 
1.906919e-01 2.998594e-02 2.906270e+03 6.168275e-05 1.972456e+04 6.424362e+02 1.977811e-04 2.288175e-02 2.910320e-05 2.308539e-02 5.291654e-05 2.687776e-03 7.616406e-01 7.855411e-05 1.893089e-01 2.197861e-05 1.522877e-05 
1.938687e-01 3.008874e-02 2.883873e+03 6.112692e-05 1.972550e+04 6.353250e+02 1.950823e-04 2.267608e-02 2.143903e-05 2.328267e-02 2.768087e-05 2.664236e-03 7.590621e-01 1.113013e-04 1.919248e-01 2.440611e-05 1.025498e-05 
1.970455e-01 3.019099e-02 2.881137e+03 6.108897e-05 1.972636e+04 6.336465e+02 2.304684e-04 2.269627e-02 4.727204e-05 2.342651e-02 7.280072e-05 2.707732e-03 7.595330e-01 7.958423e-05 1.911756e-01 9.306772e-06 2.150457e-05 
2.002222e-01 3.029307e-02 2.855863e+03 6.082352e-05 1.972815e+04 6.315029e+02 2.117455e-04 2.236289e-02 1.996718e-06 2.289276e-02 5.993072e-05 2.743445e-03 7.600060e-01 1.190300e-04 1.915714e-01 2.830635e-05 2.481976e-06 
2.033990e-01 3.039445e-02 2.840305e+03 6.035683e-05 1.972643e+04 6.272569e+02 2.110801e-04 2.255774e-02 2.278501e-05 2.270082e-02 5.180093e-05 2.728921e-03 7.592890e-01 1.142754e-04 1.923013e-01 5.131746e-06 1.708726e-05 
2.065758e-01 3.049519e-02 2.822642e+03 5.999822e-05 1.972565e+04 6.279524e+02 2.174989e-04 2.258229e-02 2.374539e-05 2.339943e-02 3.855145e-05 2.819251e-03 7.599031e-01 1.157872e-04 1.908609e-01 2.066732e-05 1.874798e-05 
2.097525e-01 3.059570e-02 2.811025e+03 5.980508e-05 1.972719e+04 6.215653e+02 2.003703e-04 2.258597e-02 9.304043e-06 2.300974e-02 7.306481e-05 2.699199e-03 7.591901e-01 8.418021e-05 1.921143e-01 1.194579e-05 2.187617e-05 
2.129293e-01 3.069565e-02 2.772628e+03 5.936297e-05 1.972753e+04 6.170343e+02 2.553932e-04 2.264340e-02 1.786861e-05 2.337495e-02 4.120223e-05 3.126242e-03 7.595933e-01 1.423255e-04 1.907513e-01 1.492024e-05 3.907664e-05 
2.161061e-01 3.079501e-02 2.771417e+03 5.898028e-05 1.972774e+04 6.170959e+02 2.003464e-04 2.262409e-02 1.669333e-05 2.350890e-02 5.024242e-05 3.146504e-03 7.581365e-01 1.106971e-04 1.921834e-01 1.343679e-05 9.277187e-06 
2.192828e-01 3.089399e-02 2.757277e+03 5.883213e-05 1.972700e+04 6.113545e+02 2.778864e-04 2.279201e-02 3.471277e-05 2.317451e-02 4.472534e-05 3.106030e-03 7.611900e-01 1.593893e-04 1.891817e-01 9.545712e-06 2.951321e-05 
2.224596e-01 3.099243e-02 2.734530e+03 5.849678e-05 1.973370e+04 6.111439e+02 2.837519e-04 2.273147e-02 5.742317e-05 2.314832e-02 4.951530e-05 3.138876e-03 7.586660e-01 1.546336e-04 1.917478e-01 6.566729e-06 1.561272e-05 
2.256364e-01 3.109024e-02 2.711730e+03 5.789538e-05 1.973036e+04 6.065619e+02 2.817078e-04 2.256477e-02 1.128205e-05 2.351130e-02 8.654654e-05 3.031586e-03 7.606176e-01 1.559596e-04 1.897113e-01 1.172910e-05 1.619025e-05 
2.288131e-01 3.118751e-02 2.706426e+03 5.769673e-05 1.973223e+04 6.020210e+02 1.976976e-04 2.233794e-02 2.915009e-05 2.380373e-02 4.964670e-05 3.136044e-03 7.604438e-01 8.422554e-05 1.898831e-01 1.832232e-05 1.635323e-05 
2.319899e-01 3.128416e-02 2.704013e+03 5.732486e-05 1.972878e+04 6.001372e+02 2.200523e-04 2.284663e-02 4.110714e-05 2.353301e-02 4.924192e-05 3.132647e-03 7.596518e-01 1.113674e-04 1.903958e-01 1.086001e-05 7.475580e-06 
2.351667e-01 3.138032e-02 2.678083e+03 5.699484e-05 1.973259e+04 5.935018e+02 2.260489e-04 2.229517e-02 2.693450e-05 2.388569e-02 6.025233e-05 3.419480e-03 7.593782e-01 1.038499e-04 1.905693e-01 1.293772e-05 2.207475e-05 
2.383434e-01 3.147589e-02 2.674592e+03 5.662748e-05 1.973391e+04 5.951377e+02 2.309242e-04 2.210476e-02 2.760837e-05 2.329787e-02 2.970456e-05 3.369017e-03 7.600048e-01 1.338131e-04 1.907617e-01 3.631635e-05 3.482092e-06 
2.415202e-01 3.157096e-02 2.651023e+03 5.634300e-05 1.973174e+04 5.891565e+02 2.296719e-04 2.215060e-02 3.553536e-05 2.438541e-02 4.282392e-05 3.268049e-03 7.589906e-01 1.290273e-04 1.907460e-01 1.045369e-05 1.183173e-05 
2.446970e-01 3.166555e-02 2.650222e+03 5.604957e-05 1.973169e+04 5.862205e+02 2.364723e-04 2.192353e-02 1.274202e-05 2.337751e-02 2.780473e-05 3.357147e-03 7.605768e-01 1.575197e-04 1.902921e-01 2.803319e-05 1.037287e-05 
2.478737e-01 3.175965e-02 2.623346e+03 5.545974e-05 1.973232e+04 5.826142e+02 1.911450e-04 2.232502e-02 2.163529e-05 2.448081e-02 4.421251e-05 3.438046e-03 7.591029e-01 9.828499e-05 1.902709e-01 1.888183e-05 8.130329e-06 
2.510505e-01 3.185315e-02 2.620815e+03 5.554255e-05 1.973457e+04 5.789422e+02 1.905065e-04 2.264596e-02 2.728707e-05 2.343152e-02 4.786566e-05 3.489862e-03 7.601200e-01 9.725696e-05 1.899316e-01 3.276742e-06 1.481970e-05 
2.542273e-01 3.194618e-02 2.605881e+03 5.494312e-05 1.973394e+04 5.751800e+02 2.931493e-04 2.211808e-02 5.308661e-05 2.423578e-02 5.577947e-05 3.576671e-03 7.580426e-01 1.475993e-04 1.914406e-01 1.885280e-05 1.783136e-05 
2.574040e-01 3.203870e-02 2.593815e+03 5.475160e-05 1.973143e+04 5.742882e+02 2.120140e-04 2.214490e-02 1.516182e-05 2.407103e-02 5.601789e-05 3.601031e-03 7.606574e-01 1.084566e-04 1.891016e-01 1.560035e-05 1.677684e-05 
2.605808e-01 3.213081e-02 2.576234e+03 5.438514e-05 1.973579e+04 5.702863e+02 2.614058e-04 2.255967e-02 1.558929e-05 2.424604e-02 7.039327e-05 3.478916e-03 7.600539e-01 1.440267e-04 1.891387e-01 7.907818e-06 2.348792e-05 
2.637576e-01 3.222209e-02 2.571505e+03 5.401624e-05 1.973243e+04 5.650225e+02 2.856358e-04 2.202339e-02 2.409044e-05 2.412987e-02 4.777532e-05 3.664202e-03 7.589963e-01 1.839085e-04 1.906150e-01 9.864868e-06 1.999662e-05 
2.669343e-01 3.231260e-02 2.548846e+03 5.360891e-05 1.973671e+04 5.588901e+02 2.253334e-04 2.243907e-02 1.725499e-05 2.411541e-02 3.381899e-05 3.505238e-03 7.601961e-01 1.398803e-04 1.892936e-01 1.941845e-05 1.496053e-05 
2.701111e-01 3.240269e-02 2.546361e+03 5.320253e-05 1.973210e+04 5.580791e+02 1.869980e-04 2.207065e-02 3.198969e-05 2.422106e-02 4.099679e-05 3.992393e-03 7.589667e-01 1.004221e-04 1.903752e-01 5.119711e-06 8.469844e-06 
2.732879e-01 3.249226e-02 2.525422e+03 5.289339e-05 1.973428e+04 5.563038e+02 2.564343e-04 2.175171e-02 4.345811e-05 2.383286e-02 5.277063e-05 3.818399e-03 7.582780e-01 1.192787e-04 1.918061e-01 2.478085e-05 1.614585e-05 
2.764646e-01 3.258135e-02 2.525979e+03 5.269904e-05 1.973480e+04 5.513184e+02 2.040282e-04 2.178164e-02 2.680542e-05 2.386336e-02 3.557616e-05 3.769747e-03 7.608405e-01 1.211599e-04 1.893367e-01 8.106612e-06 1.238052e-05 
2.796414e-01 3.267002e-02 2.511798e+03 5.216417e-05 1.973756e+04 5.511798e+02 2.107647e-04 2.185803e-02 4.278624e-05 2.465707e-02 3.123937e-05 3.999465e-03 7.591641e-01 1.127153e-04 1.898998e-01 6.135423e-06 1.788814e-05 
2.828182e-01 3.275832e-02 2.496769e+03 5.196459e-05 1.973436e+04 5.469662e+02 2.417627e-04 2.199480e-02 3.164414e-05 2.446097e-02 3.358914e-05 3.644250e-03 7.603761e-01 1.317052e-04 1.890404e-01 2.715551e-05 1.766825e-05 
2.859949e-01 3.284585e-02 2.492177e+03 5.158061e-05 1.973560e+04 5.434485e+02 2.663097e-04 2.187920e-02 6.518493e-05 2.421906e-02 3.638865e-05 3.899458e-03 7.598171e-01 1.349902e-04 1.896526e-01 1.760482e-05 1.214098e-05 
2.891717e-01 3.293297e-02 2.484036e+03 5.126824e-05 1.973824e+04 5.391843e+02 1.990901e-04 2.210486e-02 3.874186e-05 2.411808e-02 3.017020e-05 4.017713e-03 7.612984e-01 9.720492e-05 1.880628e-01 1.798889e-05 1.498446e-05 
2.923485e-01 3.301957e-02 2.476717e+03 5.116629e-05 1.973456e+04 5.397333e+02 2.697084e-04 2.148965e-02 5.015658e-05 2.450828e-02 4.849006e-05 3.927940e-03 7.598067e-01 1.501754e-04 1.897280e-01 1.214721e-05 8.738703e-06 
2.955253e-01 3.310564e-02 2.462961e+03 5.069682e-05 1.973381e+04 5.323220e+02 2.347296e-04 2.175270e-02 4.286306e-05 2.466919e-02 4.022443e-05 4.018158e-03 7.591205e-01 1.013484e-04 1.899700e-01 2.806519e-05 2.222889e-05 
2.987020e-01 3.319098e-02 2.448243e+03 5.062761e-05 1.973682e+04 5.280657e+02 2.490075e-04 2.181623e-02 4.680576e-05 2.496732e-02 5.423542e-05 4.114761e-03 7.591150e-01 1.219757e-04 1.894887e-01 1.755613e-05 8.434037e-06 
3.018788e-01 3.327592e-02 2.444224e+03 5.005421e-05 1.973339e+04 5.256710e+02 2.877725e-04 2.179542e-02 3.406864e-05 2.421065e-02 5.767696e-05 4.003219e-03 7.594932e-01 1.685224e-04 1.899220e-01 2.173010e-05 5.774676e-06 
3.050556e-01 3.336046e-02 2.437843e+03 4.979983e-05 1.973600e+04 5.240605e+02 2.715018e-04 2.196169e-02 3.672006e-05 2.510217e-02 4.479443e-05 4.280484e-03 7.578800e-01 1.555588e-04 1.902327e-01 1.972456e-05 1.470362e-05 
3.082323e-01 3.344461e-02 2.424657e+03 4.966411e-05 1.973756e+04 5.222153e+02 2.381315e-04 2.157700e-02 4.106267e-05 2.412150e-02 5.466198e-05 4.069656e-03 7.601378e-01 1.162698e-04 1.896178e-01 1.597407e-05 1.016265e-05 
3.114091e-01 3.352836e-02 2.419753e+03 4.897161e-05 1.973871e+04 5.180860e+02 3.068038e-04 2.215174e-02 3.426205e-05 2.562774e-02 7.405511e-05 4.361768e-03 7.559081e-01 1.739858e-04 1.913370e-01 2.118449e-05 3.316565e-06 
3.145859e-01 3.361137e-02 2.407939e+03 4.869683e-05 1.973989e+04 5.118122e+02 2.137734e-04 2.180223e-02 3.062758e-05 2.444493e-02 4.177888e-05 4.428486e-03 7.606137e-01 1.083293e-04 1.882831e-01 2.546031e-05 7.577322e-06 
3.177626e-01 3.369391e-02 2.403012e+03 4.857811e-05 1.973824e+04 5.149861e+02 3.450760e-04 2.202485e-02 2.925308e-05 2.437963e-02 7.215130e-05 4.465999e-03 7.575344e-01 2.011142e-04 1.909049e-01 1.748963e-05 2.506790e-05 
3.209394e-01 3.377607e-02 2.392185e+03 4.819988e-05 1.973752e+04 5.084879e+02 2.466505e-04 2.231443e-02 2.274072e-05 2.557120e-02 4.113269e-05 4.488646e-03 7.578821e-01 1.278338e-04 1.892503e-01 3.512647e-05 1.981789e-05 
3.241162e-01 3.385754e-02 2.385735e+03 4.825676e-05 1.973787e+04 5.064127e+02 2.613944e-04 2.167840e-02 3.086409e-05 2.449168e-02 5.163136e-05 4.343248e-03 7.568473e-01 1.458714e-04 1.921166e-01 1.230534e-05 2.072230e-05 
3.272929e-01 3.393839e-02 2.366753e+03 4.761416e-05 1.973800e+04 4.989460e+02 2.074752e-04 2.168838e-02 2.924770e-05 2.482446e-02 2.702857e-05 4.519975e-03 7.607029e-01 1.021752e-04 1.878493e-01 2.433362e-05 2.469042e-05 
3.304697e-01 3.401879e-02 2.359188e+03 4.770451e-05 1.974035e+04 5.034982e+02 2.613568e-04 2.214164e-02 1.040462e-05 2.512673e-02 7.577237e-05 4.520937e-03 7.563181e-01 1.527426e-04 1.913699e-01 1.705188e-05 5.385430e-06 
3.336465e-01 3.409872e-02 2.359987e+03 4.728511e-05 1.974006e+04 4.956724e+02 2.484359e-04 2.203508e-02 4.610589e-05 2.424878e-02 4.978161e-05 4.450809e-03 7.591951e-01 1.146800e-04 1.895734e-01 1.196349e-05 2.590458e-05 
3.368232e-01 3.417830e-02 2.350499e+03 4.707611e-05 1.973826e+04 4.955221e+02 2.804351e-04 2.133188e-02 2.596024e-05 2.513323e-02 9.485133e-05 4.582184e-03 7.574850e-01 1.303474e-04 1.909068e-01 8.749327e-06 2.052668e-05 
3.400000e-01 3.425740e-02 2.339596e+03 4.672195e-05 1.974346e+04 4.889772e+02 3.690812e-04 2.133671e-02 7.584670e-05 2.514054e-02 4.848291e-05 4.954143e-03 7.588403e-01 1.937827e-04 1.889901e-01 3.883917e-05 1.212944e-05 
