2.550000e-02 2.307016e-02 6.034807e+03 6.094107e-05 1.970055e+04 4.501617e+02 1.511307e-04 2.515423e-02 1.465626e-05 1.580442e-02 3.468199e-05 2.134838e-04 7.626471e-01 9.652311e-05 1.958785e-01 0.000000e+00 5.269299e-06 
2.867677e-02 2.314572e-02 5.986317e+03 6.147935e-05 1.968774e+04 4.813282e+02 1.671819e-04 2.600644e-02 3.103827e-05 1.751255e-02 4.067196e-05 2.212726e-04 7.619803e-01 7.737662e-05 1.939451e-01 1.809512e-05 0.000000e+00 
3.185354e-02 2.322625e-02 5.914577e+03 6.208062e-05 1.968033e+04 5.139238e+02 1.586956e-04 2.642660e-02 5.361842e-06 1.914432e-02 4.245839e-05 2.468477e-04 7.606809e-01 9.074964e-05 1.931839e-01 1.415000e-05 5.975682e-06 
3.503030e-02 2.331175e-02 5.864177e+03 6.254362e-05 1.967442e+04 5.428666e+02 1.660785e-04 2.747921e-02 2.015082e-05 2.088533e-02 3.724660e-05 3.327653e-04 7.576881e-01 1.034125e-04 1.932824e-01 5.268708e-06 0.000000e+00 
3.820707e-02 2.340083e-02 5.725248e+03 6.292710e-05 1.967460e+04 5.597285e+02 2.705983e-04 2.812276e-02 2.032099e-05 2.128049e-02 5.684755e-05 3.202717e-04 7.596113e-01 1.536708e-04 1.901240e-01 2.478081e-05 1.497820e-05 
4.138384e-02 2.349339e-02 5.603048e+03 6.311938e-05 1.967084e+04 5.804617e+02 2.021923e-04 2.798053e-02 1.439007e-05 2.219391e-02 5.074042e-05 3.973073e-04 7.581614e-01 9.807459e-05 1.908624e-01 3.223473e-05 6.752133e-06 
4.456061e-02 2.358850e-02 5.471302e+03 6.392282e-05 1.967192e+04 5.945479e+02 2.312488e-04 2.842286e-02 1.667493e-05 2.246900e-02 7.832873e-05 4.526067e-04 7.568573e-01 1.072500e-04 1.913358e-01 8.803444e-06 2.019134e-05 
4.773737e-02 2.368644e-02 5.434012e+03 6.413840e-05 1.966952e+04 6.202998e+02 2.138032e-04 2.867321e-02 1.636162e-05 2.351961e-02 5.565895e-05 5.296679e-04 7.562831e-01 1.261490e-04 1.905668e-01 7.382339e-06 8.251520e-06 
5.091414e-02 2.378685e-02 5.310493e+03 6.461398e-05 1.966287e+04 6.292371e+02 2.710302e-04 2.827302e-02 1.895365e-05 2.382510e-02 7.434492e-05 6.041953e-04 7.565037e-01 1.286719e-04 1.902520e-01 2.541269e-05 2.364697e-05 
5.409091e-02 2.388908e-02 5.172980e+03 6.474230e-05 1.966732e+04 6.363083e+02 2.536517e-04 2.835610e-02 3.096635e-05 2.456405e-02 4.917356e-05 6.836099e-04 7.566391e-01 1.370409e-04 1.892498e-01 1.164030e-05 2.483026e-05 
5.726768e-02 2.399305e-02 5.068914e+03 6.524159e-05 1.966537e+04 6.475350e+02 2.404393e-04 2.827091e-02 1.807207e-05 2.458768e-02 5.210455e-05 6.485371e-04 7.564949e-01 1.351518e-04 1.895171e-01 1.322890e-05 2.188223e-05 
6.044444e-02 2.409846e-02 4.971635e+03 6.527704e-05 1.967044e+04 6.558639e+02 1.874793e-04 2.890682e-02 1.475007e-05 2.418239e-02 5.614034e-05 7.286959e-04 7.565861e-01 6.808191e-05 1.892210e-01 3.200552e-05 1.650086e-05 
6.362121e-02 2.420507e-02 4.857393e+03 6.566582e-05 1.966857e+04 6.623644e+02 2.743043e-04 2.843796e-02 2.165722e-05 2.434640e-02 8.183705e-05 8.004304e-04 7.560766e-01 1.411225e-04 1.897900e-01 1.908795e-05 1.059979e-05 
6.679798e-02 2.431270e-02 4.779073e+03 6.581452e-05 1.966032e+04 6.758536e+02 2.037745e-04 2.855540e-02 2.586391e-05 2.466374e-02 4.828069e-05 8.418252e-04 7.563762e-01 1.102112e-04 1.891553e-01 1.804614e-05 1.372332e-06 
6.997475e-02 2.442168e-02 4.691304e+03 6.613466e-05 1.966403e+04 6.756225e+02 2.762967e-04 2.852241e-02 3.325409e-05 2.422966e-02 5.414475e-05 9.627499e-04 7.566273e-01 1.526251e-04 1.891053e-01 2.329673e-05 1.297596e-05 
7.315152e-02 2.453161e-02 4.588208e+03 6.628771e-05 1.966791e+04 6.809025e+02 2.090498e-04 2.842972e-02 4.513125e-05 2.442664e-02 3.271271e-05 9.588862e-04 7.567823e-01 1.086398e-04 1.889844e-01 1.305725e-05 9.508895e-06 
7.632828e-02 2.464206e-02 4.501863e+03 6.599310e-05 1.966860e+04 6.796667e+02 2.671748e-04 2.803164e-02 3.684473e-05 2.462519e-02 5.709776e-05 1.056229e-03 7.567470e-01 1.201429e-04 1.890056e-01 2.346189e-05 2.962731e-05 
7.950505e-02 2.475310e-02 4.434196e+03 6.614396e-05 1.966698e+04 6.905086e+02 2.881012e-04 2.794163e-02 2.350209e-05 2.468096e-02 7.970099e-05 1.114119e-03 7.553293e-01 1.582283e-04 1.903578e-01 1.455433e-05 1.211597e-05 
8.268182e-02 2.486479e-02 4.365566e+03 6.639841e-05 1.966828e+04 6.932371e+02 2.241124e-04 2.847832e-02 1.360986e-05 2.483580e-02 4.062685e-05 1.120724e-03 7.573411e-01 1.440690e-04 1.877759e-01 1.708910e-05 8.717156e-06 
8.585859e-02 2.497696e-02 4.298081e+03 6.645195e-05 1.967294e+04 6.913521e+02 3.196413e-04 2.810151e-02 4.293089e-05 2.485138e-02 7.898429e-05 1.114887e-03 7.564432e-01 1.679181e-04 1.888498e-01 2.723620e-05 2.571882e-06 
8.903535e-02 2.508949e-02 4.219403e+03 6.629866e-05 1.966679e+04 6.949225e+02 2.326171e-04 2.760330e-02 3.111029e-05 2.456325e-02 4.980480e-05 1.260934e-03 7.567378e-01 1.087529e-04 1.893695e-01 2.384240e-05 1.910670e-05 
9.221212e-02 2.520182e-02 4.147097e+03 6.628008e-05 1.966890e+04 6.970788e+02 2.714193e-04 2.785796e-02 2.706945e-05 2.474028e-02 1.024479e-04 1.329564e-03 7.559593e-01 1.232320e-04 1.895701e-01 1.498736e-05 3.681880e-06 
9.538889e-02 2.531425e-02 4.106418e+03 6.629560e-05 1.967018e+04 6.950149e+02 2.595279e-04 2.790364e-02 3.672170e-05 2.526004e-02 3.907139e-05 1.368191e-03 7.552353e-01 1.495410e-04 1.897138e-01 1.717658e-05 1.701697e-05 
9.856566e-02 2.542668e-02 4.034602e+03 6.614519e-05 1.966990e+04 6.918860e+02 2.783789e-04 2.788819e-02 3.429594e-05 2.474105e-02 5.870029e-05 1.447671e-03 7.555318e-01 1.478715e-04 1.898345e-01 2.069739e-05 1.681336e-05 
1.017424e-01 2.553931e-02 3.986635e+03 6.616723e-05 1.966832e+04 6.997900e+02 2.764022e-04 2.794893e-02 3.717307e-05 2.512942e-02 3.983368e-05 1.477426e-03 7.550990e-01 1.692622e-04 1.897924e-01 2.787293e-05 2.260580e-06 
1.049192e-01 2.565204e-02 3.946722e+03 6.584342e-05 1.967422e+04 6.951634e+02 3.360967e-04 2.775551e-02 6.106910e-05 2.508407e-02 4.374022e-05 1.486559e-03 7.556922e-01 1.805529e-04 1.893095e-01 3.052599e-05 2.020845e-05 
1.080960e-01 2.576456e-02 3.894354e+03 6.583674e-05 1.967153e+04 6.973104e+02 2.889736e-04 2.738865e-02 3.339894e-05 2.550236e-02 5.006356e-05 1.593684e-03 7.567118e-01 1.764069e-04 1.882256e-01 1.240947e-05 1.669515e-05 
1.112727e-01 2.587695e-02 3.836982e+03 6.549325e-05 1.967520e+04 6.935153e+02 3.015222e-04 2.734998e-02 3.555188e-05 2.513103e-02 4.857330e-05 1.614648e-03 7.559993e-01 1.865168e-04 1.893020e-01 2.389852e-05 6.981606e-06 
1.144495e-01 2.598920e-02 3.806151e+03 6.544839e-05 1.967193e+04 6.919224e+02 2.959353e-04 2.732289e-02 3.210645e-05 2.528302e-02 5.823977e-05 1.663420e-03 7.555910e-01 1.651598e-04 1.895478e-01 2.672371e-05 1.370587e-05 
1.176263e-01 2.610116e-02 3.754701e+03 6.532768e-05 1.967383e+04 6.938134e+02 2.438270e-04 2.786281e-02 2.874671e-05 2.531929e-02 3.741887e-05 1.768604e-03 7.556599e-01 1.382550e-04 1.889017e-01 2.394300e-05 1.546402e-05 
1.208030e-01 2.621289e-02 3.701975e+03 6.492926e-05 1.967811e+04 6.908631e+02 2.729451e-04 2.715339e-02 3.218164e-05 2.517325e-02 5.298126e-05 1.815942e-03 7.549297e-01 1.439871e-04 1.903818e-01 2.407575e-05 1.971885e-05 
1.239798e-01 2.632422e-02 3.659531e+03 6.464410e-05 1.968057e+04 6.898713e+02 2.167557e-04 2.713794e-02 2.143386e-05 2.496662e-02 4.686324e-05 1.959799e-03 7.563712e-01 1.213553e-04 1.891309e-01 2.241875e-05 4.684103e-06 
1.271566e-01 2.643514e-02 3.618409e+03 6.460804e-05 1.967790e+04 6.855881e+02 2.852269e-04 2.774991e-02 3.096505e-05 2.546300e-02 6.334646e-05 1.995399e-03 7.539491e-01 1.327020e-04 1.902721e-01 2.469593e-05 3.351764e-05 
1.303333e-01 2.654588e-02 3.577430e+03 6.416717e-05 1.968071e+04 6.859335e+02 2.925169e-04 2.758434e-02 4.835607e-05 2.574079e-02 4.492266e-05 1.899093e-03 7.554403e-01 1.542028e-04 1.887504e-01 2.661770e-05 1.841729e-05 
1.335101e-01 2.665625e-02 3.557399e+03 6.409507e-05 1.967942e+04 6.813993e+02 2.912415e-04 2.734416e-02 4.638239e-05 2.547262e-02 6.301405e-05 2.155034e-03 7.565799e-01 1.449748e-04 1.878658e-01 2.341282e-05 1.345746e-05 
1.366869e-01 2.676610e-02 3.501460e+03 6.363430e-05 1.967631e+04 6.817516e+02 2.845015e-04 2.748067e-02 2.490744e-05 2.520731e-02 7.249382e-05 2.117046e-03 7.566376e-01 1.527018e-04 1.879883e-01 2.653986e-05 7.858336e-06 
1.398636e-01 2.687567e-02 3.469467e+03 6.333031e-05 1.968280e+04 6.731772e+02 2.727891e-04 2.754173e-02 2.482353e-05 2.535429e-02 8.273004e-05 2.163571e-03 7.543656e-01 1.212232e-04 1.900293e-01 2.281790e-05 2.119385e-05 
1.430404e-01 2.698427e-02 3.438651e+03 6.325311e-05 1.968299e+04 6.723292e+02 2.799036e-04 2.734888e-02 3.151005e-05 2.525212e-02 7.519067e-05 2.210026e-03 7.558596e-01 1.309386e-04 1.887695e-01 3.299063e-05 9.273312e-06 
1.462172e-01 2.709264e-02 3.403437e+03 6.264758e-05 1.968000e+04 6.704652e+02 2.444310e-04 2.779198e-02 2.361571e-05 2.586324e-02 5.599248e-05 2.156868e-03 7.551133e-01 1.253029e-04 1.885858e-01 2.948405e-05 1.003586e-05 
1.493939e-01 2.720062e-02 3.372228e+03 6.247318e-05 1.967992e+04 6.699615e+02 2.396220e-04 2.709903e-02 2.664440e-05 2.500585e-02 4.084791e-05 2.460554e-03 7.556885e-01 1.367115e-04 1.892669e-01 1.576808e-05 1.965006e-05 
1.525707e-01 2.730812e-02 3.350077e+03 6.203163e-05 1.968151e+04 6.608235e+02 2.416800e-04 2.672396e-02 3.251477e-05 2.613641e-02 5.758205e-05 2.399951e-03 7.550846e-01 1.141386e-04 1.891718e-01 2.359171e-05 1.385258e-05 
1.557475e-01 2.741498e-02 3.320763e+03 6.183244e-05 1.968396e+04 6.616633e+02 2.482917e-04 2.707346e-02 3.392050e-05 2.536487e-02 3.277594e-05 2.556215e-03 7.553750e-01 1.470022e-04 1.891339e-01 2.042029e-05 1.417281e-05 
1.589242e-01 2.752111e-02 3.300431e+03 6.156682e-05 1.968000e+04 6.573579e+02 3.040325e-04 2.694451e-02 7.538660e-05 2.622537e-02 7.093409e-05 2.295338e-03 7.549703e-01 1.275396e-04 1.889564e-01 2.634067e-05 3.831580e-06 
1.621010e-01 2.762690e-02 3.262267e+03 6.095142e-05 1.968373e+04 6.539029e+02 2.396006e-04 2.712488e-02 2.122504e-05 2.626722e-02 4.435529e-05 2.539428e-03 7.544888e-01 1.486534e-04 1.891004e-01 2.057215e-05 4.794473e-06 
1.652778e-01 2.773189e-02 3.225505e+03 6.068765e-05 1.968181e+04 6.465035e+02 2.524620e-04 2.685444e-02 3.159604e-05 2.513317e-02 6.076001e-05 2.708353e-03 7.543120e-01 1.169301e-04 1.904871e-01 1.930466e-05 2.387118e-05 
1.684545e-01 2.783635e-02 3.202673e+03 6.032276e-05 1.968609e+04 6.456036e+02 3.405922e-04 2.662173e-02 3.329608e-05 2.605644e-02 6.056309e-05 2.456257e-03 7.550805e-01 1.949045e-04 1.891039e-01 2.467246e-05 2.715605e-05 
1.716313e-01 2.794037e-02 3.179946e+03 6.009964e-05 1.968437e+04 6.427136e+02 2.534497e-04 2.678912e-02 3.365842e-05 2.556214e-02 3.648982e-05 2.935269e-03 7.536766e-01 1.440547e-04 1.905300e-01 2.260005e-05 1.664604e-05 
1.748081e-01 2.804383e-02 3.176280e+03 5.954092e-05 1.968676e+04 6.421751e+02 2.383293e-04 2.687675e-02 1.636114e-05 2.616621e-02 5.862586e-05 2.787620e-03 7.551810e-01 1.196465e-04 1.885117e-01 1.672204e-05 2.697359e-05 
1.779848e-01 2.814645e-02 3.145677e+03 5.935331e-05 1.968665e+04 6.348903e+02 3.061074e-04 2.679327e-02 2.504612e-05 2.566469e-02 8.701496e-05 2.980588e-03 7.542821e-01 1.625717e-04 1.896671e-01 1.731320e-05 1.416104e-05 
1.811616e-01 2.824862e-02 3.115783e+03 5.888532e-05 1.968637e+04 6.297592e+02 1.682269e-04 2.645943e-02 2.293954e-05 2.622915e-02 3.729371e-05 2.912649e-03 7.547744e-01 8.720356e-05 1.892879e-01 8.836463e-06 1.195364e-05 
1.843384e-01 2.835020e-02 3.099467e+03 5.879823e-05 1.968635e+04 6.253903e+02 3.292834e-04 2.625397e-02 3.807752e-05 2.571145e-02 6.654258e-05 2.738533e-03 7.551930e-01 1.711154e-04 1.894445e-01 4.246411e-05 1.108349e-05 
1.875152e-01 2.845126e-02 3.077087e+03 5.835204e-05 1.968629e+04 6.255245e+02 2.531692e-04 2.675803e-02 4.202896e-05 2.617745e-02 5.714400e-05 2.953453e-03 7.530903e-01 1.175691e-04 1.905144e-01 1.416210e-05 2.226481e-05 
1.906919e-01 2.855166e-02 3.053059e+03 5.771780e-05 1.968863e+04 6.219906e+02 2.902607e-04 2.696120e-02 5.534153e-05 2.573218e-02 5.203011e-05 2.874280e-03 7.562441e-01 1.475600e-04 1.876077e-01 1.531581e-05 2.001313e-05 
1.938687e-01 2.865130e-02 3.046487e+03 5.774104e-05 1.968826e+04 6.111827e+02 2.733926e-04 2.632756e-02 3.427502e-05 2.577425e-02 5.000124e-05 2.961691e-03 7.550152e-01 1.488537e-04 1.893745e-01 1.552284e-05 2.474019e-05 
1.970455e-01 2.875013e-02 3.011620e+03 5.716955e-05 1.968760e+04 6.107889e+02 2.698926e-04 2.713390e-02 3.394207e-05 2.622375e-02 5.311933e-05 3.021401e-03 7.552258e-01 1.601473e-04 1.878554e-01 1.105946e-05 1.162427e-05 
2.002222e-01 2.884847e-02 2.999025e+03 5.679566e-05 1.969051e+04 6.116501e+02 3.332025e-04 2.631185e-02 4.877347e-05 2.675617e-02 5.280812e-05 3.090633e-03 7.545800e-01 1.919968e-04 1.885950e-01 1.777911e-05 2.184452e-05 
2.033990e-01 2.894621e-02 2.975035e+03 5.649392e-05 1.969059e+04 6.029257e+02 3.341406e-04 2.610107e-02 6.678850e-05 2.622705e-02 4.219736e-05 2.882166e-03 7.545635e-01 1.876580e-04 1.895580e-01 2.628555e-05 1.121153e-05 
2.065758e-01 2.904334e-02 2.962368e+03 5.602648e-05 1.969198e+04 5.997614e+02 2.970386e-04 2.611434e-02 2.713473e-05 2.608441e-02 5.915543e-05 3.293046e-03 7.556216e-01 1.704449e-04 1.882925e-01 8.113330e-06 3.219008e-05 
2.097525e-01 2.913986e-02 2.944292e+03 5.583274e-05 1.968840e+04 5.939753e+02 3.463334e-04 2.559806e-02 6.550964e-05 2.671565e-02 7.811944e-05 3.201123e-03 7.536410e-01 1.501057e-04 1.901515e-01 2.250191e-05 3.009590e-05 
2.129293e-01 2.923566e-02 2.920603e+03 5.518914e-05 1.968952e+04 5.900390e+02 2.721369e-04 2.674595e-02 2.222834e-05 2.647560e-02 6.799758e-05 3.182392e-03 7.560769e-01 1.687238e-04 1.869749e-01 4.111397e-06 9.075662e-06 
2.161061e-01 2.933095e-02 2.912360e+03 5.496256e-05 1.968974e+04 5.906144e+02 2.657642e-04 2.583359e-02 4.907615e-05 2.653272e-02 5.201890e-05 3.354029e-03 7.548200e-01 1.258016e-04 1.889281e-01 2.590717e-05 1.296004e-05 
2.192828e-01 2.942553e-02 2.885079e+03 5.463679e-05 1.969285e+04 5.853741e+02 2.709783e-04 2.577889e-02 3.403302e-05 2.745836e-02 4.583895e-05 3.129215e-03 7.546793e-01 1.493941e-04 1.884123e-01 1.830163e-05 2.340998e-05 
2.224596e-01 2.951964e-02 2.876797e+03 5.413280e-05 1.969240e+04 5.802659e+02 2.661547e-04 2.626925e-02 2.462619e-05 2.650044e-02 4.015057e-05 3.388585e-03 7.547919e-01 1.299143e-04 1.885175e-01 3.892703e-05 3.253654e-05 
2.256364e-01 2.961313e-02 2.859154e+03 5.392514e-05 1.968889e+04 5.764413e+02 3.007219e-04 2.546216e-02 4.402951e-05 2.708261e-02 4.230294e-05 3.473885e-03 7.553306e-01 1.810553e-04 1.880493e-01 1.631568e-05 1.701827e-05 
2.288131e-01 2.970580e-02 2.844437e+03 5.347852e-05 1.969356e+04 5.701986e+02 2.947059e-04 2.611220e-02 4.810453e-05 2.598933e-02 6.283754e-05 3.386918e-03 7.550930e-01 1.481318e-04 1.888292e-01 1.663209e-05 1.900005e-05 
2.319899e-01 2.979763e-02 2.819523e+03 5.321596e-05 1.969430e+04 5.677648e+02 3.209180e-04 2.563956e-02 5.030474e-05 2.658742e-02 3.203852e-05 3.572062e-03 7.555086e-01 1.727502e-04 1.880505e-01 3.647491e-05 2.935012e-05 
2.351667e-01 2.988869e-02 2.813029e+03 5.260592e-05 1.969130e+04 5.643003e+02 3.034261e-04 2.604837e-02 4.475688e-05 2.684846e-02 5.799618e-05 3.701507e-03 7.542768e-01 1.547354e-04 1.885180e-01 2.070998e-05 2.522792e-05 
2.383434e-01 2.997945e-02 2.810191e+03 5.250273e-05 1.969155e+04 5.625685e+02 3.083525e-04 2.571884e-02 2.554017e-05 2.719559e-02 3.982784e-05 3.725733e-03 7.542232e-01 1.777103e-04 1.885199e-01 3.744926e-05 2.782460e-05 
2.415202e-01 3.006971e-02 2.783702e+03 5.218048e-05 1.969384e+04 5.561362e+02 2.980242e-04 2.571121e-02 2.532168e-05 2.708182e-02 6.834786e-05 3.862413e-03 7.537273e-01 1.450477e-04 1.890212e-01 2.921397e-05 3.009300e-05 
2.446970e-01 3.015920e-02 2.775125e+03 5.158914e-05 1.969490e+04 5.525396e+02 3.052696e-04 2.600345e-02 3.310997e-05 2.711406e-02 4.270509e-05 3.930030e-03 7.536911e-01 1.910246e-04 1.886508e-01 2.598153e-05 1.244866e-05 
2.478737e-01 3.024797e-02 2.751231e+03 5.138289e-05 1.969802e+04 5.473587e+02 2.828381e-04 2.610103e-02 1.798586e-05 2.715421e-02 2.716156e-05 3.808690e-03 7.535742e-01 1.607745e-04 1.887962e-01 5.118203e-05 2.573337e-05 
2.510505e-01 3.033628e-02 2.746631e+03 5.094184e-05 1.969710e+04 5.457209e+02 3.432766e-04 2.584797e-02 5.030624e-05 2.685030e-02 6.890518e-05 3.715239e-03 7.549694e-01 1.654174e-04 1.879306e-01 3.118284e-05 2.746546e-05 
2.542273e-01 3.042398e-02 2.721900e+03 5.068484e-05 1.969437e+04 5.389226e+02 2.585955e-04 2.642016e-02 4.791434e-05 2.739139e-02 4.401926e-05 4.086315e-03 7.526547e-01 1.215079e-04 1.889303e-01 3.392183e-05 1.123238e-05 
2.574040e-01 3.051080e-02 2.721740e+03 5.041678e-05 1.969619e+04 5.371020e+02 2.132599e-04 2.498810e-02 9.273325e-06 2.739573e-02 4.664717e-05 3.703786e-03 7.550452e-01 1.132910e-04 1.884406e-01 1.177262e-05 3.227605e-05 
2.605808e-01 3.059730e-02 2.716211e+03 4.983827e-05 1.970122e+04 5.384429e+02 3.211539e-04 2.549575e-02 5.435686e-05 2.711821e-02 7.580277e-05 4.142773e-03 7.532962e-01 1.306479e-04 1.893048e-01 2.112712e-05 3.921844e-05 
2.637576e-01 3.068335e-02 2.693996e+03 4.971225e-05 1.969380e+04 5.322873e+02 1.924321e-04 2.518900e-02 8.974936e-06 2.757776e-02 2.667612e-05 3.828145e-03 7.542381e-01 1.157259e-04 1.887821e-01 1.872806e-05 2.232669e-05 
2.669343e-01 3.076859e-02 2.680078e+03 4.908673e-05 1.970203e+04 5.269757e+02 2.343981e-04 2.557628e-02 3.105569e-05 2.785667e-02 4.104470e-05 3.983360e-03 7.541449e-01 1.263070e-04 1.879700e-01 1.491491e-05 2.107552e-05 
2.701111e-01 3.085343e-02 2.669252e+03 4.908754e-05 1.970001e+04 5.262956e+02 2.773305e-04 2.578692e-02 8.813535e-06 2.787374e-02 5.904626e-05 4.242286e-03 7.541264e-01 1.686577e-04 1.874159e-01 2.810718e-05 1.270588e-05 
2.732879e-01 3.093750e-02 2.666438e+03 4.880538e-05 1.970119e+04 5.174867e+02 2.854832e-04 2.547778e-02 2.100953e-05 2.774643e-02 6.211912e-05 3.838368e-03 7.536986e-01 1.407865e-04 1.886679e-01 3.284169e-05 2.872654e-05 
2.764646e-01 3.102128e-02 2.652048e+03 4.844960e-05 1.969854e+04 5.180785e+02 3.060992e-04 2.569939e-02 2.619154e-05 2.781602e-02 4.700237e-05 4.285766e-03 7.534706e-01 1.958893e-04 1.881160e-01 2.336305e-05 1.365270e-05 
2.796414e-01 3.110455e-02 2.635687e+03 4.819474e-05 1.970248e+04 5.163033e+02 2.985545e-04 2.550062e-02 2.026414e-05 2.729861e-02 8.246016e-05 4.308243e-03 7.531882e-01 1.514470e-04 1.891073e-01 3.610495e-05 8.277518e-06 
2.828182e-01 3.118732e-02 2.617885e+03 4.759648e-05 1.970285e+04 5.124939e+02 3.111339e-04 2.540055e-02 5.292671e-05 2.811957e-02 3.935620e-05 4.431565e-03 7.537842e-01 1.778767e-04 1.876419e-01 2.679891e-05 1.417515e-05 
2.859949e-01 3.126940e-02 2.627001e+03 4.762979e-05 1.969807e+04 5.090866e+02 3.465170e-04 2.504416e-02 2.711354e-05 2.771816e-02 6.793406e-05 4.419195e-03 7.528175e-01 2.046494e-04 1.893080e-01 2.696433e-05 1.985549e-05 
2.891717e-01 3.135065e-02 2.604082e+03 4.707763e-05 1.970046e+04 5.023042e+02 3.383543e-04 2.549356e-02 5.901933e-05 2.744913e-02 3.915423e-05 4.307346e-03 7.528536e-01 1.860763e-04 1.892196e-01 3.740845e-05 1.669626e-05 
2.923485e-01 3.143117e-02 2.594477e+03 4.699564e-05 1.969884e+04 4.945876e+02 3.501733e-04 2.557752e-02 4.779083e-05 2.765803e-02 7.413320e-05 4.389762e-03 7.528527e-01 1.915967e-04 1.888216e-01 1.013021e-05 2.652261e-05 
2.955253e-01 3.151146e-02 2.572678e+03 4.675049e-05 1.970140e+04 4.959224e+02 2.799301e-04 2.520133e-02 3.801933e-05 2.728534e-02 4.708594e-05 4.777689e-03 7.549460e-01 1.509322e-04 1.872298e-01 2.897029e-05 1.492295e-05 
2.987020e-01 3.159114e-02 2.578317e+03 4.635117e-05 1.969881e+04 4.913062e+02 2.818437e-04 2.532926e-02 4.413536e-05 2.745924e-02 3.000775e-05 4.096174e-03 7.556341e-01 1.652468e-04 1.869176e-01 1.928851e-05 2.316452e-05 
3.018788e-01 3.167056e-02 2.568210e+03 4.634546e-05 1.970607e+04 4.927261e+02 3.207373e-04 2.596023e-02 6.428013e-05 2.696979e-02 3.587295e-05 4.705900e-03 7.550678e-01 1.610397e-04 1.866548e-01 2.633479e-05 3.320945e-05 
3.050556e-01 3.174950e-02 2.564095e+03 4.576715e-05 1.970127e+04 4.911255e+02 3.035678e-04 2.533549e-02 3.300132e-05 2.810167e-02 4.529423e-05 4.571420e-03 7.528931e-01 2.106280e-04 1.884912e-01 5.694228e-06 8.950250e-06 
3.082323e-01 3.182785e-02 2.557430e+03 4.563872e-05 1.970492e+04 4.811276e+02 3.006057e-04 2.502828e-02 5.780122e-05 2.704930e-02 6.451137e-05 4.485597e-03 7.573917e-01 1.345991e-04 1.854439e-01 1.246147e-05 3.123267e-05 
3.114091e-01 3.190578e-02 2.525636e+03 4.518436e-05 1.970662e+04 4.818202e+02 3.065467e-04 2.606644e-02 3.908990e-05 2.823743e-02 7.226002e-05 4.419748e-03 7.524986e-01 1.317842e-04 1.881647e-01 3.625474e-05 2.715877e-05 
3.145859e-01 3.198331e-02 2.526388e+03 4.492464e-05 1.970418e+04 4.792788e+02 2.766914e-04 2.559258e-02 3.379467e-05 2.783270e-02 4.439007e-05 4.723618e-03 7.541209e-01 1.660891e-04 1.871768e-01 2.120874e-05 1.120885e-05 
3.177626e-01 3.206051e-02 2.515484e+03 4.461157e-05 1.970648e+04 4.791185e+02 3.356725e-04 2.509005e-02 3.432716e-05 2.860750e-02 7.176760e-05 4.636062e-03 7.530846e-01 1.930061e-04 1.879105e-01 1.529767e-05 2.127325e-05 
3.209394e-01 3.213717e-02 2.499808e+03 4.435806e-05 1.970368e+04 4.744907e+02 2.134619e-04 2.481362e-02 4.482894e-05 2.764959e-02 1.968940e-05 4.597444e-03 7.551381e-01 1.021885e-04 1.873743e-01 1.295332e-05 3.380172e-05 
3.241162e-01 3.221354e-02 2.507994e+03 4.409479e-05 1.970462e+04 4.711369e+02 3.070057e-04 2.499908e-02 2.341981e-05 2.806596e-02 5.247744e-05 5.016198e-03 7.540223e-01 1.827757e-04 1.872824e-01 2.372808e-05 2.460488e-05 
3.272929e-01 3.228907e-02 2.482943e+03 4.394582e-05 1.970677e+04 4.670787e+02 2.295851e-04 2.459630e-02 6.571592e-05 2.768309e-02 2.993390e-05 4.858647e-03 7.554607e-01 1.257367e-04 1.869421e-01 2.655261e-06 5.542945e-06 
3.304697e-01 3.236427e-02 2.476602e+03 4.347731e-05 1.970699e+04 4.630096e+02 2.711334e-04 2.530839e-02 6.731202e-05 2.834746e-02 2.460553e-05 5.008797e-03 7.542299e-01 1.302802e-04 1.865632e-01 1.877285e-05 3.016294e-05 
3.336465e-01 3.243866e-02 2.471552e+03 4.345230e-05 1.970645e+04 4.602292e+02 2.789605e-04 2.444191e-02 4.013718e-05 2.897079e-02 4.342483e-05 4.765479e-03 7.538433e-01 1.717190e-04 1.874206e-01 3.798057e-06 1.988174e-05 
3.368232e-01 3.251262e-02 2.469233e+03 4.336065e-05 1.970872e+04 4.567631e+02 2.521145e-04 2.497917e-02 6.759197e-05 2.772469e-02 4.582580e-05 5.032227e-03 7.552513e-01 1.037513e-04 1.865084e-01 1.686971e-05 1.807591e-05 
3.400000e-01 3.258594e-02 2.466889e+03 4.291053e-05 1.970866e+04 4.521141e+02 2.106878e-04 2.457325e-02 2.109183e-05 2.919065e-02 3.100052e-05 5.171083e-03 7.548937e-01 1.549526e-04 1.857499e-01 1.937377e-06 1.704992e-06 
