2.550000e-02 7.446242e-03 1.768629e+04 3.642764e-05 1.772094e+04 1.839089e+02 2.690637e-03 1.757895e-01 3.606572e-04 1.028486e-01 3.672324e-04 1.568872e-03 5.813948e-01 1.582175e-03 1.330169e-01 2.377805e-04 1.427891e-04 
2.867677e-02 7.477410e-03 1.675981e+04 3.505957e-05 1.779756e+04 1.675722e+02 2.636459e-03 1.734485e-01 4.248493e-04 1.028861e-01 3.214287e-04 1.801690e-03 5.838596e-01 1.634734e-03 1.327312e-01 1.501671e-04 1.052846e-04 
3.185354e-02 7.506681e-03 1.588693e+04 3.399990e-05 1.788309e+04 1.527431e+02 2.444814e-03 1.695323e-01 3.490014e-04 1.011303e-01 4.040783e-04 1.709005e-03 5.880244e-01 1.414451e-03 1.347144e-01 1.496481e-04 1.276385e-04 
3.503030e-02 7.532961e-03 1.522849e+04 3.290535e-05 1.792945e+04 1.354507e+02 2.429893e-03 1.665573e-01 4.241015e-04 1.016995e-01 4.362023e-04 2.065554e-03 5.915621e-01 1.239052e-03 1.332557e-01 2.162363e-04 1.143031e-04 
3.820707e-02 7.557057e-03 1.449601e+04 3.207290e-05 1.800004e+04 1.173547e+02 2.592786e-03 1.631225e-01 2.879022e-04 9.952609e-02 4.115035e-04 1.891780e-03 5.944305e-01 1.527151e-03 1.358435e-01 2.135588e-04 1.526735e-04 
4.138384e-02 7.578145e-03 1.397308e+04 3.126001e-05 1.803288e+04 1.200182e+02 2.489867e-03 1.599075e-01 3.453606e-04 1.007089e-01 4.137073e-04 2.012148e-03 5.955718e-01 1.360443e-03 1.368199e-01 2.535249e-04 1.168258e-04 
4.456061e-02 7.597999e-03 1.339359e+04 3.031967e-05 1.810926e+04 1.095098e+02 2.151337e-03 1.578605e-01 2.397696e-04 9.933277e-02 3.394809e-04 2.357401e-03 5.989396e-01 1.282354e-03 1.372071e-01 1.810963e-04 1.086294e-04 
4.773737e-02 7.615624e-03 1.284257e+04 2.962708e-05 1.815153e+04 1.032699e+02 2.321750e-03 1.552517e-01 3.141553e-04 9.914130e-02 3.328380e-04 2.176953e-03 6.017329e-01 1.424605e-03 1.370537e-01 1.705185e-04 7.963440e-05 
5.091414e-02 7.631934e-03 1.243824e+04 2.916159e-05 1.818293e+04 8.820202e+01 2.074248e-03 1.526736e-01 1.925318e-04 9.702551e-02 3.873189e-04 2.282659e-03 6.047286e-01 1.279068e-03 1.391412e-01 1.638294e-04 5.150180e-05 
5.409091e-02 7.646423e-03 1.193192e+04 2.847660e-05 1.822108e+04 7.595941e+01 2.216102e-03 1.508745e-01 2.778067e-04 9.903774e-02 2.921329e-04 2.298800e-03 6.038794e-01 1.364728e-03 1.394773e-01 1.986113e-04 8.282388e-05 
5.726768e-02 7.658641e-03 1.160506e+04 2.799261e-05 1.826219e+04 6.060536e+01 2.063479e-03 1.488739e-01 2.071350e-04 9.623705e-02 4.023236e-04 2.531446e-03 6.077547e-01 1.193160e-03 1.404760e-01 1.252430e-04 1.356170e-04 
6.044444e-02 7.669871e-03 1.123679e+04 2.771737e-05 1.828309e+04 6.956372e+01 2.113410e-03 1.486526e-01 2.109574e-04 9.697024e-02 3.105927e-04 2.603905e-03 6.072529e-01 1.277642e-03 1.402935e-01 1.598646e-04 1.543513e-04 
6.362121e-02 7.680344e-03 1.096678e+04 2.706662e-05 1.833010e+04 5.721913e+01 1.853405e-03 1.441752e-01 2.529610e-04 9.748024e-02 1.819889e-04 2.654639e-03 6.114655e-01 1.170698e-03 1.405176e-01 1.557088e-04 9.205294e-05 
6.679798e-02 7.688639e-03 1.056962e+04 2.686089e-05 1.834534e+04 5.024777e+01 1.706456e-03 1.449465e-01 1.952780e-04 9.473585e-02 2.695094e-04 2.518113e-03 6.156255e-01 9.660693e-04 1.387612e-01 1.661053e-04 1.094966e-04 
6.997475e-02 7.695709e-03 1.040580e+04 2.613236e-05 1.837744e+04 4.105131e+01 2.263299e-03 1.402422e-01 2.760171e-04 9.750734e-02 2.593482e-04 2.684433e-03 6.158296e-01 1.490012e-03 1.392099e-01 1.136329e-04 1.242841e-04 
7.315152e-02 7.701347e-03 1.003746e+04 2.594891e-05 1.841861e+04 2.710033e+01 1.829590e-03 1.418953e-01 1.615081e-04 9.539859e-02 2.945300e-04 2.906513e-03 6.151553e-01 1.104778e-03 1.409851e-01 1.530756e-04 1.157029e-04 
7.632828e-02 7.705441e-03 9.866460e+03 2.549245e-05 1.844243e+04 3.431201e+01 1.931538e-03 1.415360e-01 2.208806e-04 9.641408e-02 2.738980e-04 3.007033e-03 6.133581e-01 1.169257e-03 1.418217e-01 1.150780e-04 1.524255e-04 
7.950505e-02 7.709946e-03 9.586373e+03 2.524719e-05 1.845786e+04 3.091901e+01 1.895246e-03 1.407226e-01 1.969048e-04 9.297579e-02 2.725297e-04 2.875604e-03 6.186737e-01 1.192600e-03 1.409618e-01 1.234351e-04 1.097758e-04 
8.268182e-02 7.713731e-03 9.355533e+03 2.497948e-05 1.848221e+04 1.700973e+01 1.827622e-03 1.369153e-01 1.846983e-04 9.468134e-02 2.319574e-04 2.889589e-03 6.208809e-01 1.140813e-03 1.409777e-01 1.650381e-04 1.051131e-04 
8.585859e-02 7.716896e-03 9.197660e+03 2.482930e-05 1.849053e+04 1.527550e+01 1.897894e-03 1.351302e-01 2.150592e-04 9.006127e-02 2.210101e-04 3.074254e-03 6.253565e-01 1.231042e-03 1.425820e-01 1.026533e-04 1.281261e-04 
8.903535e-02 7.719314e-03 8.991974e+03 2.448232e-05 1.850919e+04 1.466585e+01 1.854349e-03 1.360504e-01 2.530510e-04 9.227052e-02 3.475157e-04 3.009661e-03 6.222335e-01 9.696267e-04 1.427272e-01 1.769901e-04 1.071702e-04 
9.221212e-02 7.721545e-03 8.791271e+03 2.416964e-05 1.855054e+04 1.724989e+01 1.923146e-03 1.357412e-01 3.060692e-04 9.301174e-02 2.913649e-04 3.159642e-03 6.203663e-01 1.161090e-03 1.438748e-01 8.307246e-05 8.154641e-05 
9.538889e-02 7.723740e-03 8.637068e+03 2.399548e-05 1.855350e+04 6.797513e+00 1.892900e-03 1.325975e-01 2.440221e-04 9.310423e-02 2.617654e-04 3.342383e-03 6.254172e-01 1.233640e-03 1.417529e-01 6.954143e-05 8.392344e-05 
9.856566e-02 7.724847e-03 8.475041e+03 2.386417e-05 1.858047e+04 1.658041e+00 1.806037e-03 1.344175e-01 2.097588e-04 9.102652e-02 2.884767e-04 3.536281e-03 6.247038e-01 1.032129e-03 1.427037e-01 1.066482e-04 1.690240e-04 
1.017424e-01 7.725198e-03 8.328859e+03 2.362787e-05 1.858856e+04 4.237499e+00 1.526518e-03 1.321653e-01 1.641773e-04 9.186883e-02 3.268637e-04 3.226489e-03 6.279439e-01 8.630522e-04 1.417425e-01 9.436050e-05 7.806580e-05 
1.049192e-01 7.726322e-03 8.131294e+03 2.338939e-05 1.860308e+04 6.477708e+00 1.778165e-03 1.284184e-01 2.659966e-04 8.998003e-02 2.833569e-04 3.473062e-03 6.310015e-01 1.027595e-03 1.435707e-01 1.196098e-04 8.160450e-05 
1.080960e-01 7.727510e-03 8.046672e+03 2.326119e-05 1.862177e+04 -1.150060e+00 1.777658e-03 1.306636e-01 2.417160e-04 9.148920e-02 2.575945e-04 3.555456e-03 6.286794e-01 1.015433e-03 1.420570e-01 1.378626e-04 1.250496e-04 
1.112727e-01 7.727398e-03 7.894299e+03 2.306587e-05 1.862563e+04 -3.410503e+00 1.707457e-03 1.271343e-01 2.332878e-04 9.306568e-02 3.340042e-04 3.628782e-03 6.281180e-01 8.995044e-04 1.446383e-01 6.782280e-05 1.728389e-04 
1.144495e-01 7.727912e-03 7.812135e+03 2.275175e-05 1.864956e+04 4.739605e+00 1.507078e-03 1.256288e-01 3.206613e-04 9.017765e-02 2.863435e-04 3.609555e-03 6.331836e-01 7.747426e-04 1.443862e-01 8.789615e-05 3.743296e-05 
1.176263e-01 7.728265e-03 7.657567e+03 2.268919e-05 1.866485e+04 -2.994765e+00 1.983894e-03 1.252392e-01 1.952394e-04 9.093345e-02 3.057159e-04 4.013221e-03 6.322908e-01 1.230113e-03 1.435555e-01 1.642990e-04 8.853231e-05 
1.208030e-01 7.728402e-03 7.550785e+03 2.256009e-05 1.868428e+04 -3.239436e+00 1.584739e-03 1.244233e-01 1.544317e-04 8.965947e-02 3.902352e-04 3.945962e-03 6.352470e-01 9.280487e-04 1.435548e-01 6.261131e-05 4.941276e-05 
1.239798e-01 7.728908e-03 7.439729e+03 2.216841e-05 1.868287e+04 1.128291e-01 1.723053e-03 1.242185e-01 1.733361e-04 9.066568e-02 2.442709e-04 4.329311e-03 6.317421e-01 1.087355e-03 1.455983e-01 1.217743e-04 9.631610e-05 
1.271566e-01 7.728490e-03 7.370600e+03 2.227394e-05 1.871432e+04 1.919992e+00 1.540367e-03 1.208356e-01 1.614688e-04 8.743459e-02 1.827841e-04 4.139028e-03 6.402433e-01 9.811151e-04 1.442667e-01 1.314671e-04 8.353235e-05 
1.303333e-01 7.728672e-03 7.224576e+03 2.201739e-05 1.870620e+04 5.994073e+00 1.509577e-03 1.214725e-01 1.384950e-04 8.859059e-02 2.788845e-04 4.216408e-03 6.360977e-01 9.133264e-04 1.466037e-01 7.520431e-05 1.036671e-04 
1.335101e-01 7.728048e-03 7.138763e+03 2.199005e-05 1.871886e+04 -1.525090e+00 1.586929e-03 1.218298e-01 2.606850e-04 8.711160e-02 1.499650e-04 3.926239e-03 6.365568e-01 9.706012e-04 1.474017e-01 1.147893e-04 9.088948e-05 
1.366869e-01 7.727520e-03 7.012124e+03 2.179110e-05 1.874276e+04 -3.647280e+00 1.422346e-03 1.200418e-01 1.981691e-04 8.735432e-02 2.642785e-04 4.039030e-03 6.400871e-01 8.045902e-04 1.456331e-01 5.379610e-05 1.015110e-04 
1.398636e-01 7.726808e-03 6.919647e+03 2.179101e-05 1.875086e+04 -1.697629e+01 1.540454e-03 1.177666e-01 2.227587e-04 8.667763e-02 1.820763e-04 4.067043e-03 6.399404e-01 9.674701e-04 1.484675e-01 5.475641e-05 1.133917e-04 
1.430404e-01 7.726070e-03 6.831748e+03 2.141161e-05 1.876193e+04 -1.355717e+00 1.329394e-03 1.180889e-01 1.768930e-04 8.711693e-02 2.452177e-04 4.289259e-03 6.414965e-01 7.298487e-04 1.463496e-01 8.819516e-05 8.923806e-05 
1.462172e-01 7.725528e-03 6.726761e+03 2.147658e-05 1.877695e+04 -6.521340e+00 1.635303e-03 1.165382e-01 2.678852e-04 8.573506e-02 2.717509e-04 4.231953e-03 6.425378e-01 8.152147e-04 1.476865e-01 9.568713e-05 1.847624e-04 
1.493939e-01 7.725305e-03 6.697867e+03 2.127655e-05 1.879265e+04 4.774295e+00 1.705391e-03 1.152115e-01 2.307538e-04 8.614414e-02 1.518880e-04 4.427466e-03 6.436263e-01 1.079298e-03 1.471798e-01 7.780408e-05 1.656458e-04 
1.525707e-01 7.724776e-03 6.594516e+03 2.115591e-05 1.879962e+04 5.683564e+00 1.288242e-03 1.145285e-01 1.281461e-04 8.755046e-02 2.342983e-04 4.121949e-03 6.441886e-01 7.593894e-04 1.470340e-01 8.525419e-05 8.115280e-05 
1.557475e-01 7.724857e-03 6.516671e+03 2.118680e-05 1.880637e+04 3.028353e+00 1.635339e-03 1.147554e-01 2.359073e-04 8.426307e-02 2.843334e-04 4.326045e-03 6.453103e-01 8.698629e-04 1.480745e-01 9.816486e-05 1.470706e-04 
1.589242e-01 7.725182e-03 6.485846e+03 2.090622e-05 1.881606e+04 4.391257e+00 1.410161e-03 1.121027e-01 1.417005e-04 8.608338e-02 2.379622e-04 4.606338e-03 6.456627e-01 8.741115e-04 1.487246e-01 6.879896e-05 8.758709e-05 
1.621010e-01 7.725186e-03 6.433735e+03 2.100586e-05 1.883011e+04 -3.615439e+00 1.771914e-03 1.137032e-01 1.691053e-04 8.458392e-02 3.616456e-04 4.480179e-03 6.461486e-01 1.039188e-03 1.475402e-01 1.179858e-04 8.399123e-05 
1.652778e-01 7.724662e-03 6.336619e+03 2.097539e-05 1.884204e+04 -2.833841e+00 1.544316e-03 1.135974e-01 1.917473e-04 8.227748e-02 2.547680e-04 4.458546e-03 6.469044e-01 7.541632e-04 1.496736e-01 1.348695e-04 2.087673e-04 
1.684545e-01 7.723883e-03 6.251705e+03 2.083395e-05 1.885043e+04 -2.369066e+00 1.507657e-03 1.109448e-01 2.331920e-04 8.549222e-02 2.763032e-04 4.173263e-03 6.484080e-01 7.896807e-04 1.479665e-01 1.474151e-04 6.106590e-05 
1.716313e-01 7.723720e-03 6.216542e+03 2.080704e-05 1.885942e+04 -2.998038e+00 1.398948e-03 1.098005e-01 1.237891e-04 8.252044e-02 3.238149e-04 4.885128e-03 6.509337e-01 7.982378e-04 1.490624e-01 5.033905e-05 1.027687e-04 
1.748081e-01 7.723420e-03 6.139464e+03 2.049162e-05 1.887201e+04 2.566170e+00 1.243265e-03 1.113132e-01 9.016044e-05 8.645077e-02 2.064509e-04 4.398140e-03 6.500592e-01 7.106530e-04 1.452921e-01 1.340520e-04 1.019480e-04 
1.779848e-01 7.723320e-03 6.043059e+03 2.058466e-05 1.887091e+04 -6.938271e-01 1.362771e-03 1.077195e-01 2.426047e-04 8.274785e-02 1.957126e-04 5.194572e-03 6.520217e-01 7.542583e-04 1.495908e-01 6.853694e-05 1.016581e-04 
1.811616e-01 7.723470e-03 6.030920e+03 2.041995e-05 1.888190e+04 8.855698e+00 1.303018e-03 1.062836e-01 9.667585e-05 8.485014e-02 2.407572e-04 4.734786e-03 6.518857e-01 7.916771e-04 1.496397e-01 1.058212e-04 6.808695e-05 
1.843384e-01 7.723968e-03 5.956859e+03 2.050252e-05 1.888841e+04 5.035593e+00 1.486034e-03 1.061152e-01 2.054415e-04 8.361361e-02 2.349513e-04 4.399509e-03 6.534549e-01 8.111580e-04 1.494447e-01 1.854607e-04 4.902115e-05 
1.875152e-01 7.725159e-03 5.904868e+03 2.035393e-05 1.890246e+04 1.742897e+00 1.474540e-03 1.067033e-01 2.464906e-04 8.403611e-02 3.565464e-04 5.046175e-03 6.543405e-01 7.454327e-04 1.469248e-01 4.023727e-05 8.583375e-05 
1.906919e-01 7.725513e-03 5.857600e+03 2.030057e-05 1.891084e+04 2.095719e+00 1.161746e-03 1.043832e-01 9.222688e-05 8.289063e-02 1.138403e-04 4.635583e-03 6.560751e-01 7.722737e-04 1.496920e-01 9.771252e-05 8.569208e-05 
1.938687e-01 7.726789e-03 5.781415e+03 2.022025e-05 1.891592e+04 6.684006e+00 1.318757e-03 1.045202e-01 1.643430e-04 8.393531e-02 2.793856e-04 5.155895e-03 6.563715e-01 6.859998e-04 1.473796e-01 1.305941e-04 5.843615e-05 
1.970455e-01 7.727780e-03 5.719674e+03 1.990870e-05 1.891647e+04 1.401504e+01 1.187414e-03 1.041231e-01 2.013339e-04 8.078306e-02 2.444302e-04 4.857465e-03 6.587403e-01 5.850769e-04 1.491213e-01 3.581178e-05 1.207603e-04 
2.002222e-01 7.729434e-03 5.643526e+03 1.995567e-05 1.893098e+04 4.602512e+00 1.285323e-03 1.036465e-01 1.890334e-04 8.258138e-02 1.715040e-04 4.979774e-03 6.565850e-01 8.355975e-04 1.496368e-01 2.777397e-05 6.141374e-05 
2.033990e-01 7.730691e-03 5.654140e+03 1.999830e-05 1.892453e+04 5.788964e+00 1.346420e-03 1.060894e-01 1.588868e-04 8.134319e-02 2.794269e-04 5.259098e-03 6.560272e-01 6.998363e-04 1.485882e-01 9.612975e-05 1.121401e-04 
2.065758e-01 7.731741e-03 5.595742e+03 2.016037e-05 1.894105e+04 4.134536e+00 1.498387e-03 1.011853e-01 2.467657e-04 8.084441e-02 1.966008e-04 4.521220e-03 6.613103e-01 8.728680e-04 1.491420e-01 1.220924e-04 6.005784e-05 
2.097525e-01 7.733056e-03 5.526748e+03 1.989567e-05 1.895699e+04 9.767773e+00 1.411605e-03 1.017474e-01 1.725450e-04 8.109063e-02 2.821329e-04 4.847020e-03 6.590811e-01 8.021328e-04 1.504106e-01 7.915756e-05 7.563652e-05 
2.129293e-01 7.734615e-03 5.454119e+03 2.003476e-05 1.896580e+04 1.018574e+01 1.460974e-03 9.941373e-02 2.151043e-04 7.888583e-02 2.222375e-04 5.304593e-03 6.629413e-01 8.756860e-04 1.505326e-01 6.090979e-05 8.703641e-05 
2.161061e-01 7.735913e-03 5.418057e+03 1.987639e-05 1.895831e+04 1.122123e+01 1.301913e-03 9.709478e-02 9.765341e-05 7.777595e-02 2.872707e-04 5.456072e-03 6.650732e-01 7.366360e-04 1.519962e-01 1.057359e-04 7.461560e-05 
2.192828e-01 7.737138e-03 5.374775e+03 1.978708e-05 1.898804e+04 3.159386e+00 1.328060e-03 1.001100e-01 2.585609e-04 7.893412e-02 2.983818e-04 5.368913e-03 6.605560e-01 6.846816e-04 1.523749e-01 5.644900e-05 2.998745e-05 
2.224596e-01 7.738069e-03 5.357409e+03 1.989405e-05 1.897817e+04 1.280913e+00 1.083606e-03 9.862280e-02 2.007846e-04 7.892634e-02 1.244783e-04 5.771052e-03 6.627032e-01 6.466288e-04 1.518094e-01 7.743778e-05 3.427760e-05 
2.256364e-01 7.738938e-03 5.291374e+03 1.964863e-05 1.898401e+04 1.086447e+01 1.111217e-03 9.699040e-02 6.482038e-05 7.852133e-02 2.332056e-04 5.443528e-03 6.649736e-01 7.031194e-04 1.518487e-01 3.586840e-05 7.420253e-05 
2.288131e-01 7.740765e-03 5.230956e+03 1.952896e-05 1.899300e+04 9.394322e+00 1.170633e-03 9.801321e-02 1.556827e-04 7.779636e-02 2.018115e-04 5.946310e-03 6.667350e-01 6.976771e-04 1.491678e-01 7.793106e-05 3.753132e-05 
2.319899e-01 7.742976e-03 5.230368e+03 1.968805e-05 1.899976e+04 1.418290e+01 1.198224e-03 9.566466e-02 1.368192e-04 7.814070e-02 1.603733e-04 5.717699e-03 6.651111e-01 6.754212e-04 1.529694e-01 1.360880e-04 8.952136e-05 
2.351667e-01 7.745399e-03 5.163040e+03 1.952209e-05 1.900553e+04 1.720726e+01 1.215479e-03 9.428581e-02 1.477785e-04 7.935431e-02 2.550553e-04 5.884845e-03 6.666947e-01 6.020145e-04 1.513493e-01 9.509629e-05 1.155341e-04 
2.383434e-01 7.747893e-03 5.094733e+03 1.951862e-05 1.900925e+04 6.999607e+00 1.254920e-03 9.491321e-02 1.689559e-04 7.724306e-02 1.610236e-04 6.022770e-03 6.684187e-01 7.680144e-04 1.508925e-01 5.970982e-05 9.721617e-05 
2.415202e-01 7.749926e-03 5.116686e+03 1.944868e-05 1.901886e+04 7.058180e+00 1.028317e-03 9.473104e-02 1.469689e-04 7.870116e-02 1.620191e-04 6.321757e-03 6.648593e-01 5.560329e-04 1.533301e-01 6.772574e-05 9.557045e-05 
2.446970e-01 7.751672e-03 5.045569e+03 1.939435e-05 1.902662e+04 1.087670e+01 1.225321e-03 9.297690e-02 1.662467e-04 7.691878e-02 1.761022e-04 6.617066e-03 6.707614e-01 7.688685e-04 1.502752e-01 2.340257e-05 9.070151e-05 
2.478737e-01 7.754125e-03 5.018943e+03 1.940370e-05 1.902316e+04 1.821440e+01 1.078161e-03 9.412410e-02 8.604065e-05 7.720291e-02 1.173724e-04 6.359764e-03 6.678144e-01 7.410448e-04 1.523425e-01 3.048017e-05 1.032218e-04 
2.510505e-01 7.756791e-03 5.012109e+03 1.946500e-05 1.903874e+04 1.531365e+01 1.319976e-03 9.096216e-02 1.943181e-04 7.446314e-02 1.624443e-04 6.235660e-03 6.724359e-01 7.861884e-04 1.532632e-01 6.373337e-05 1.132897e-04 
2.542273e-01 7.759405e-03 4.926119e+03 1.922408e-05 1.903554e+04 1.282523e+01 1.027907e-03 9.328928e-02 1.337335e-04 8.063506e-02 9.626373e-05 6.154401e-03 6.659560e-01 7.099020e-04 1.519094e-01 3.325226e-05 5.475676e-05 
2.574040e-01 7.761285e-03 4.907074e+03 1.917777e-05 1.904387e+04 1.894599e+01 1.279112e-03 9.179860e-02 1.392108e-04 7.546098e-02 1.658481e-04 6.003497e-03 6.721681e-01 7.945214e-04 1.520106e-01 9.024189e-05 8.928945e-05 
2.605808e-01 7.764388e-03 4.862594e+03 1.903440e-05 1.905562e+04 2.093286e+01 1.384700e-03 9.133900e-02 2.163572e-04 7.645001e-02 2.413537e-04 6.052834e-03 6.689453e-01 8.138690e-04 1.544434e-01 2.125578e-05 9.186504e-05 
2.637576e-01 7.768371e-03 4.860459e+03 1.907952e-05 1.906235e+04 1.900610e+01 1.177132e-03 9.108769e-02 1.494768e-04 7.703936e-02 1.345145e-04 6.441218e-03 6.702908e-01 7.112129e-04 1.527867e-01 9.676543e-05 8.516309e-05 
2.669343e-01 7.772101e-03 4.819970e+03 1.911730e-05 1.905561e+04 2.228004e+01 1.375292e-03 8.961832e-02 1.289813e-04 7.653113e-02 2.752114e-04 5.957829e-03 6.709971e-01 8.113895e-04 1.541450e-01 7.784393e-05 8.186514e-05 
2.701111e-01 7.775444e-03 4.815846e+03 1.913359e-05 1.906348e+04 1.706911e+01 1.355664e-03 8.988366e-02 2.276527e-04 7.708420e-02 1.998027e-04 6.214349e-03 6.708751e-01 7.720626e-04 1.532314e-01 2.271654e-05 1.334291e-04 
2.732879e-01 7.779222e-03 4.745627e+03 1.919354e-05 1.907444e+04 2.387891e+01 1.257346e-03 8.827636e-02 1.953845e-04 7.623663e-02 1.555577e-04 5.731847e-03 6.728642e-01 7.917530e-04 1.543763e-01 7.988068e-05 3.477025e-05 
2.764646e-01 7.782931e-03 4.731476e+03 1.891341e-05 1.907450e+04 2.037602e+01 1.393399e-03 8.812986e-02 1.837198e-04 7.581748e-02 2.924712e-04 5.738890e-03 6.761144e-01 7.005872e-04 1.514126e-01 8.181881e-05 1.348027e-04 
2.796414e-01 7.786134e-03 4.697995e+03 1.900056e-05 1.908136e+04 2.236145e+01 1.180221e-03 8.995717e-02 1.901226e-04 7.214860e-02 1.797395e-04 6.136047e-03 6.771788e-01 7.547715e-04 1.522189e-01 3.493350e-05 2.065495e-05 
2.828182e-01 7.789392e-03 4.696923e+03 1.888300e-05 1.908450e+04 1.374011e+01 1.249646e-03 8.695117e-02 7.710912e-05 7.486330e-02 2.505759e-04 6.473270e-03 6.781130e-01 6.569812e-04 1.511000e-01 8.535617e-05 1.796240e-04 
2.859949e-01 7.793047e-03 4.631131e+03 1.888052e-05 1.909067e+04 2.626555e+01 1.370532e-03 8.940678e-02 2.497868e-04 7.319451e-02 2.629670e-04 6.184576e-03 6.698309e-01 7.549021e-04 1.586422e-01 3.027664e-05 7.259956e-05 
2.891717e-01 7.797051e-03 4.602451e+03 1.867699e-05 1.908960e+04 1.985850e+01 1.168974e-03 8.983048e-02 2.616233e-04 7.579856e-02 1.307248e-04 6.514251e-03 6.711611e-01 6.984598e-04 1.543577e-01 7.670217e-06 7.049641e-05 
2.923485e-01 7.801395e-03 4.589298e+03 1.882684e-05 1.910560e+04 2.584426e+01 1.043691e-03 8.526092e-02 1.987833e-04 7.258691e-02 9.341103e-05 7.284050e-03 6.727805e-01 6.021163e-04 1.600002e-01 6.341051e-05 8.596987e-05 
2.955253e-01 7.804791e-03 4.544207e+03 1.882088e-05 1.910481e+04 2.311431e+01 1.337507e-03 8.665907e-02 2.064838e-04 7.256770e-02 1.635568e-04 6.485240e-03 6.764554e-01 7.962617e-04 1.551575e-01 4.934062e-05 1.218636e-04 
2.987020e-01 7.809017e-03 4.551313e+03 1.875616e-05 1.910027e+04 2.213064e+01 1.230545e-03 8.561511e-02 1.982323e-04 7.192782e-02 2.017946e-04 6.301049e-03 6.789610e-01 6.865501e-04 1.547339e-01 5.815389e-05 8.581446e-05 
3.018788e-01 7.813173e-03 4.498715e+03 1.859229e-05 1.911084e+04 3.040079e+01 1.218476e-03 8.507810e-02 1.716958e-04 7.726359e-02 1.803382e-04 7.028723e-03 6.718858e-01 7.033628e-04 1.563068e-01 7.590649e-05 8.717027e-05 
3.050556e-01 7.817906e-03 4.448634e+03 1.865442e-05 1.911974e+04 1.815361e+01 1.094308e-03 8.810838e-02 1.097558e-04 7.284250e-02 1.003353e-04 6.910898e-03 6.733502e-01 6.831324e-04 1.565994e-01 8.319635e-05 1.178874e-04 
3.082323e-01 7.823043e-03 4.447660e+03 1.863391e-05 1.912545e+04 3.361802e+01 1.137482e-03 8.361542e-02 1.844503e-04 7.350918e-02 2.327084e-04 6.734197e-03 6.789451e-01 6.561848e-04 1.549212e-01 2.084977e-05 4.328866e-05 
3.114091e-01 7.827601e-03 4.431719e+03 1.841838e-05 1.912772e+04 2.883712e+01 1.371630e-03 8.509417e-02 2.458824e-04 7.102597e-02 1.095473e-04 6.644495e-03 6.785719e-01 7.910968e-04 1.559202e-01 9.121544e-05 1.338881e-04 
3.145859e-01 7.832300e-03 4.410785e+03 1.853369e-05 1.912400e+04 3.765594e+01 9.804991e-04 8.121913e-02 1.343322e-04 7.354001e-02 1.337515e-04 7.000056e-03 6.797671e-01 5.773695e-04 1.565127e-01 9.085683e-05 4.418827e-05 
3.177626e-01 7.837529e-03 4.358520e+03 1.835799e-05 1.912986e+04 2.934614e+01 1.142325e-03 8.294363e-02 1.744207e-04 7.260887e-02 1.315451e-04 7.230926e-03 6.818445e-01 7.128196e-04 1.530874e-01 6.793547e-05 5.560371e-05 
3.209394e-01 7.842849e-03 4.335837e+03 1.833318e-05 1.912622e+04 3.218578e+01 1.121893e-03 8.195546e-02 1.850106e-04 7.158872e-02 1.227154e-04 6.548395e-03 6.831796e-01 7.070704e-04 1.544841e-01 4.399481e-05 6.310081e-05 
3.241162e-01 7.848141e-03 4.341276e+03 1.835050e-05 1.913531e+04 3.368305e+01 9.834249e-04 8.206205e-02 1.128025e-04 7.372761e-02 1.588111e-04 7.582061e-03 6.805176e-01 5.135342e-04 1.541439e-01 1.111189e-04 8.715824e-05 
3.272929e-01 7.853123e-03 4.307407e+03 1.836946e-05 1.913975e+04 2.790071e+01 1.042489e-03 8.107574e-02 1.657060e-04 7.214099e-02 1.381077e-04 6.679335e-03 6.819406e-01 6.122981e-04 1.560783e-01 7.121781e-05 5.515986e-05 
3.304697e-01 7.858020e-03 4.269407e+03 1.829104e-05 1.913865e+04 2.255379e+01 8.512276e-04 8.096635e-02 1.401068e-04 7.428874e-02 1.258736e-04 7.990210e-03 6.809030e-01 4.370847e-04 1.541492e-01 7.195881e-05 7.620280e-05 
3.336465e-01 7.862949e-03 4.248569e+03 1.836243e-05 1.914482e+04 3.311713e+01 9.074161e-04 8.103202e-02 1.351671e-04 7.337188e-02 1.724495e-04 6.748345e-03 6.824211e-01 5.481127e-04 1.546118e-01 2.767575e-05 2.400933e-05 
3.368232e-01 7.868311e-03 4.221682e+03 1.814012e-05 1.914871e+04 3.786471e+01 9.129496e-04 8.188184e-02 3.955745e-05 7.204953e-02 1.401348e-04 7.363954e-03 6.806595e-01 6.676366e-04 1.562193e-01 2.832746e-05 3.729431e-05 
3.400000e-01 7.873751e-03 4.241940e+03 1.830361e-05 1.915372e+04 3.543712e+01 1.164399e-03 8.091669e-02 9.995469e-05 7.079900e-02 2.466458e-04 7.870523e-03 6.793033e-01 6.387600e-04 1.587817e-01 6.375421e-05 1.152822e-04 
