2.550000e-02 1.614344e-02 1.093172e+04 6.730994e-05 1.918009e+04 9.892721e+02 7.339258e-04 6.768524e-02 1.046848e-04 4.642582e-02 1.330290e-04 7.434879e-04 7.123400e-01 4.211055e-04 1.713376e-01 5.037743e-05 2.473078e-05 
2.867677e-02 1.630451e-02 1.009234e+04 6.682976e-05 1.921171e+04 9.581073e+02 6.632482e-04 6.547481e-02 9.825018e-05 4.689046e-02 1.517252e-04 7.985385e-04 7.136191e-01 3.593877e-04 1.718906e-01 3.574487e-05 1.814110e-05 
3.185354e-02 1.646129e-02 9.497846e+03 6.642804e-05 1.922586e+04 9.395260e+02 6.952798e-04 6.463611e-02 7.021933e-05 4.805165e-02 1.257608e-04 9.349878e-04 7.129124e-01 3.909161e-04 1.720743e-01 5.253980e-05 5.584009e-05 
3.503030e-02 1.661396e-02 8.972036e+03 6.593314e-05 1.924474e+04 9.127219e+02 7.420833e-04 6.435712e-02 8.899373e-05 4.803589e-02 1.011117e-04 1.012061e-03 7.138348e-01 4.475540e-04 1.712760e-01 5.502129e-05 4.940540e-05 
3.820707e-02 1.676288e-02 8.509378e+03 6.552866e-05 1.925994e+04 8.877327e+02 5.969774e-04 6.332583e-02 7.201805e-05 4.742993e-02 8.638487e-05 1.124575e-03 7.157627e-01 3.487113e-04 1.711630e-01 4.704265e-05 4.281967e-05 
4.138384e-02 1.690768e-02 8.104781e+03 6.498425e-05 1.927622e+04 8.691260e+02 8.215620e-04 6.237780e-02 8.294536e-05 4.680283e-02 1.699217e-04 1.324601e-03 7.162841e-01 4.581506e-04 1.715675e-01 5.732888e-05 5.321536e-05 
4.456061e-02 1.704961e-02 7.774698e+03 6.427404e-05 1.928491e+04 8.542897e+02 6.488145e-04 6.128283e-02 6.858460e-05 4.695284e-02 1.230624e-04 1.450116e-03 7.150558e-01 3.676830e-04 1.739608e-01 3.068906e-05 5.879618e-05 
4.773737e-02 1.718835e-02 7.476300e+03 6.364631e-05 1.929810e+04 8.360177e+02 7.105849e-04 6.126463e-02 8.301951e-05 4.753409e-02 1.037795e-04 1.470198e-03 7.165503e-01 4.461602e-04 1.717596e-01 6.395922e-05 1.366761e-05 
5.091414e-02 1.732408e-02 7.210890e+03 6.314348e-05 1.931074e+04 8.190617e+02 6.522855e-04 5.939947e-02 7.251006e-05 4.698019e-02 1.030900e-04 1.687869e-03 7.177011e-01 3.877146e-04 1.729268e-01 3.079710e-05 5.817451e-05 
5.409091e-02 1.745662e-02 6.922963e+03 6.230371e-05 1.931623e+04 7.934224e+02 6.452184e-04 5.848457e-02 5.984323e-05 4.696847e-02 9.559805e-05 1.628719e-03 7.185810e-01 3.984464e-04 1.730468e-01 6.727657e-05 2.405397e-05 
5.726768e-02 1.758599e-02 6.727122e+03 6.191754e-05 1.933584e+04 7.851159e+02 7.099803e-04 5.872717e-02 5.890568e-05 4.638866e-02 1.673161e-04 1.631278e-03 7.179317e-01 3.922761e-04 1.739012e-01 5.422256e-05 3.725995e-05 
6.044444e-02 1.771332e-02 6.539023e+03 6.111466e-05 1.933578e+04 7.667770e+02 7.105018e-04 5.860631e-02 6.528130e-05 4.594826e-02 1.266236e-04 1.817974e-03 7.186625e-01 4.122855e-04 1.735439e-01 5.254244e-05 5.376822e-05 
6.362121e-02 1.783830e-02 6.361199e+03 6.041951e-05 1.934565e+04 7.525151e+02 6.895555e-04 5.735795e-02 7.010460e-05 4.531061e-02 1.207150e-04 1.744961e-03 7.198947e-01 3.887904e-04 1.743127e-01 7.163771e-05 3.830744e-05 
6.679798e-02 1.796105e-02 6.215121e+03 5.957238e-05 1.934633e+04 7.425975e+02 6.741995e-04 5.707620e-02 8.881719e-05 4.630711e-02 9.695545e-05 1.971053e-03 7.203400e-01 3.982618e-04 1.729572e-01 5.396350e-05 3.620230e-05 
6.997475e-02 1.808115e-02 6.054827e+03 5.889076e-05 1.935711e+04 7.266093e+02 6.653810e-04 5.811599e-02 8.393228e-05 4.554480e-02 1.265420e-04 1.731130e-03 7.200271e-01 3.883195e-04 1.732502e-01 3.756961e-05 2.901746e-05 
7.315152e-02 1.819885e-02 5.905505e+03 5.835976e-05 1.936292e+04 7.101609e+02 7.416617e-04 5.630482e-02 9.782933e-05 4.631347e-02 1.086346e-04 2.069826e-03 7.193839e-01 4.240084e-04 1.744446e-01 5.855096e-05 5.263898e-05 
7.632828e-02 1.831433e-02 5.797915e+03 5.772040e-05 1.936560e+04 7.007220e+02 6.670730e-04 5.614773e-02 8.679897e-05 4.545331e-02 9.144994e-05 2.159995e-03 7.196663e-01 4.019417e-04 1.752386e-01 4.577730e-05 4.110504e-05 
7.950505e-02 1.842781e-02 5.655888e+03 5.700939e-05 1.937340e+04 6.856868e+02 8.080654e-04 5.631321e-02 9.501963e-05 4.561616e-02 1.708771e-04 2.304422e-03 7.192585e-01 4.468131e-04 1.748916e-01 5.509893e-05 4.026008e-05 
8.268182e-02 1.853878e-02 5.552450e+03 5.617274e-05 1.937449e+04 6.726654e+02 6.416333e-04 5.516633e-02 5.034089e-05 4.594619e-02 1.003538e-04 2.360626e-03 7.206166e-01 4.000573e-04 1.746270e-01 5.703634e-05 3.384524e-05 
8.585859e-02 1.864801e-02 5.436007e+03 5.570868e-05 1.937807e+04 6.604121e+02 6.267746e-04 5.586026e-02 6.551110e-05 4.544838e-02 1.024104e-04 2.482949e-03 7.205534e-01 3.687987e-04 1.744015e-01 5.579829e-05 3.425603e-05 
8.903535e-02 1.875549e-02 5.353409e+03 5.495348e-05 1.938643e+04 6.512442e+02 5.853652e-04 5.491530e-02 4.270859e-05 4.603765e-02 3.700324e-05 2.401762e-03 7.217318e-01 3.986692e-04 1.737428e-01 6.539280e-05 4.159125e-05 
9.221212e-02 1.886084e-02 5.270159e+03 5.419915e-05 1.938873e+04 6.399927e+02 6.535683e-04 5.544233e-02 9.369684e-05 4.547466e-02 7.817693e-05 2.645950e-03 7.189677e-01 3.755681e-04 1.761622e-01 5.251355e-05 5.361316e-05 
9.538889e-02 1.896469e-02 5.163567e+03 5.365021e-05 1.939053e+04 6.315172e+02 6.102184e-04 5.496049e-02 6.726829e-05 4.520298e-02 1.230452e-04 2.496504e-03 7.225892e-01 3.463482e-04 1.735304e-01 3.387157e-05 3.968538e-05 
9.856566e-02 1.906702e-02 5.075985e+03 5.316729e-05 1.939967e+04 6.205224e+02 6.715697e-04 5.501401e-02 5.793827e-05 4.473095e-02 8.291807e-05 2.550514e-03 7.199513e-01 4.499939e-04 1.764101e-01 3.312881e-05 4.759060e-05 
1.017424e-01 1.916782e-02 5.014956e+03 5.245431e-05 1.940190e+04 6.072508e+02 7.083581e-04 5.430711e-02 5.614556e-05 4.507339e-02 1.022144e-04 2.866141e-03 7.225683e-01 4.289663e-04 1.737683e-01 6.900803e-05 5.202413e-05 
1.049192e-01 1.926669e-02 4.957535e+03 5.175245e-05 1.939821e+04 5.988279e+02 5.412071e-04 5.456706e-02 7.794276e-05 4.469345e-02 8.506373e-05 2.447749e-03 7.212169e-01 3.104212e-04 1.759924e-01 3.189400e-05 3.588562e-05 
1.080960e-01 1.936391e-02 4.843220e+03 5.127291e-05 1.940640e+04 5.906193e+02 6.262301e-04 5.372194e-02 5.373400e-05 4.535805e-02 9.419415e-05 2.721173e-03 7.219165e-01 3.962428e-04 1.750298e-01 4.590189e-05 3.615665e-05 
1.112727e-01 1.945996e-02 4.819084e+03 5.055953e-05 1.941168e+04 5.817502e+02 6.334852e-04 5.367038e-02 6.268229e-05 4.462917e-02 7.885289e-05 2.881586e-03 7.222701e-01 4.064049e-04 1.752818e-01 6.110393e-05 2.444117e-05 
1.144495e-01 1.955478e-02 4.743873e+03 5.025219e-05 1.940946e+04 5.742406e+02 6.711524e-04 5.300760e-02 8.707951e-05 4.583980e-02 1.232831e-04 2.841787e-03 7.212153e-01 3.611728e-04 1.757532e-01 5.351550e-05 4.610134e-05 
1.176263e-01 1.964776e-02 4.686008e+03 4.956691e-05 1.941303e+04 5.639858e+02 6.258943e-04 5.320342e-02 7.845185e-05 4.483988e-02 1.052148e-04 2.880740e-03 7.217014e-01 3.445373e-04 1.761227e-01 6.327267e-05 3.441809e-05 
1.208030e-01 1.973919e-02 4.631875e+03 4.897431e-05 1.941920e+04 5.549204e+02 6.457866e-04 5.330748e-02 5.572604e-05 4.515963e-02 1.281173e-04 2.977698e-03 7.217057e-01 3.839533e-04 1.755579e-01 2.158470e-05 5.640569e-05 
1.239798e-01 1.982914e-02 4.571061e+03 4.840946e-05 1.942534e+04 5.468976e+02 7.053312e-04 5.269621e-02 7.680822e-05 4.516860e-02 1.367942e-04 2.939247e-03 7.218567e-01 4.072148e-04 1.759286e-01 7.323548e-05 1.127894e-05 
1.271566e-01 1.991747e-02 4.525684e+03 4.793055e-05 1.941903e+04 5.395028e+02 6.894697e-04 5.372753e-02 5.740432e-05 4.401281e-02 1.292133e-04 3.035515e-03 7.227649e-01 4.331794e-04 1.750803e-01 3.941533e-05 3.025758e-05 
1.303333e-01 2.000457e-02 4.487788e+03 4.735073e-05 1.942232e+04 5.317584e+02 5.604695e-04 5.275848e-02 6.724845e-05 4.541747e-02 1.032242e-04 3.106837e-03 7.231664e-01 3.215097e-04 1.744299e-01 5.928755e-05 9.199637e-06 
1.335101e-01 2.009057e-02 4.427270e+03 4.684580e-05 1.942715e+04 5.228670e+02 6.910875e-04 5.172033e-02 4.550221e-05 4.505744e-02 1.179638e-04 3.270593e-03 7.226075e-01 4.565893e-04 1.759619e-01 3.349051e-05 3.754172e-05 
1.366869e-01 2.017582e-02 4.384576e+03 4.635294e-05 1.942848e+04 5.129191e+02 6.901155e-04 5.286799e-02 8.110657e-05 4.506121e-02 9.582004e-05 3.258421e-03 7.215133e-01 4.339302e-04 1.759188e-01 5.125633e-05 2.800295e-05 
1.398636e-01 2.025971e-02 4.339402e+03 4.588993e-05 1.942990e+04 5.086820e+02 5.971879e-04 5.134594e-02 1.019789e-04 4.480826e-02 8.663965e-05 3.303454e-03 7.236422e-01 3.551362e-04 1.757057e-01 2.328314e-05 3.014939e-05 
1.430404e-01 2.034251e-02 4.304059e+03 4.543328e-05 1.943017e+04 4.990246e+02 7.157631e-04 5.186476e-02 7.862382e-05 4.493321e-02 1.461811e-04 3.477771e-03 7.226487e-01 4.182452e-04 1.756440e-01 3.512183e-05 3.759184e-05 
1.462172e-01 2.042373e-02 4.264156e+03 4.492717e-05 1.943415e+04 4.965325e+02 5.473248e-04 5.177217e-02 8.536156e-05 4.579456e-02 7.668992e-05 3.517260e-03 7.206701e-01 2.804109e-04 1.771512e-01 7.118826e-05 3.367404e-05 
1.493939e-01 2.050392e-02 4.226390e+03 4.457055e-05 1.943411e+04 4.870868e+02 7.132843e-04 5.106600e-02 6.413194e-05 4.436807e-02 1.119695e-04 3.593181e-03 7.235656e-01 4.227459e-04 1.759805e-01 4.487046e-05 6.956578e-05 
1.525707e-01 2.058265e-02 4.189639e+03 4.420490e-05 1.943820e+04 4.769566e+02 6.234948e-04 5.094177e-02 6.225148e-05 4.515404e-02 9.653358e-05 3.598514e-03 7.220601e-01 3.692387e-04 1.769986e-01 6.109698e-05 3.437364e-05 
1.557475e-01 2.066054e-02 4.160794e+03 4.368095e-05 1.944125e+04 4.747296e+02 7.212576e-04 5.069435e-02 5.364303e-05 4.467280e-02 8.429065e-05 3.583420e-03 7.233235e-01 5.158542e-04 1.762835e-01 4.136292e-05 2.610644e-05 
1.589242e-01 2.073760e-02 4.107283e+03 4.312333e-05 1.944689e+04 4.661843e+02 6.047848e-04 5.092202e-02 4.975608e-05 4.475228e-02 9.841519e-05 3.656521e-03 7.230784e-01 3.829209e-04 1.763812e-01 5.177494e-05 2.191784e-05 
1.621010e-01 2.081349e-02 4.081469e+03 4.280208e-05 1.944801e+04 4.581677e+02 6.610122e-04 5.078626e-02 5.112828e-05 4.504811e-02 1.028903e-04 3.628075e-03 7.255319e-01 3.785802e-04 1.736836e-01 4.754635e-05 8.086755e-05 
1.652778e-01 2.088839e-02 4.045003e+03 4.254562e-05 1.944758e+04 4.549102e+02 5.847207e-04 5.054358e-02 6.544695e-05 4.527589e-02 6.991233e-05 3.547958e-03 7.235691e-01 3.563139e-04 1.758940e-01 6.210109e-05 3.094690e-05 
1.684545e-01 2.096258e-02 4.012908e+03 4.187786e-05 1.944381e+04 4.496067e+02 5.909640e-04 5.009400e-02 5.045210e-05 4.494970e-02 8.981306e-05 3.812611e-03 7.250358e-01 3.855667e-04 1.749260e-01 3.679193e-05 2.834060e-05 
1.716313e-01 2.103570e-02 3.971389e+03 4.148491e-05 1.944835e+04 4.441561e+02 6.790282e-04 5.076451e-02 9.627644e-05 4.547116e-02 9.766083e-05 3.854270e-03 7.229905e-01 3.836465e-04 1.755615e-01 4.632466e-05 5.511995e-05 
1.748081e-01 2.110787e-02 3.969738e+03 4.142135e-05 1.945330e+04 4.407284e+02 5.952388e-04 4.950472e-02 7.705450e-05 4.569552e-02 1.051814e-04 4.096309e-03 7.232584e-01 3.708857e-04 1.762546e-01 2.839846e-05 1.371941e-05 
1.779848e-01 2.117933e-02 3.939031e+03 4.078565e-05 1.945210e+04 4.369236e+02 5.944445e-04 4.925430e-02 4.109090e-05 4.549759e-02 1.218549e-04 4.351724e-03 7.242652e-01 3.819347e-04 1.754423e-01 2.098029e-05 2.858355e-05 
1.811616e-01 2.124989e-02 3.906553e+03 4.038937e-05 1.945239e+04 4.337410e+02 5.751044e-04 4.987881e-02 3.125505e-05 4.537345e-02 8.351066e-05 4.043655e-03 7.245887e-01 3.329310e-04 1.749652e-01 6.998527e-05 5.742204e-05 
1.843384e-01 2.131909e-02 3.879406e+03 4.001646e-05 1.946162e+04 4.209632e+02 5.672663e-04 4.984889e-02 8.306564e-05 4.531331e-02 1.153775e-04 4.411853e-03 7.240792e-01 2.963848e-04 1.752122e-01 3.496827e-05 3.747007e-05 
1.875152e-01 2.138767e-02 3.859108e+03 3.969730e-05 1.945829e+04 4.179574e+02 5.772302e-04 4.914562e-02 9.135049e-05 4.487633e-02 7.111510e-05 4.145255e-03 7.255722e-01 3.605110e-04 1.751061e-01 3.241372e-05 2.184038e-05 
1.906919e-01 2.145538e-02 3.847448e+03 3.932921e-05 1.945797e+04 4.091146e+02 6.184191e-04 4.987095e-02 3.575592e-05 4.457494e-02 1.190268e-04 4.088570e-03 7.251163e-01 4.034830e-04 1.751124e-01 3.428863e-05 2.586472e-05 
1.938687e-01 2.152218e-02 3.802271e+03 3.887102e-05 1.946490e+04 4.119950e+02 5.527818e-04 4.945956e-02 8.381878e-05 4.547004e-02 8.735969e-05 4.151354e-03 7.246902e-01 3.238844e-04 1.751233e-01 3.166589e-05 2.605264e-05 
1.970455e-01 2.158838e-02 3.798938e+03 3.847069e-05 1.945998e+04 3.998327e+02 7.757391e-04 4.905666e-02 7.171833e-05 4.559864e-02 1.216412e-04 4.197255e-03 7.249961e-01 4.952230e-04 1.745998e-01 4.527627e-05 4.188104e-05 
2.002222e-01 2.165382e-02 3.763218e+03 3.849672e-05 1.946887e+04 3.959300e+02 5.715542e-04 4.961443e-02 6.489433e-05 4.561680e-02 1.255728e-04 4.027469e-03 7.259019e-01 3.025034e-04 1.736963e-01 3.914337e-05 3.943952e-05 
2.033990e-01 2.171848e-02 3.731679e+03 3.790687e-05 1.946308e+04 3.910259e+02 6.155330e-04 4.990586e-02 5.765865e-05 4.514092e-02 9.618661e-05 4.511319e-03 7.236047e-01 3.972768e-04 1.756061e-01 2.416986e-05 4.024148e-05 
2.065758e-01 2.178199e-02 3.726835e+03 3.776297e-05 1.946035e+04 3.875600e+02 6.381849e-04 4.883331e-02 4.866822e-05 4.534043e-02 1.058999e-04 4.531019e-03 7.255281e-01 3.689228e-04 1.744907e-01 7.018567e-05 4.450828e-05 
2.097525e-01 2.184537e-02 3.677059e+03 3.741205e-05 1.946994e+04 3.853500e+02 6.250467e-04 4.907075e-02 6.138251e-05 4.520302e-02 1.233920e-04 4.556593e-03 7.248611e-01 3.809663e-04 1.750584e-01 4.029208e-05 1.901449e-05 
2.129293e-01 2.190749e-02 3.677107e+03 3.697464e-05 1.946944e+04 3.774367e+02 6.644885e-04 4.953101e-02 8.275304e-05 4.540183e-02 1.163436e-04 4.925412e-03 7.250214e-01 3.713612e-04 1.737914e-01 4.147772e-05 5.255313e-05 
2.161061e-01 2.196870e-02 3.673178e+03 3.671278e-05 1.946881e+04 3.763318e+02 6.042330e-04 4.852408e-02 6.998047e-05 4.573150e-02 1.203543e-04 4.725250e-03 7.259795e-01 3.080335e-04 1.738312e-01 4.938298e-05 5.648218e-05 
2.192828e-01 2.202972e-02 3.648848e+03 3.645855e-05 1.947569e+04 3.670387e+02 7.456484e-04 4.885104e-02 9.253573e-05 4.531616e-02 1.057313e-04 4.630208e-03 7.236596e-01 4.460818e-04 1.760517e-01 4.573067e-05 5.556926e-05 
2.224596e-01 2.208995e-02 3.593076e+03 3.605116e-05 1.946886e+04 3.641403e+02 4.996788e-04 4.809022e-02 3.866126e-05 4.456807e-02 7.957547e-05 4.408463e-03 7.251676e-01 3.381008e-04 1.767663e-01 3.053251e-05 1.280973e-05 
2.256364e-01 2.214952e-02 3.589801e+03 3.606901e-05 1.947437e+04 3.648736e+02 6.458193e-04 4.923334e-02 7.602608e-05 4.481546e-02 1.041537e-04 4.843355e-03 7.240251e-01 3.570755e-04 1.757911e-01 3.803789e-05 7.052710e-05 
2.288131e-01 2.220833e-02 3.586721e+03 3.569889e-05 1.947935e+04 3.567048e+02 5.873446e-04 4.928097e-02 4.855146e-05 4.529610e-02 7.228506e-05 4.719138e-03 7.253757e-01 3.685495e-04 1.741534e-01 4.586256e-05 5.209631e-05 
2.319899e-01 2.226668e-02 3.566388e+03 3.533737e-05 1.947652e+04 3.595135e+02 5.572032e-04 4.891670e-02 4.871629e-05 4.567365e-02 1.082670e-04 4.422946e-03 7.237994e-01 3.095304e-04 1.760729e-01 3.460193e-05 5.608823e-05 
2.351667e-01 2.232458e-02 3.530418e+03 3.499611e-05 1.947525e+04 3.484299e+02 5.791274e-04 4.862839e-02 6.513195e-05 4.536889e-02 1.101341e-04 4.695103e-03 7.246296e-01 3.227136e-04 1.755198e-01 4.534344e-05 3.580361e-05 
2.383434e-01 2.238174e-02 3.525059e+03 3.481347e-05 1.947841e+04 3.535256e+02 7.726323e-04 4.895180e-02 1.186530e-04 4.516959e-02 9.259276e-05 4.684748e-03 7.240845e-01 4.279172e-04 1.755641e-01 5.147712e-05 8.199138e-05 
2.415202e-01 2.243854e-02 3.506505e+03 3.466524e-05 1.947978e+04 3.411532e+02 6.756092e-04 4.797396e-02 2.678153e-05 4.630531e-02 1.271762e-04 4.910886e-03 7.219555e-01 4.040728e-04 1.775032e-01 4.475147e-05 7.282745e-05 
2.446970e-01 2.249440e-02 3.495571e+03 3.433348e-05 1.947868e+04 3.457840e+02 7.814562e-04 4.709714e-02 1.396631e-04 4.539666e-02 1.170539e-04 4.906594e-03 7.277063e-01 4.004877e-04 1.733304e-01 7.589266e-05 4.835841e-05 
2.478737e-01 2.254976e-02 3.474814e+03 3.407376e-05 1.948132e+04 3.355826e+02 6.687149e-04 4.747877e-02 8.841089e-05 4.445151e-02 1.287438e-04 4.858979e-03 7.261050e-01 3.496263e-04 1.757683e-01 4.342023e-05 5.851435e-05 
2.510505e-01 2.260436e-02 3.445800e+03 3.402898e-05 1.948103e+04 3.334099e+02 6.573457e-04 4.767527e-02 8.026795e-05 4.552122e-02 1.375616e-04 4.735460e-03 7.261959e-01 3.426271e-04 1.745575e-01 4.737702e-05 4.951109e-05 
2.542273e-01 2.265836e-02 3.429913e+03 3.357935e-05 1.948139e+04 3.317204e+02 5.709124e-04 4.783389e-02 6.845350e-05 4.476798e-02 1.149241e-04 5.189879e-03 7.263175e-01 3.069197e-04 1.747489e-01 3.391366e-05 4.670195e-05 
2.574040e-01 2.271165e-02 3.413345e+03 3.351667e-05 1.948292e+04 3.236348e+02 6.058772e-04 4.793898e-02 7.406785e-05 4.523680e-02 7.097233e-05 5.049023e-03 7.280153e-01 3.551946e-04 1.725481e-01 6.051994e-05 4.512256e-05 
2.605808e-01 2.276428e-02 3.434250e+03 3.327835e-05 1.948410e+04 3.209936e+02 7.374258e-04 4.695740e-02 7.088177e-05 4.574143e-02 9.549785e-05 5.734447e-03 7.271085e-01 3.945903e-04 1.729834e-01 6.336871e-05 1.130878e-04 
2.637576e-01 2.281612e-02 3.402377e+03 3.296949e-05 1.948517e+04 3.191814e+02 5.040234e-04 4.706681e-02 4.158751e-05 4.571822e-02 5.900191e-05 5.264898e-03 7.264981e-01 3.528575e-04 1.744439e-01 1.658102e-05 3.399557e-05 
2.669343e-01 2.286724e-02 3.391840e+03 3.247132e-05 1.948536e+04 3.134961e+02 6.323914e-04 4.721878e-02 3.013784e-05 4.530212e-02 1.142374e-04 5.435523e-03 7.264556e-01 4.324871e-04 1.743232e-01 2.796455e-05 2.756426e-05 
2.701111e-01 2.291830e-02 3.375217e+03 3.233812e-05 1.948862e+04 3.127430e+02 7.215815e-04 4.566031e-02 1.010761e-04 4.654218e-02 1.014092e-04 5.443857e-03 7.230904e-01 4.412163e-04 1.778201e-01 5.111586e-05 2.676377e-05 
2.732879e-01 2.296937e-02 3.328118e+03 3.222067e-05 1.949273e+04 3.085364e+02 4.588293e-04 4.770578e-02 1.497108e-05 4.533739e-02 1.137110e-04 5.284287e-03 7.247783e-01 2.762217e-04 1.759765e-01 3.705951e-05 1.686622e-05 
2.764646e-01 2.302014e-02 3.348315e+03 3.209599e-05 1.949445e+04 3.095243e+02 8.388725e-04 4.701656e-02 1.136053e-04 4.499458e-02 1.678097e-04 5.469084e-03 7.233717e-01 4.560009e-04 1.774703e-01 4.948402e-05 5.197262e-05 
2.796414e-01 2.307060e-02 3.315436e+03 3.186798e-05 1.949683e+04 3.065452e+02 5.104605e-04 4.662250e-02 9.056963e-05 4.507323e-02 1.257879e-04 5.519053e-03 7.254956e-01 2.335439e-04 1.762687e-01 1.117827e-05 4.938039e-05 
2.828182e-01 2.312021e-02 3.315019e+03 3.178193e-05 1.949014e+04 3.017287e+02 4.586621e-04 4.701382e-02 4.677231e-05 4.451117e-02 9.775403e-05 5.283848e-03 7.271446e-01 2.351450e-04 1.751292e-01 2.471111e-05 5.427869e-05 
2.859949e-01 2.316961e-02 3.314896e+03 3.145630e-05 1.949151e+04 3.066556e+02 5.148939e-04 4.684020e-02 4.482021e-05 4.509240e-02 7.490505e-05 5.454095e-03 7.264008e-01 2.863019e-04 1.751827e-01 5.425578e-05 5.461074e-05 
2.891717e-01 2.321850e-02 3.266064e+03 3.136629e-05 1.949488e+04 2.921660e+02 7.352862e-04 4.674387e-02 9.716494e-05 4.426256e-02 1.764046e-04 5.215988e-03 7.262303e-01 3.496713e-04 1.760767e-01 3.425141e-05 7.779462e-05 
2.923485e-01 2.326661e-02 3.264915e+03 3.104735e-05 1.949709e+04 2.955277e+02 6.021037e-04 4.616706e-02 1.189462e-04 4.525185e-02 1.378270e-04 5.906930e-03 7.267911e-01 2.636223e-04 1.746788e-01 4.755319e-05 3.415420e-05 
2.955253e-01 2.331471e-02 3.261359e+03 3.088427e-05 1.949565e+04 2.990079e+02 7.163616e-04 4.619369e-02 5.725656e-05 4.534765e-02 1.272111e-04 5.265650e-03 7.257427e-01 4.409865e-04 1.760176e-01 4.147269e-05 4.943418e-05 
2.987020e-01 2.336250e-02 3.235411e+03 3.072038e-05 1.949250e+04 2.909130e+02 5.741524e-04 4.649754e-02 7.415891e-05 4.536190e-02 9.069100e-05 5.956961e-03 7.268795e-01 3.282650e-04 1.741558e-01 4.692705e-05 3.411084e-05 
3.018788e-01 2.340986e-02 3.234896e+03 3.063837e-05 1.949474e+04 2.862136e+02 6.167076e-04 4.428181e-02 5.325662e-05 4.569286e-02 9.412783e-05 6.232429e-03 7.273827e-01 3.914916e-04 1.751768e-01 2.638086e-05 5.145140e-05 
3.050556e-01 2.345636e-02 3.219636e+03 3.031511e-05 1.949822e+04 2.893548e+02 7.579933e-04 4.649644e-02 8.592547e-05 4.441969e-02 1.495256e-04 5.745936e-03 7.272608e-01 4.352565e-04 1.745612e-01 2.394516e-05 6.334115e-05 
3.082323e-01 2.350259e-02 3.205024e+03 3.023749e-05 1.950462e+04 2.761290e+02 5.608766e-04 4.555532e-02 6.899392e-05 4.579835e-02 8.492864e-05 5.959352e-03 7.258808e-01 3.220775e-04 1.756844e-01 4.185483e-05 4.302185e-05 
3.114091e-01 2.354805e-02 3.200461e+03 2.983391e-05 1.949945e+04 2.831267e+02 6.250277e-04 4.451098e-02 6.064811e-05 4.534313e-02 1.163773e-04 5.917552e-03 7.295148e-01 3.823648e-04 1.734635e-01 4.211453e-05 2.352251e-05 
3.145859e-01 2.359371e-02 3.177861e+03 2.985707e-05 1.950076e+04 2.783514e+02 5.551251e-04 4.487655e-02 5.369847e-05 4.496128e-02 6.821992e-05 6.539461e-03 7.272344e-01 3.666834e-04 1.752781e-01 3.576462e-05 3.075938e-05 
3.177626e-01 2.363877e-02 3.201753e+03 2.952352e-05 1.950236e+04 2.789855e+02 5.656962e-04 4.622761e-02 5.974735e-05 4.517916e-02 1.251683e-04 6.364906e-03 7.272835e-01 3.197769e-04 1.738135e-01 3.057489e-05 3.042713e-05 
3.209394e-01 2.368383e-02 3.175151e+03 2.947862e-05 1.950364e+04 2.746341e+02 5.537149e-04 4.536778e-02 5.921885e-05 4.638197e-02 9.092889e-05 6.118820e-03 7.269478e-01 3.083825e-04 1.740762e-01 7.411328e-05 2.107077e-05 
3.241162e-01 2.372835e-02 3.160514e+03 2.922611e-05 1.950805e+04 2.686394e+02 5.140351e-04 4.530424e-02 5.379103e-05 4.637019e-02 8.530239e-05 6.300994e-03 7.274732e-01 3.080494e-04 1.735233e-01 5.015823e-05 1.673364e-05 
3.272929e-01 2.377266e-02 3.153880e+03 2.895473e-05 1.950360e+04 2.796232e+02 5.505420e-04 4.476953e-02 7.250152e-05 4.610989e-02 1.407520e-04 6.251078e-03 7.265809e-01 2.504654e-04 1.751875e-01 6.651044e-05 2.031286e-05 
3.304697e-01 2.381652e-02 3.129925e+03 2.891786e-05 1.951215e+04 2.689694e+02 5.652639e-04 4.640758e-02 6.027764e-05 4.564155e-02 6.850422e-05 6.475487e-03 7.267709e-01 3.743951e-04 1.735740e-01 3.277236e-05 2.931442e-05 
3.336465e-01 2.386013e-02 3.138516e+03 2.862985e-05 1.950811e+04 2.706712e+02 5.820381e-04 4.547674e-02 4.932447e-05 4.573337e-02 1.174060e-04 5.961242e-03 7.279739e-01 3.305110e-04 1.736907e-01 6.516942e-05 1.962688e-05 
3.368232e-01 2.390343e-02 3.103783e+03 2.860297e-05 1.950875e+04 2.631482e+02 5.764480e-04 4.495715e-02 9.036726e-05 4.450411e-02 9.531667e-05 6.803716e-03 7.284875e-01 2.937783e-04 1.740947e-01 8.084612e-05 1.613919e-05 
3.400000e-01 2.394632e-02 3.109223e+03 2.852643e-05 1.951360e+04 2.593365e+02 4.793902e-04 4.364297e-02 4.657823e-05 4.442584e-02 8.662176e-05 6.182704e-03 7.310341e-01 2.804567e-04 1.737557e-01 5.553197e-05 1.020089e-05 
