2.550000e-02 3.960734e-03 2.797447e+04 1.567164e-05 1.496004e+04 -2.678307e+02 5.155854e-03 3.014432e-01 7.877873e-04 1.550308e-01 8.974618e-04 1.436893e-03 4.583313e-01 2.907846e-03 7.344621e-02 2.953691e-04 2.673920e-04 
2.867677e-02 3.910629e-03 2.614096e+04 1.575779e-05 1.527187e+04 -2.017908e+02 4.907216e-03 2.970173e-01 7.295076e-04 1.535120e-01 6.844011e-04 1.863266e-03 4.624536e-01 2.967944e-03 7.533944e-02 2.466803e-04 2.786769e-04 
3.185354e-02 3.868977e-03 2.457154e+04 1.531485e-05 1.553787e+04 -1.702510e+02 4.625315e-03 2.885684e-01 6.161188e-04 1.567819e-01 6.978369e-04 1.611353e-03 4.688913e-01 2.696590e-03 7.489637e-02 2.890314e-04 3.257421e-04 
3.503030e-02 3.835894e-03 2.311702e+04 1.525736e-05 1.578969e+04 -1.406370e+02 4.932938e-03 2.792394e-01 6.465338e-04 1.558157e-01 1.179820e-03 1.672213e-03 4.751114e-01 2.469752e-03 7.829543e-02 2.977175e-04 3.391080e-04 
3.820707e-02 3.804280e-03 2.195729e+04 1.531711e-05 1.602561e+04 -1.516061e+02 4.020385e-03 2.757740e-01 5.839852e-04 1.470761e-01 5.046937e-04 1.956835e-03 4.844185e-01 2.475866e-03 8.273384e-02 2.095312e-04 2.463114e-04 
4.138384e-02 3.776170e-03 2.089177e+04 1.518169e-05 1.622795e+04 -1.488821e+02 4.290041e-03 2.677524e-01 6.878105e-04 1.515161e-01 7.444902e-04 1.957981e-03 4.894386e-01 2.363436e-03 8.075485e-02 2.697494e-04 2.245578e-04 
4.456061e-02 3.750254e-03 1.973227e+04 1.522823e-05 1.635808e+04 -1.162674e+02 3.389522e-03 2.589599e-01 6.436063e-04 1.469773e-01 4.564948e-04 2.187064e-03 5.000123e-01 2.071785e-03 8.508434e-02 1.219366e-04 9.570522e-05 
4.773737e-02 3.724943e-03 1.879307e+04 1.515464e-05 1.653854e+04 -1.179692e+02 4.155515e-03 2.534421e-01 6.292682e-04 1.466141e-01 8.706692e-04 2.125388e-03 5.057836e-01 2.207796e-03 8.372380e-02 3.003006e-04 1.474813e-04 
5.091414e-02 3.701337e-03 1.798785e+04 1.526248e-05 1.671255e+04 -1.207069e+02 3.364798e-03 2.531239e-01 5.228048e-04 1.416082e-01 5.975463e-04 1.835218e-03 5.113079e-01 1.965054e-03 8.539520e-02 1.814404e-04 9.795269e-05 
5.409091e-02 3.678465e-03 1.737753e+04 1.527444e-05 1.683666e+04 -1.105773e+02 3.429174e-03 2.410508e-01 5.508333e-04 1.410457e-01 3.958846e-04 1.860908e-03 5.193177e-01 2.083649e-03 8.986649e-02 2.955276e-04 1.032671e-04 
5.726768e-02 3.656422e-03 1.658854e+04 1.517651e-05 1.695917e+04 -1.033791e+02 3.278366e-03 2.393353e-01 4.879694e-04 1.402234e-01 6.199417e-04 2.055477e-03 5.228086e-01 1.807407e-03 8.902050e-02 2.611458e-04 1.019007e-04 
6.044444e-02 3.634007e-03 1.591468e+04 1.536266e-05 1.708802e+04 -1.007035e+02 2.841442e-03 2.309775e-01 3.198537e-04 1.380504e-01 4.846048e-04 2.514483e-03 5.281809e-01 1.539236e-03 9.459388e-02 1.574806e-04 3.402664e-04 
6.362121e-02 3.613108e-03 1.542106e+04 1.544266e-05 1.718993e+04 -1.136809e+02 2.834914e-03 2.245796e-01 2.911663e-04 1.382408e-01 6.586099e-04 2.105197e-03 5.339614e-01 1.571939e-03 9.544316e-02 1.869832e-04 1.262086e-04 
6.679798e-02 3.592906e-03 1.483171e+04 1.539189e-05 1.727653e+04 -1.015844e+02 3.176064e-03 2.182184e-01 5.005368e-04 1.338221e-01 6.818749e-04 2.811297e-03 5.433982e-01 1.495909e-03 9.539787e-02 1.614310e-04 3.363132e-04 
6.997475e-02 3.573679e-03 1.423711e+04 1.537670e-05 1.737669e+04 -1.053991e+02 3.066120e-03 2.155885e-01 4.108999e-04 1.338913e-01 6.194584e-04 2.805085e-03 5.425505e-01 1.587620e-03 9.903228e-02 2.023935e-04 2.457431e-04 
7.315152e-02 3.553546e-03 1.382673e+04 1.551574e-05 1.747408e+04 -9.689382e+01 2.690039e-03 2.128342e-01 5.459733e-04 1.303878e-01 3.654413e-04 2.938392e-03 5.467926e-01 1.439198e-03 1.016670e-01 2.064746e-04 1.329435e-04 
7.632828e-02 3.535645e-03 1.354947e+04 1.553289e-05 1.756606e+04 -8.658429e+01 2.908742e-03 2.060813e-01 3.409197e-04 1.306967e-01 4.686750e-04 2.820957e-03 5.508223e-01 1.783649e-03 1.037613e-01 2.513217e-04 6.417366e-05 
7.950505e-02 3.518890e-03 1.286910e+04 1.553553e-05 1.761421e+04 -8.521429e+01 2.883948e-03 2.023924e-01 4.288900e-04 1.264086e-01 3.713359e-04 2.795219e-03 5.581237e-01 1.656888e-03 1.045122e-01 2.621889e-04 1.646440e-04 
8.268182e-02 3.500943e-03 1.261630e+04 1.565964e-05 1.768934e+04 -1.115034e+02 2.956459e-03 1.932737e-01 3.345047e-04 1.267972e-01 4.141708e-04 3.424013e-03 5.659785e-01 1.973546e-03 1.046137e-01 1.482217e-04 8.602452e-05 
8.585859e-02 3.483896e-03 1.211882e+04 1.573485e-05 1.774112e+04 -6.822256e+01 2.732936e-03 1.951466e-01 4.921603e-04 1.272167e-01 4.143172e-04 2.392642e-03 5.620846e-01 1.601817e-03 1.076936e-01 1.176399e-04 1.069906e-04 
8.903535e-02 3.468786e-03 1.197016e+04 1.583473e-05 1.779430e+04 -7.284194e+01 2.364916e-03 1.935461e-01 3.494038e-04 1.249978e-01 7.075362e-04 3.216788e-03 5.688035e-01 1.097694e-03 1.047060e-01 1.458726e-04 6.440777e-05 
9.221212e-02 3.452252e-03 1.152817e+04 1.595747e-05 1.784573e+04 -8.723167e+01 1.980115e-03 1.902042e-01 1.826570e-04 1.248372e-01 3.834175e-04 3.377315e-03 5.714823e-01 1.049444e-03 1.061387e-01 2.014902e-04 1.631073e-04 
9.538889e-02 3.437414e-03 1.122147e+04 1.599015e-05 1.791468e+04 -8.229532e+01 2.654384e-03 1.848573e-01 3.782745e-04 1.197658e-01 4.267602e-04 3.142858e-03 5.742540e-01 1.513614e-03 1.126713e-01 1.671537e-04 1.685826e-04 
9.856566e-02 3.422727e-03 1.084257e+04 1.600729e-05 1.799242e+04 -7.838969e+01 2.541235e-03 1.798192e-01 3.221137e-04 1.184159e-01 3.997002e-04 3.365199e-03 5.810899e-01 1.467067e-03 1.122273e-01 7.054789e-05 2.818133e-04 
1.017424e-01 3.408435e-03 1.060716e+04 1.594021e-05 1.801430e+04 -6.848435e+01 2.557337e-03 1.798748e-01 3.332911e-04 1.163637e-01 3.521531e-04 3.407917e-03 5.807318e-01 1.602266e-03 1.145072e-01 1.517987e-04 1.178286e-04 
1.049192e-01 3.394983e-03 1.044298e+04 1.601822e-05 1.804993e+04 -5.333465e+01 2.751778e-03 1.738243e-01 5.331429e-04 1.156006e-01 5.529866e-04 3.423336e-03 5.871253e-01 1.321033e-03 1.145229e-01 1.595460e-04 1.850763e-04 
1.080960e-01 3.382200e-03 1.026725e+04 1.635773e-05 1.808674e+04 -7.465256e+01 2.246727e-03 1.709578e-01 4.008197e-04 1.129433e-01 4.238048e-04 4.079946e-03 5.927288e-01 1.108744e-03 1.147967e-01 1.301261e-04 1.832313e-04 
1.112727e-01 3.368310e-03 9.912185e+03 1.627144e-05 1.815096e+04 -7.598334e+01 2.102619e-03 1.708587e-01 2.136415e-04 1.133636e-01 3.766416e-04 4.208297e-03 5.918980e-01 1.265058e-03 1.154661e-01 1.042430e-04 1.430349e-04 
1.144495e-01 3.355414e-03 9.710675e+03 1.639433e-05 1.819194e+04 -7.557092e+01 2.041816e-03 1.665379e-01 2.995058e-04 1.128326e-01 2.792605e-04 3.563552e-03 5.948843e-01 1.164371e-03 1.180980e-01 1.127324e-04 1.859439e-04 
1.176263e-01 3.342248e-03 9.482335e+03 1.637044e-05 1.821123e+04 -7.074661e+01 1.754768e-03 1.624530e-01 1.886267e-04 1.122852e-01 2.107797e-04 3.832548e-03 5.977551e-01 1.086317e-03 1.201646e-01 1.204535e-04 1.485915e-04 
1.208030e-01 3.329800e-03 9.364955e+03 1.635249e-05 1.824611e+04 -7.620239e+01 2.083129e-03 1.641895e-01 3.457581e-04 1.083022e-01 3.575702e-04 3.233653e-03 5.998656e-01 1.087675e-03 1.202428e-01 1.403099e-04 1.518190e-04 
1.239798e-01 3.317014e-03 9.131573e+03 1.658598e-05 1.826193e+04 -7.346570e+01 1.940224e-03 1.616740e-01 2.264436e-04 1.076628e-01 3.402566e-04 4.644238e-03 5.999325e-01 1.133186e-03 1.222060e-01 6.621735e-05 1.741202e-04 
1.271566e-01 3.304521e-03 8.924259e+03 1.665737e-05 1.830296e+04 -7.378172e+01 2.035642e-03 1.562512e-01 2.755794e-04 1.106740e-01 1.415857e-04 4.089554e-03 6.014833e-01 1.269881e-03 1.234306e-01 2.411960e-04 1.073993e-04 
1.303333e-01 3.293291e-03 8.808226e+03 1.664083e-05 1.834187e+04 -5.875947e+01 2.233412e-03 1.545119e-01 1.515705e-04 1.062463e-01 5.219785e-04 4.043023e-03 6.074760e-01 1.262767e-03 1.232560e-01 1.010889e-04 1.960037e-04 
1.335101e-01 3.283707e-03 8.579794e+03 1.663146e-05 1.837038e+04 -5.016606e+01 1.784961e-03 1.465559e-01 2.242217e-04 1.060411e-01 3.009685e-04 3.691406e-03 6.137701e-01 1.028034e-03 1.263716e-01 1.081317e-04 1.236059e-04 
1.366869e-01 3.274950e-03 8.454575e+03 1.673383e-05 1.839923e+04 -5.315146e+01 2.227619e-03 1.465026e-01 3.215871e-04 1.048524e-01 4.497799e-04 4.670974e-03 6.120271e-01 1.252261e-03 1.274918e-01 1.038288e-04 1.001626e-04 
1.398636e-01 3.265836e-03 8.295086e+03 1.675599e-05 1.841940e+04 -5.713442e+01 1.665299e-03 1.454080e-01 1.700980e-04 1.050565e-01 2.538421e-04 4.021203e-03 6.144533e-01 9.159493e-04 1.277303e-01 1.906228e-04 1.347849e-04 
1.430404e-01 3.257661e-03 8.237073e+03 1.698717e-05 1.844912e+04 -4.675085e+01 2.571616e-03 1.414813e-01 2.194223e-04 1.036406e-01 5.890509e-04 4.419712e-03 6.144959e-01 1.518374e-03 1.308192e-01 1.213950e-04 1.233774e-04 
1.462172e-01 3.249216e-03 8.004087e+03 1.679584e-05 1.847584e+04 -4.561004e+01 1.658551e-03 1.359085e-01 1.945844e-04 1.070846e-01 2.237665e-04 3.911940e-03 6.186369e-01 9.298131e-04 1.311410e-01 1.702186e-04 1.401688e-04 
1.493939e-01 3.241822e-03 7.885993e+03 1.685200e-05 1.850198e+04 -4.406318e+01 2.492497e-03 1.445316e-01 4.093365e-04 1.000384e-01 4.114924e-04 3.510322e-03 6.179310e-01 1.378123e-03 1.290036e-01 7.145387e-05 2.220959e-04 
1.525707e-01 3.234503e-03 7.726944e+03 1.686339e-05 1.851680e+04 -4.387526e+01 1.785890e-03 1.395932e-01 2.485395e-04 1.022114e-01 5.351127e-04 4.600787e-03 6.223374e-01 8.287193e-04 1.276855e-01 6.191835e-05 1.116000e-04 
1.557475e-01 3.226835e-03 7.626039e+03 1.693310e-05 1.855610e+04 -3.319043e+01 2.179616e-03 1.394343e-01 2.370191e-04 9.705181e-02 6.562605e-04 3.944869e-03 6.263376e-01 1.172821e-03 1.288721e-01 5.205542e-05 6.145982e-05 
1.589242e-01 3.219641e-03 7.480168e+03 1.688823e-05 1.854676e+04 -5.394185e+01 1.780358e-03 1.322875e-01 2.277868e-04 9.761376e-02 3.772784e-04 4.783746e-03 6.271022e-01 1.040490e-03 1.346521e-01 8.812317e-05 4.668110e-05 
1.621010e-01 3.212250e-03 7.322443e+03 1.712579e-05 1.856226e+04 -4.571250e+01 1.704470e-03 1.358188e-01 2.753732e-04 9.941703e-02 3.378220e-04 4.547185e-03 6.260929e-01 8.388659e-04 1.307151e-01 5.057825e-05 2.018309e-04 
1.652778e-01 3.206179e-03 7.333279e+03 1.707072e-05 1.859328e+04 -1.677416e+01 1.581123e-03 1.304137e-01 1.017574e-04 9.775667e-02 2.363944e-04 3.717936e-03 6.319889e-01 9.567414e-04 1.329605e-01 1.204222e-04 1.658090e-04 
1.684545e-01 3.200866e-03 7.173735e+03 1.725162e-05 1.862395e+04 -2.732587e+01 1.703459e-03 1.332648e-01 2.167217e-04 9.560184e-02 3.556014e-04 4.853841e-03 6.263371e-01 8.999938e-04 1.365356e-01 1.100623e-04 1.210781e-04 
1.716313e-01 3.195250e-03 7.115337e+03 1.726813e-05 1.863533e+04 -5.251565e+01 1.455389e-03 1.291447e-01 1.549643e-04 9.656266e-02 2.730144e-04 4.111281e-03 6.326001e-01 8.545129e-04 1.346705e-01 6.354857e-05 1.093480e-04 
1.748081e-01 3.189519e-03 6.917253e+03 1.720990e-05 1.865825e+04 -3.484374e+01 1.415764e-03 1.319898e-01 1.769400e-04 9.759883e-02 2.828453e-04 4.741913e-03 6.278286e-01 8.296968e-04 1.350093e-01 5.097613e-05 7.530754e-05 
1.779848e-01 3.182695e-03 6.896484e+03 1.737973e-05 1.867704e+04 -5.419590e+01 1.606714e-03 1.311750e-01 9.462506e-05 9.276223e-02 4.762288e-04 4.822082e-03 6.334545e-01 8.471792e-04 1.345727e-01 1.261937e-04 6.248761e-05 
1.811616e-01 3.176678e-03 6.741559e+03 1.724478e-05 1.866896e+04 -2.336436e+01 1.757191e-03 1.292528e-01 2.897402e-04 9.587136e-02 3.044709e-04 4.696899e-03 6.287202e-01 9.834771e-04 1.379443e-01 6.696648e-05 1.125356e-04 
1.843384e-01 3.172098e-03 6.673516e+03 1.725241e-05 1.869294e+04 -3.626703e+01 1.462508e-03 1.239947e-01 2.006049e-04 9.033503e-02 4.344312e-04 5.096686e-03 6.365684e-01 5.640561e-04 1.410801e-01 8.658561e-05 1.768291e-04 
1.875152e-01 3.167948e-03 6.605589e+03 1.736208e-05 1.872131e+04 -2.912922e+01 1.946970e-03 1.225014e-01 1.936146e-04 9.148175e-02 3.169782e-04 4.539385e-03 6.405614e-01 1.297087e-03 1.370221e-01 5.091676e-05 8.837354e-05 
1.906919e-01 3.163033e-03 6.519521e+03 1.736309e-05 1.873001e+04 -3.077949e+01 1.304393e-03 1.222916e-01 1.214771e-04 9.105314e-02 2.906151e-04 5.466124e-03 6.411706e-01 6.810372e-04 1.374098e-01 9.133403e-05 1.199302e-04 
1.938687e-01 3.158890e-03 6.496127e+03 1.718921e-05 1.873542e+04 -1.520375e+01 2.000788e-03 1.235800e-01 4.007814e-04 9.305805e-02 3.412192e-04 4.913060e-03 6.404778e-01 1.019522e-03 1.339695e-01 8.389171e-05 1.553711e-04 
1.970455e-01 3.155712e-03 6.333408e+03 1.729738e-05 1.876761e+04 -1.944674e+01 1.348652e-03 1.193531e-01 1.831473e-04 8.906345e-02 3.216929e-04 5.534816e-03 6.408934e-01 7.392638e-04 1.424579e-01 7.610780e-05 2.843912e-05 
2.002222e-01 3.152095e-03 6.301352e+03 1.745071e-05 1.876976e+04 -2.610951e+01 1.464751e-03 1.178020e-01 1.043978e-04 8.795306e-02 2.688707e-04 5.312426e-03 6.455312e-01 9.051188e-04 1.404718e-01 1.483894e-04 3.797379e-05 
2.033990e-01 3.148303e-03 6.208094e+03 1.740141e-05 1.877515e+04 -2.860629e+01 1.476220e-03 1.159481e-01 8.267900e-05 8.904847e-02 2.690141e-04 5.504440e-03 6.451246e-01 9.728961e-04 1.414220e-01 3.431446e-05 1.173144e-04 
2.065758e-01 3.144742e-03 6.179925e+03 1.730297e-05 1.880861e+04 -2.207234e+01 1.282616e-03 1.148104e-01 1.268228e-04 8.653286e-02 1.996668e-04 4.962625e-03 6.490142e-01 8.830244e-04 1.421146e-01 4.010191e-05 3.300027e-05 
2.097525e-01 3.140888e-03 6.112438e+03 1.744909e-05 1.882100e+04 -3.316088e+01 1.413064e-03 1.158918e-01 1.879584e-04 8.900162e-02 2.655410e-04 5.639013e-03 6.441390e-01 8.314095e-04 1.425025e-01 7.450343e-05 5.365152e-05 
2.129293e-01 3.136745e-03 6.053795e+03 1.755485e-05 1.882159e+04 -2.984315e+01 1.368594e-03 1.125716e-01 2.151742e-04 8.966637e-02 2.574771e-04 5.846173e-03 6.452257e-01 7.589338e-04 1.439529e-01 8.807353e-05 4.893432e-05 
2.161061e-01 3.132188e-03 5.941614e+03 1.755389e-05 1.882988e+04 -3.193996e+01 1.526430e-03 1.110110e-01 3.078193e-04 8.718391e-02 2.803312e-04 5.325033e-03 6.488044e-01 8.038278e-04 1.446228e-01 1.196525e-05 1.224855e-04 
2.192828e-01 3.128487e-03 5.858702e+03 1.750616e-05 1.884910e+04 -1.706186e+01 1.433884e-03 1.105819e-01 1.086152e-04 8.673450e-02 1.933484e-04 5.732867e-03 6.530078e-01 1.005980e-03 1.410752e-01 9.506414e-05 3.087565e-05 
2.224596e-01 3.125848e-03 5.828937e+03 1.748862e-05 1.885737e+04 -3.064024e+00 1.370382e-03 1.111372e-01 1.415462e-04 8.467204e-02 2.514786e-04 5.767195e-03 6.502454e-01 7.967755e-04 1.454374e-01 1.348726e-04 4.570814e-05 
2.256364e-01 3.123593e-03 5.791700e+03 1.757271e-05 1.886157e+04 -1.863495e+01 1.318139e-03 1.080842e-01 1.360144e-04 8.491270e-02 1.546492e-04 5.851358e-03 6.531912e-01 9.316545e-04 1.453243e-01 5.132343e-05 4.449730e-05 
2.288131e-01 3.121517e-03 5.733915e+03 1.739216e-05 1.886411e+04 -1.394462e+01 1.515452e-03 1.106967e-01 2.278279e-04 8.618452e-02 2.859120e-04 5.766364e-03 6.492841e-01 8.030439e-04 1.450374e-01 9.583007e-05 1.028378e-04 
2.319899e-01 3.119101e-03 5.622108e+03 1.746112e-05 1.887897e+04 -1.871924e+01 1.444038e-03 1.086493e-01 2.262541e-04 8.432976e-02 1.353599e-04 5.764279e-03 6.527820e-01 9.454499e-04 1.455866e-01 1.061635e-04 3.081142e-05 
2.351667e-01 3.116189e-03 5.628575e+03 1.753570e-05 1.889455e+04 -1.968559e+01 1.761964e-03 1.044376e-01 9.319001e-05 8.393263e-02 3.308874e-04 5.374362e-03 6.585960e-01 1.112690e-03 1.441355e-01 1.106469e-04 1.145501e-04 
2.383434e-01 3.114288e-03 5.574252e+03 1.757142e-05 1.889317e+04 8.043022e+00 1.388793e-03 1.057882e-01 1.629630e-04 8.412957e-02 2.379578e-04 5.656546e-03 6.554901e-01 8.177471e-04 1.461580e-01 6.182231e-05 1.083024e-04 
2.415202e-01 3.113070e-03 5.520956e+03 1.758262e-05 1.891502e+04 -1.362966e+01 1.309829e-03 1.046804e-01 3.197528e-04 8.446298e-02 1.676006e-04 5.721190e-03 6.571998e-01 6.801177e-04 1.453159e-01 9.179186e-05 5.056496e-05 
2.446970e-01 3.110153e-03 5.477717e+03 1.762325e-05 1.891718e+04 -2.319585e+01 1.329500e-03 1.040631e-01 1.784953e-04 8.221600e-02 2.754025e-04 5.394133e-03 6.585122e-01 7.017713e-04 1.471556e-01 1.195761e-04 5.425364e-05 
2.478737e-01 3.107603e-03 5.411745e+03 1.764024e-05 1.893008e+04 -1.683804e+01 1.434658e-03 1.029797e-01 2.063114e-04 8.127001e-02 2.158888e-04 6.246972e-03 6.641245e-01 8.177000e-04 1.425095e-01 1.382986e-04 5.645772e-05 
2.510505e-01 3.105352e-03 5.370252e+03 1.746863e-05 1.892379e+04 -1.631684e+01 1.525480e-03 1.046175e-01 1.259542e-04 8.202873e-02 3.435183e-04 5.256987e-03 6.588110e-01 8.750718e-04 1.462348e-01 7.950449e-05 1.014309e-04 
2.542273e-01 3.104132e-03 5.390155e+03 1.756823e-05 1.893929e+04 4.513172e+00 1.429744e-03 1.052630e-01 2.955257e-04 8.029710e-02 2.280834e-04 5.945160e-03 6.555477e-01 7.396482e-04 1.500876e-01 1.074191e-04 5.906945e-05 
2.574040e-01 3.103584e-03 5.303643e+03 1.763291e-05 1.895528e+04 -3.562130e+00 1.378885e-03 1.008583e-01 1.368775e-04 8.170136e-02 2.171619e-04 5.714360e-03 6.613715e-01 8.765299e-04 1.475967e-01 6.773702e-05 8.057921e-05 
2.605808e-01 3.103134e-03 5.252642e+03 1.743482e-05 1.895637e+04 -1.112521e+00 1.300957e-03 1.018512e-01 1.833357e-04 8.278801e-02 2.348375e-04 5.742872e-03 6.624191e-01 6.888128e-04 1.445969e-01 4.174864e-05 1.522215e-04 
2.637576e-01 3.102938e-03 5.173997e+03 1.747349e-05 1.895852e+04 3.107272e+00 1.312191e-03 1.031224e-01 2.134554e-04 8.218675e-02 3.271585e-04 5.573718e-03 6.596558e-01 6.494909e-04 1.468369e-01 1.100936e-04 1.199175e-05 
2.669343e-01 3.102608e-03 5.157180e+03 1.740862e-05 1.895250e+04 -1.005291e+01 1.164519e-03 9.911707e-02 1.021167e-04 8.207118e-02 2.945415e-04 6.132095e-03 6.632159e-01 6.520455e-04 1.471347e-01 6.909029e-05 4.672619e-05 
2.701111e-01 3.102115e-03 5.136707e+03 1.748548e-05 1.897810e+04 8.738381e+00 1.185411e-03 9.868630e-02 1.126892e-04 7.862773e-02 4.513322e-04 6.316504e-03 6.681394e-01 4.516011e-04 1.458592e-01 9.574958e-05 7.403766e-05 
2.732879e-01 3.102337e-03 5.060017e+03 1.752536e-05 1.896915e+04 5.672756e+00 1.281829e-03 9.419121e-02 2.542611e-04 8.020100e-02 3.367067e-04 6.010610e-03 6.669120e-01 6.325694e-04 1.501215e-01 2.877917e-05 2.951298e-05 
2.764646e-01 3.102374e-03 5.038093e+03 1.753733e-05 1.899439e+04 -8.150939e-01 1.087988e-03 9.680191e-02 2.085985e-04 7.828311e-02 1.949011e-04 6.827901e-03 6.694045e-01 5.153575e-04 1.465066e-01 6.682656e-05 1.023039e-04 
2.796414e-01 3.102096e-03 4.990974e+03 1.759421e-05 1.899421e+04 -6.920033e+00 1.094727e-03 9.513354e-02 6.593781e-05 8.132191e-02 2.445755e-04 5.990895e-03 6.634443e-01 6.714728e-04 1.519199e-01 3.508839e-05 7.765229e-05 
2.828182e-01 3.101872e-03 4.929845e+03 1.753292e-05 1.899669e+04 -5.317171e+00 1.459455e-03 9.970423e-02 2.865787e-04 7.948688e-02 2.510305e-04 6.836553e-03 6.639982e-01 6.178530e-04 1.470552e-01 1.327811e-04 1.712095e-04 
2.859949e-01 3.101665e-03 4.909368e+03 1.748332e-05 1.900663e+04 1.901656e+00 1.381209e-03 9.365693e-02 2.755091e-04 7.920766e-02 2.020299e-04 6.801959e-03 6.707477e-01 6.899461e-04 1.468234e-01 1.287264e-04 8.499571e-05 
2.891717e-01 3.100949e-03 4.880421e+03 1.738641e-05 1.901073e+04 6.146670e+00 1.233256e-03 9.497564e-02 8.861505e-05 7.864582e-02 1.717952e-04 5.851965e-03 6.701965e-01 4.366063e-04 1.478635e-01 3.866846e-04 1.495536e-04 
2.923485e-01 3.100450e-03 4.889592e+03 1.759190e-05 1.902170e+04 -8.285673e+00 1.342163e-03 9.619575e-02 1.173333e-04 7.798025e-02 2.165580e-04 7.276499e-03 6.635111e-01 9.443515e-04 1.523520e-01 2.984460e-05 3.407390e-05 
2.955253e-01 3.099510e-03 4.856695e+03 1.759541e-05 1.902580e+04 -2.027932e+00 1.148071e-03 9.509549e-02 7.345519e-05 7.341815e-02 2.498057e-04 5.937589e-03 6.717327e-01 7.201519e-04 1.515199e-01 5.087625e-05 5.378322e-05 
2.987020e-01 3.099840e-03 4.796601e+03 1.742722e-05 1.901788e+04 -6.933574e-01 1.519741e-03 9.430630e-02 1.965838e-04 7.694300e-02 4.055769e-04 6.896798e-03 6.680703e-01 8.088340e-04 1.507441e-01 3.731673e-05 7.143028e-05 
3.018788e-01 3.100089e-03 4.768694e+03 1.745435e-05 1.904136e+04 -5.553293e+00 1.161682e-03 9.165061e-02 1.212100e-04 7.731497e-02 1.963293e-04 6.688564e-03 6.688142e-01 7.358169e-04 1.532083e-01 6.263032e-05 4.569585e-05 
3.050556e-01 3.100597e-03 4.758045e+03 1.745889e-05 1.904654e+04 1.239890e+01 1.671499e-03 9.299556e-02 1.668867e-04 7.689054e-02 2.831516e-04 6.473316e-03 6.669947e-01 9.953586e-04 1.533029e-01 1.250170e-04 1.010853e-04 
3.082323e-01 3.101407e-03 4.706838e+03 1.722525e-05 1.904001e+04 1.174307e+01 1.271200e-03 9.027283e-02 1.478732e-04 7.847943e-02 8.436317e-05 7.469496e-03 6.716041e-01 8.968883e-04 1.496318e-01 1.050843e-04 3.699049e-05 
3.114091e-01 3.103145e-03 4.660700e+03 1.746024e-05 1.905980e+04 1.164422e+01 1.594731e-03 9.083384e-02 1.931365e-04 7.764226e-02 2.951840e-04 5.981373e-03 6.649834e-01 8.407358e-04 1.573697e-01 1.815647e-04 8.411027e-05 
3.145859e-01 3.105807e-03 4.636389e+03 1.730575e-05 1.906425e+04 1.858923e+01 1.345369e-03 9.109689e-02 1.888867e-04 7.707873e-02 1.906834e-04 6.490935e-03 6.689825e-01 7.343045e-04 1.536602e-01 1.386241e-04 9.287108e-05 
3.177626e-01 3.107961e-03 4.611637e+03 1.722255e-05 1.905485e+04 1.143633e+01 1.353882e-03 9.000645e-02 1.260763e-04 7.680808e-02 3.375740e-04 6.084040e-03 6.696838e-01 8.516831e-04 1.547099e-01 5.125906e-06 3.342211e-05 
3.209394e-01 3.110245e-03 4.604963e+03 1.737255e-05 1.906255e+04 1.011261e+01 1.343541e-03 8.955789e-02 1.560978e-04 7.910740e-02 2.871910e-04 6.604158e-03 6.716927e-01 7.270219e-04 1.503508e-01 8.382126e-05 8.940677e-05 
3.241162e-01 3.111180e-03 4.604858e+03 1.723269e-05 1.907436e+04 3.797269e+00 1.131208e-03 8.845494e-02 1.837383e-04 7.873725e-02 2.107975e-04 7.050100e-03 6.713216e-01 6.181450e-04 1.521737e-01 8.837244e-05 3.015427e-05 
3.272929e-01 3.112784e-03 4.538228e+03 1.736474e-05 1.907588e+04 1.118462e+01 1.536230e-03 8.836177e-02 3.369271e-04 7.428815e-02 3.053810e-04 6.756308e-03 6.768360e-01 7.743039e-04 1.506853e-01 4.993253e-05 6.968552e-05 
3.304697e-01 3.114680e-03 4.489406e+03 1.722530e-05 1.907495e+04 9.712785e+00 1.433920e-03 8.999222e-02 1.127088e-04 7.595489e-02 2.463042e-04 6.417035e-03 6.711418e-01 9.067993e-04 1.536262e-01 1.041565e-04 6.394767e-05 
3.336465e-01 3.116739e-03 4.461854e+03 1.721496e-05 1.909478e+04 1.090066e+01 1.174819e-03 8.670104e-02 2.115714e-04 7.619338e-02 2.562281e-04 6.798577e-03 6.775705e-01 5.081745e-04 1.503869e-01 1.645107e-04 3.433447e-05 
3.368232e-01 3.118634e-03 4.450940e+03 1.724887e-05 1.908774e+04 7.014822e+00 1.652793e-03 8.603552e-02 1.980432e-04 7.293578e-02 1.882116e-04 7.077228e-03 6.780005e-01 1.048209e-03 1.526454e-01 1.171872e-04 1.011358e-04 
3.400000e-01 3.119983e-03 4.434041e+03 1.719693e-05 1.909920e+04 8.835228e+00 1.240463e-03 8.542619e-02 1.557307e-04 7.428333e-02 3.616619e-04 7.642623e-03 6.758592e-01 5.985750e-04 1.543077e-01 7.933444e-05 4.516141e-05 
