2.550000e-02 1.267272e-02 1.222282e+04 6.368052e-05 1.878788e+04 9.562726e+02 1.262856e-03 1.008412e-01 1.591870e-04 6.637384e-02 1.712374e-04 1.323956e-03 6.724802e-01 8.095405e-04 1.564552e-01 5.747360e-05 6.542032e-05 
2.867677e-02 1.282878e-02 1.139809e+04 6.194838e-05 1.883021e+04 8.970261e+02 1.189354e-03 9.890062e-02 1.622727e-04 6.710558e-02 1.774089e-04 1.323830e-03 6.741118e-01 7.228777e-04 1.561795e-01 7.985321e-05 4.694469e-05 
3.185354e-02 1.297510e-02 1.071435e+04 6.020152e-05 1.887460e+04 8.454528e+02 1.194777e-03 9.598042e-02 1.344007e-04 6.633560e-02 1.997053e-04 1.483628e-03 6.759664e-01 7.016650e-04 1.578444e-01 5.943714e-05 9.956924e-05 
3.503030e-02 1.311313e-02 1.013932e+04 5.888706e-05 1.890622e+04 7.981259e+02 1.255842e-03 9.321131e-02 1.347535e-04 6.660055e-02 2.025953e-04 1.586913e-03 6.771860e-01 7.428650e-04 1.589036e-01 7.908887e-05 9.653708e-05 
3.820707e-02 1.324417e-02 9.658412e+03 5.755522e-05 1.893489e+04 7.659611e+02 1.194020e-03 9.192158e-02 8.636528e-05 6.459573e-02 2.137497e-04 1.711082e-03 6.786238e-01 7.706628e-04 1.607597e-01 5.667345e-05 6.656917e-05 
4.138384e-02 1.336921e-02 9.240547e+03 5.596366e-05 1.895794e+04 7.295708e+02 1.164173e-03 9.076453e-02 1.076320e-04 6.375222e-02 2.224497e-04 1.935051e-03 6.799797e-01 7.023501e-04 1.612401e-01 7.404786e-05 5.769491e-05 
4.456061e-02 1.348854e-02 8.851846e+03 5.527369e-05 1.898118e+04 6.959841e+02 1.212050e-03 8.940338e-02 1.026699e-04 6.454754e-02 2.494759e-04 1.924939e-03 6.821319e-01 6.959087e-04 1.595681e-01 8.350561e-05 8.048835e-05 
4.773737e-02 1.360369e-02 8.569148e+03 5.406864e-05 1.899779e+04 6.749304e+02 1.190440e-03 8.950329e-02 1.042180e-04 6.452859e-02 1.713956e-04 2.047338e-03 6.808553e-01 7.434240e-04 1.606846e-01 5.614290e-05 1.152596e-04 
5.091414e-02 1.371412e-02 8.270135e+03 5.294295e-05 1.900708e+04 6.408851e+02 1.114121e-03 8.605867e-02 1.357780e-04 6.336911e-02 1.777593e-04 1.957343e-03 6.860456e-01 6.168871e-04 1.603411e-01 1.083669e-04 7.532921e-05 
5.409091e-02 1.382050e-02 7.996867e+03 5.162548e-05 1.902542e+04 6.244616e+02 1.086377e-03 8.597273e-02 1.229402e-04 6.425333e-02 1.852753e-04 2.287621e-03 6.842673e-01 6.271072e-04 1.610462e-01 5.579690e-05 9.525870e-05 
5.726768e-02 1.392284e-02 7.753095e+03 5.079676e-05 1.903942e+04 6.021653e+02 1.210379e-03 8.524109e-02 1.561822e-04 6.347828e-02 1.851238e-04 1.999646e-03 6.848170e-01 7.128428e-04 1.620433e-01 6.704925e-05 8.918130e-05 
6.044444e-02 1.402137e-02 7.582798e+03 4.971118e-05 1.905186e+04 5.836944e+02 9.864443e-04 8.342009e-02 1.651980e-04 6.391199e-02 1.343195e-04 2.361068e-03 6.856160e-01 5.356481e-04 1.627180e-01 6.383492e-05 8.744034e-05 
6.362121e-02 1.411712e-02 7.350612e+03 4.910979e-05 1.906932e+04 5.665350e+02 1.051954e-03 8.385019e-02 1.271937e-04 6.249070e-02 1.734328e-04 2.343858e-03 6.866939e-01 6.195099e-04 1.625174e-01 6.846027e-05 6.335914e-05 
6.679798e-02 1.420989e-02 7.148068e+03 4.793811e-05 1.908199e+04 5.426230e+02 1.207507e-03 8.310926e-02 1.193504e-04 6.309767e-02 2.226104e-04 2.423174e-03 6.860594e-01 7.090796e-04 1.628955e-01 4.627958e-05 1.101852e-04 
6.997475e-02 1.429954e-02 6.984494e+03 4.735906e-05 1.908912e+04 5.336936e+02 1.124822e-03 8.279136e-02 6.884953e-05 6.298073e-02 2.324110e-04 2.425778e-03 6.882764e-01 6.656597e-04 1.612761e-01 7.460651e-05 8.329396e-05 
7.315152e-02 1.438620e-02 6.872157e+03 4.635269e-05 1.909308e+04 5.163264e+02 1.042315e-03 8.124215e-02 1.143398e-04 6.286851e-02 2.044134e-04 2.730064e-03 6.880794e-01 5.630836e-04 1.629952e-01 9.493367e-05 6.554491e-05 
7.632828e-02 1.447058e-02 6.706874e+03 4.550551e-05 1.910774e+04 4.988454e+02 1.021372e-03 8.148524e-02 1.116065e-04 6.232992e-02 1.925085e-04 2.808786e-03 6.882154e-01 5.594945e-04 1.631179e-01 3.856307e-05 1.191982e-04 
7.950505e-02 1.455297e-02 6.577790e+03 4.490214e-05 1.911379e+04 4.903871e+02 1.116789e-03 7.967338e-02 1.155613e-04 6.236950e-02 2.310679e-04 2.925050e-03 6.895115e-01 6.350461e-04 1.632870e-01 6.664230e-05 6.846845e-05 
8.268182e-02 1.463272e-02 6.433813e+03 4.411359e-05 1.912974e+04 4.679918e+02 9.437906e-04 8.122505e-02 8.691498e-05 6.233095e-02 1.839637e-04 2.795150e-03 6.894921e-01 5.384506e-04 1.622691e-01 7.878650e-05 5.567415e-05 
8.585859e-02 1.471005e-02 6.338251e+03 4.342127e-05 1.912861e+04 4.636566e+02 1.110810e-03 7.947961e-02 1.338756e-04 6.131144e-02 1.653555e-04 2.572030e-03 6.918734e-01 6.415388e-04 1.625418e-01 7.683925e-05 9.319994e-05 
8.903535e-02 1.478582e-02 6.215182e+03 4.276604e-05 1.913602e+04 4.464927e+02 9.048137e-04 7.984365e-02 1.175533e-04 6.101951e-02 1.801116e-04 3.130020e-03 6.900714e-01 5.153403e-04 1.641258e-01 6.649236e-05 2.531598e-05 
9.221212e-02 1.485895e-02 6.121860e+03 4.196449e-05 1.915199e+04 4.373679e+02 9.379860e-04 7.854700e-02 7.631044e-05 6.113768e-02 1.667638e-04 2.841884e-03 6.909390e-01 5.560028e-04 1.646584e-01 4.990759e-05 8.900310e-05 
9.538889e-02 1.493005e-02 6.031033e+03 4.151525e-05 1.915219e+04 4.188530e+02 9.704001e-04 7.907933e-02 1.051222e-04 6.157669e-02 1.974399e-04 3.138626e-03 6.900709e-01 5.299493e-04 1.641936e-01 8.532847e-05 5.256117e-05 
9.856566e-02 1.499961e-02 5.911520e+03 4.098333e-05 1.916026e+04 4.147288e+02 9.407207e-04 7.858136e-02 1.592018e-04 6.010668e-02 1.483356e-04 3.130813e-03 6.915554e-01 4.818320e-04 1.647443e-01 9.232203e-05 5.902753e-05 
1.017424e-01 1.506784e-02 5.847473e+03 4.017881e-05 1.916891e+04 4.033425e+02 1.013120e-03 7.828874e-02 1.115313e-04 6.102260e-02 1.735186e-04 3.307659e-03 6.902339e-01 6.056647e-04 1.651209e-01 5.254670e-05 6.985949e-05 
1.049192e-01 1.513403e-02 5.761162e+03 4.002410e-05 1.916209e+04 3.942658e+02 1.101260e-03 7.814450e-02 1.105928e-04 5.998802e-02 1.827268e-04 3.315869e-03 6.909426e-01 6.301437e-04 1.654065e-01 7.621773e-05 1.015812e-04 
1.080960e-01 1.519838e-02 5.720665e+03 3.913478e-05 1.917097e+04 3.837541e+02 9.987920e-04 7.693879e-02 1.640397e-04 6.159403e-02 1.522451e-04 3.297345e-03 6.922794e-01 5.387468e-04 1.638928e-01 7.305050e-05 7.071138e-05 
1.112727e-01 1.526166e-02 5.641959e+03 3.882962e-05 1.917486e+04 3.790525e+02 1.093777e-03 7.603469e-02 1.210592e-04 6.037649e-02 1.676402e-04 3.494731e-03 6.927696e-01 6.147799e-04 1.651369e-01 7.523034e-05 1.150667e-04 
1.144495e-01 1.532344e-02 5.538526e+03 3.824366e-05 1.919244e+04 3.740394e+02 1.005157e-03 7.679465e-02 1.228383e-04 6.148341e-02 1.774385e-04 3.478542e-03 6.915434e-01 5.865264e-04 1.646897e-01 4.115553e-05 7.719719e-05 
1.176263e-01 1.538390e-02 5.492940e+03 3.771186e-05 1.918890e+04 3.631127e+02 1.046200e-03 7.558183e-02 7.925565e-05 6.073919e-02 2.157990e-04 3.451555e-03 6.933780e-01 6.271971e-04 1.647570e-01 5.584999e-05 6.809826e-05 
1.208030e-01 1.544372e-02 5.408842e+03 3.739782e-05 1.919345e+04 3.597227e+02 9.733341e-04 7.598145e-02 1.470516e-04 6.051646e-02 1.659294e-04 3.764224e-03 6.930907e-01 5.099972e-04 1.647005e-01 7.050237e-05 7.985357e-05 
1.239798e-01 1.550226e-02 5.355916e+03 3.684917e-05 1.919380e+04 3.475812e+02 9.163551e-04 7.433575e-02 9.978799e-05 6.093860e-02 1.777513e-04 3.720440e-03 6.936243e-01 4.912753e-04 1.655482e-01 7.393812e-05 7.360211e-05 
1.271566e-01 1.555944e-02 5.312982e+03 3.660570e-05 1.920190e+04 3.404400e+02 8.942152e-04 7.584547e-02 6.010574e-05 5.907982e-02 1.254543e-04 3.781421e-03 6.936740e-01 5.421890e-04 1.658309e-01 8.440231e-05 8.206375e-05 
1.303333e-01 1.561513e-02 5.246551e+03 3.614036e-05 1.920375e+04 3.323332e+02 9.277936e-04 7.599134e-02 8.466609e-05 5.969845e-02 1.792878e-04 3.762892e-03 6.937620e-01 5.688978e-04 1.649297e-01 2.932842e-05 6.561331e-05 
1.335101e-01 1.566959e-02 5.190933e+03 3.572285e-05 1.921017e+04 3.236613e+02 9.803418e-04 7.549553e-02 9.415136e-05 6.001942e-02 2.142342e-04 3.986477e-03 6.941242e-01 5.828453e-04 1.644137e-01 4.489019e-05 4.422192e-05 
1.366869e-01 1.572313e-02 5.116482e+03 3.516857e-05 1.921123e+04 3.213161e+02 1.013470e-03 7.414428e-02 9.146920e-05 5.925069e-02 1.739238e-04 4.015695e-03 6.934113e-01 6.375330e-04 1.671511e-01 3.755057e-05 7.299195e-05 
1.398636e-01 1.577556e-02 5.089909e+03 3.486731e-05 1.921721e+04 3.159072e+02 8.325197e-04 7.511746e-02 1.042506e-04 5.995528e-02 1.552758e-04 3.963577e-03 6.935882e-01 4.726946e-04 1.657105e-01 4.091235e-05 5.938559e-05 
1.430404e-01 1.582651e-02 5.045657e+03 3.442740e-05 1.922517e+04 3.055705e+02 1.012285e-03 7.355323e-02 1.745114e-04 5.995384e-02 1.494762e-04 3.906831e-03 6.951373e-01 5.638777e-04 1.654242e-01 7.696606e-05 4.745400e-05 
1.462172e-01 1.587652e-02 4.980800e+03 3.414885e-05 1.922710e+04 2.989710e+02 9.345283e-04 7.380987e-02 1.750541e-04 5.866405e-02 1.823240e-04 4.029826e-03 6.946276e-01 4.790571e-04 1.669996e-01 4.619792e-05 5.189415e-05 
1.493939e-01 1.592581e-02 4.938607e+03 3.366892e-05 1.922814e+04 2.893064e+02 9.936604e-04 7.341517e-02 1.013706e-04 5.980351e-02 1.911695e-04 3.944060e-03 6.946907e-01 6.002745e-04 1.661592e-01 5.914596e-05 4.170080e-05 
1.525707e-01 1.597421e-02 4.912481e+03 3.338429e-05 1.923291e+04 2.942381e+02 9.927781e-04 7.405927e-02 5.320225e-05 6.010949e-02 2.421733e-04 4.525107e-03 6.947165e-01 5.570448e-04 1.646041e-01 6.636270e-05 7.399418e-05 
1.557475e-01 1.602149e-02 4.858885e+03 3.329088e-05 1.923263e+04 2.820416e+02 8.278954e-04 7.207124e-02 1.213519e-04 6.022476e-02 1.327697e-04 4.059464e-03 6.963246e-01 4.534366e-04 1.656642e-01 5.285850e-05 6.747916e-05 
1.589242e-01 1.606822e-02 4.816059e+03 3.251055e-05 1.923126e+04 2.806716e+02 9.364147e-04 7.098359e-02 8.733222e-05 5.983229e-02 1.552989e-04 5.004631e-03 6.959115e-01 5.424335e-04 1.663952e-01 1.011130e-04 5.023692e-05 
1.621010e-01 1.611370e-02 4.771191e+03 3.239392e-05 1.923544e+04 2.706613e+02 1.091511e-03 7.178479e-02 1.052971e-04 5.901322e-02 1.545294e-04 4.361172e-03 6.981544e-01 7.094971e-04 1.645034e-01 6.637441e-05 5.581325e-05 
1.652778e-01 1.615835e-02 4.750861e+03 3.219141e-05 1.923644e+04 2.721935e+02 9.421426e-04 7.157195e-02 8.312213e-05 5.877849e-02 9.925658e-05 4.277091e-03 6.975949e-01 6.429933e-04 1.658933e-01 3.846938e-05 7.830075e-05 
1.684545e-01 1.620243e-02 4.710826e+03 3.183133e-05 1.924290e+04 2.646654e+02 9.812214e-04 7.147053e-02 1.154144e-04 5.883840e-02 1.150355e-04 4.506396e-03 6.996163e-01 6.239101e-04 1.636060e-01 5.234852e-05 7.451360e-05 
1.716313e-01 1.624593e-02 4.669320e+03 3.164832e-05 1.925156e+04 2.598605e+02 8.079481e-04 7.059640e-02 1.488472e-04 5.782065e-02 1.047022e-04 4.380917e-03 6.991957e-01 4.636837e-04 1.663904e-01 3.645612e-05 5.425805e-05 
1.748081e-01 1.628882e-02 4.651570e+03 3.168651e-05 1.925259e+04 2.552197e+02 1.041543e-03 6.931720e-02 1.330506e-04 5.967883e-02 1.253858e-04 4.191492e-03 7.007789e-01 6.369693e-04 1.639505e-01 3.232700e-05 1.138114e-04 
1.779848e-01 1.633111e-02 4.590125e+03 3.106818e-05 1.925856e+04 2.546892e+02 9.231405e-04 7.149131e-02 1.051337e-04 5.884953e-02 2.048327e-04 4.371119e-03 6.984590e-01 4.593191e-04 1.649828e-01 9.661920e-05 5.723611e-05 
1.811616e-01 1.637241e-02 4.575088e+03 3.091925e-05 1.925759e+04 2.518477e+02 8.825914e-04 7.006106e-02 6.365655e-05 5.959034e-02 1.351367e-04 4.591477e-03 6.994386e-01 5.807645e-04 1.645533e-01 3.588939e-05 6.714448e-05 
1.843384e-01 1.641328e-02 4.547493e+03 3.029773e-05 1.926418e+04 2.461610e+02 1.017772e-03 6.965551e-02 7.508260e-05 6.037374e-02 1.565552e-04 4.554151e-03 6.992372e-01 6.084041e-04 1.641439e-01 7.919051e-05 9.854008e-05 
1.875152e-01 1.645360e-02 4.523484e+03 3.045839e-05 1.926807e+04 2.457677e+02 8.283194e-04 6.985400e-02 7.545647e-05 5.965522e-02 1.136135e-04 4.806566e-03 6.987607e-01 5.360849e-04 1.652669e-01 6.641082e-05 3.675378e-05 
1.906919e-01 1.649336e-02 4.466736e+03 2.981501e-05 1.926253e+04 2.362632e+02 8.894891e-04 6.995988e-02 8.521653e-05 5.936327e-02 1.319668e-04 4.824658e-03 7.006004e-01 5.484314e-04 1.634728e-01 4.824053e-05 7.563406e-05 
1.938687e-01 1.653212e-02 4.451315e+03 2.963231e-05 1.926897e+04 2.349751e+02 1.019559e-03 7.062191e-02 1.196939e-04 5.922385e-02 1.965455e-04 4.788010e-03 7.006509e-01 5.827488e-04 1.626762e-01 6.440887e-05 5.616038e-05 
1.970455e-01 1.657047e-02 4.430985e+03 2.960270e-05 1.928195e+04 2.340587e+02 9.093942e-04 6.875538e-02 1.173427e-04 5.889853e-02 1.592428e-04 5.081849e-03 7.008112e-01 5.221590e-04 1.646342e-01 4.475077e-05 6.589918e-05 
2.002222e-01 1.660847e-02 4.387292e+03 2.935197e-05 1.926967e+04 2.254484e+02 9.925269e-04 7.005267e-02 1.095156e-04 5.837408e-02 2.031924e-04 4.980492e-03 7.001326e-01 5.718336e-04 1.644751e-01 5.266697e-05 5.531793e-05 
2.033990e-01 1.664562e-02 4.372163e+03 2.900791e-05 1.927385e+04 2.204964e+02 7.228540e-04 6.935038e-02 7.113231e-05 5.813347e-02 6.703408e-05 5.308403e-03 6.993389e-01 4.824046e-04 1.664231e-01 7.320146e-05 2.908220e-05 
2.065758e-01 1.668194e-02 4.333962e+03 2.892924e-05 1.927674e+04 2.154948e+02 9.322745e-04 6.865806e-02 1.045612e-04 5.777297e-02 1.691298e-04 4.934506e-03 7.013689e-01 5.627483e-04 1.654010e-01 3.640442e-05 5.943018e-05 
2.097525e-01 1.671816e-02 4.316570e+03 2.862144e-05 1.928417e+04 2.135813e+02 1.008283e-03 6.793229e-02 1.639945e-04 5.839941e-02 2.270450e-04 4.930309e-03 7.018733e-01 5.314596e-04 1.648481e-01 3.597911e-05 4.980421e-05 
2.129293e-01 1.675388e-02 4.265116e+03 2.858956e-05 1.928766e+04 2.120705e+02 9.038913e-04 6.900792e-02 1.261612e-04 5.923450e-02 1.206505e-04 4.833736e-03 6.994046e-01 5.785822e-04 1.657114e-01 3.580647e-05 4.268975e-05 
2.161061e-01 1.678920e-02 4.268492e+03 2.805708e-05 1.927781e+04 2.076601e+02 6.989020e-04 6.846728e-02 9.039526e-05 5.941440e-02 1.615833e-04 5.123361e-03 6.992224e-01 3.834380e-04 1.663747e-01 3.774685e-05 2.573732e-05 
2.192828e-01 1.682403e-02 4.243252e+03 2.812782e-05 1.929115e+04 2.135496e+02 8.834712e-04 6.834813e-02 1.185397e-04 5.867504e-02 1.398162e-04 5.122957e-03 7.009585e-01 5.130758e-04 1.651285e-01 7.115738e-05 4.088193e-05 
2.224596e-01 1.685864e-02 4.214413e+03 2.793349e-05 1.929477e+04 2.081349e+02 7.961148e-04 6.741873e-02 1.295938e-04 5.872371e-02 7.246639e-05 5.192680e-03 6.996854e-01 4.574800e-04 1.673873e-01 4.510201e-05 9.147288e-05 
2.256364e-01 1.689307e-02 4.186640e+03 2.764436e-05 1.929680e+04 2.123225e+02 9.386464e-04 6.705827e-02 9.364316e-05 5.784404e-02 1.315894e-04 5.329665e-03 7.025079e-01 5.949120e-04 1.653829e-01 6.506393e-05 5.343918e-05 
2.288131e-01 1.692721e-02 4.184230e+03 2.758564e-05 1.929497e+04 2.065823e+02 7.976692e-04 6.794149e-02 9.647221e-05 5.824851e-02 1.167573e-04 5.036590e-03 7.030491e-01 4.918116e-04 1.641290e-01 2.698087e-05 6.564731e-05 
2.319899e-01 1.696066e-02 4.158557e+03 2.731486e-05 1.929489e+04 2.051290e+02 8.470950e-04 6.533143e-02 1.202619e-04 5.849291e-02 1.190372e-04 5.334886e-03 7.032075e-01 5.434730e-04 1.659391e-01 3.886203e-05 2.546168e-05 
2.351667e-01 1.699332e-02 4.132441e+03 2.711074e-05 1.930455e+04 1.965361e+02 7.087102e-04 6.697749e-02 5.207263e-05 5.799679e-02 1.288233e-04 4.895336e-03 7.055885e-01 4.225770e-04 1.631245e-01 7.752011e-05 2.771640e-05 
2.383434e-01 1.702577e-02 4.094861e+03 2.687668e-05 1.930153e+04 1.944676e+02 9.057426e-04 6.648856e-02 1.732108e-04 5.829820e-02 2.115158e-04 5.504010e-03 7.034970e-01 4.510792e-04 1.644007e-01 1.539083e-05 5.454457e-05 
2.415202e-01 1.705727e-02 4.075348e+03 2.693381e-05 1.930624e+04 1.887212e+02 8.153605e-04 6.560943e-02 1.673557e-04 5.839475e-02 1.037075e-04 5.255162e-03 7.035929e-01 4.806787e-04 1.655170e-01 3.865577e-05 2.496358e-05 
2.446970e-01 1.708867e-02 4.054841e+03 2.664773e-05 1.930365e+04 1.985696e+02 7.794656e-04 6.642744e-02 5.907120e-05 5.824702e-02 1.409987e-04 5.615229e-03 7.025332e-01 5.211229e-04 1.656181e-01 2.025004e-05 3.802370e-05 
2.478737e-01 1.711994e-02 4.034114e+03 2.661323e-05 1.931033e+04 1.885198e+02 8.424589e-04 6.596135e-02 1.284650e-04 5.830281e-02 1.446897e-04 5.396301e-03 7.035099e-01 4.505238e-04 1.651447e-01 5.277443e-05 6.600600e-05 
2.510505e-01 1.715113e-02 4.003077e+03 2.643067e-05 1.931217e+04 1.861790e+02 6.852059e-04 6.612266e-02 8.099023e-05 5.841771e-02 1.143820e-04 5.448726e-03 7.032997e-01 4.463458e-04 1.653408e-01 1.568725e-05 2.780088e-05 
2.542273e-01 1.718159e-02 3.973262e+03 2.620025e-05 1.930808e+04 1.808896e+02 7.834564e-04 6.588859e-02 1.126247e-04 5.844538e-02 9.554805e-05 5.567486e-03 7.040883e-01 4.590780e-04 1.644433e-01 7.905649e-05 3.714845e-05 
2.574040e-01 1.721131e-02 3.956367e+03 2.627811e-05 1.931503e+04 1.811049e+02 6.884210e-04 6.339973e-02 4.456651e-05 5.772436e-02 1.278512e-04 5.772794e-03 7.058750e-01 4.339256e-04 1.658513e-01 5.295349e-05 2.912364e-05 
2.605808e-01 1.724093e-02 3.958258e+03 2.590316e-05 1.931571e+04 1.804001e+02 6.861270e-04 6.644066e-02 1.057491e-04 5.751319e-02 7.957685e-05 5.711735e-03 7.056472e-01 4.193171e-04 1.633150e-01 6.306497e-05 1.842062e-05 
2.637576e-01 1.727044e-02 3.914683e+03 2.571016e-05 1.931730e+04 1.767013e+02 8.933411e-04 6.379736e-02 8.354194e-05 5.745706e-02 1.248756e-04 5.728184e-03 7.064505e-01 5.935744e-04 1.647802e-01 5.825284e-05 3.309649e-05 
2.669343e-01 1.729976e-02 3.922002e+03 2.563128e-05 1.931251e+04 1.736932e+02 6.748191e-04 6.416837e-02 1.295591e-04 5.791397e-02 7.994064e-05 5.901135e-03 7.060469e-01 3.696769e-04 1.646200e-01 3.948992e-05 5.615241e-05 
2.701111e-01 1.732888e-02 3.905115e+03 2.546209e-05 1.932389e+04 1.754510e+02 9.387791e-04 6.422185e-02 1.054748e-04 5.757167e-02 1.264790e-04 6.310330e-03 7.040473e-01 5.707285e-04 1.659713e-01 8.408775e-05 5.200916e-05 
2.732879e-01 1.735790e-02 3.886735e+03 2.524811e-05 1.932924e+04 1.746462e+02 8.595875e-04 6.329455e-02 1.217187e-04 5.868340e-02 1.590226e-04 6.001012e-03 7.059431e-01 4.754218e-04 1.643587e-01 4.187093e-05 6.155315e-05 
2.764646e-01 1.738651e-02 3.874359e+03 2.532903e-05 1.933272e+04 1.735026e+02 7.460420e-04 6.480209e-02 5.749272e-05 5.744180e-02 9.164248e-05 6.142333e-03 7.060919e-01 5.067038e-04 1.640298e-01 3.475969e-05 5.544362e-05 
2.796414e-01 1.741466e-02 3.851367e+03 2.502836e-05 1.932844e+04 1.679865e+02 7.869213e-04 6.264905e-02 8.252427e-05 5.914306e-02 1.222142e-04 5.990706e-03 7.050046e-01 3.849013e-04 1.656388e-01 1.367670e-04 6.051415e-05 
2.828182e-01 1.744265e-02 3.821616e+03 2.495033e-05 1.932607e+04 1.732352e+02 6.763880e-04 6.251855e-02 9.150873e-05 5.647492e-02 1.644438e-04 6.348523e-03 7.056281e-01 3.049313e-04 1.676772e-01 4.692624e-05 6.857774e-05 
2.859949e-01 1.747067e-02 3.825717e+03 2.482193e-05 1.932859e+04 1.688935e+02 6.947108e-04 6.368309e-02 5.728950e-05 5.672085e-02 1.084512e-04 6.273971e-03 7.068426e-01 4.354472e-04 1.650900e-01 3.190410e-05 6.161942e-05 
2.891717e-01 1.749851e-02 3.792403e+03 2.475777e-05 1.932889e+04 1.693838e+02 7.707704e-04 6.224172e-02 1.363754e-04 5.743080e-02 1.369948e-04 5.839647e-03 7.046433e-01 3.630199e-04 1.683030e-01 5.125985e-05 8.311932e-05 
2.923485e-01 1.752586e-02 3.778647e+03 2.456990e-05 1.933844e+04 1.659961e+02 8.045402e-04 6.354843e-02 1.110428e-04 5.638951e-02 1.314037e-04 5.982719e-03 7.081023e-01 4.578625e-04 1.643680e-01 2.820140e-05 7.603004e-05 
2.955253e-01 1.755321e-02 3.774878e+03 2.440654e-05 1.934570e+04 1.665804e+02 8.956553e-04 6.191890e-02 1.385621e-04 5.742748e-02 1.148520e-04 5.755015e-03 7.042091e-01 5.306955e-04 1.688982e-01 5.146024e-05 6.008577e-05 
2.987020e-01 1.758016e-02 3.738792e+03 2.418165e-05 1.933662e+04 1.652298e+02 1.012296e-03 6.291586e-02 1.354178e-04 5.666849e-02 1.032421e-04 6.384437e-03 7.071909e-01 5.696126e-04 1.648157e-01 8.376020e-05 1.202639e-04 
3.018788e-01 1.760657e-02 3.739324e+03 2.441968e-05 1.933637e+04 1.561852e+02 8.022894e-04 6.190371e-02 1.178667e-04 5.677809e-02 1.371005e-04 6.176846e-03 7.056452e-01 4.754717e-04 1.678915e-01 2.424580e-05 4.760469e-05 
3.050556e-01 1.763326e-02 3.739053e+03 2.398155e-05 1.934196e+04 1.659824e+02 1.037754e-03 6.353160e-02 3.069864e-05 5.735476e-02 1.725503e-04 6.448628e-03 7.058646e-01 6.332935e-04 1.647250e-01 6.224768e-05 1.389637e-04 
3.082323e-01 1.765983e-02 3.689668e+03 2.408081e-05 1.934126e+04 1.649446e+02 7.315417e-04 6.124204e-02 1.053545e-04 5.732505e-02 1.227818e-04 6.019985e-03 7.054731e-01 4.397580e-04 1.684768e-01 4.229260e-05 2.135412e-05 
3.114091e-01 1.768591e-02 3.674359e+03 2.388962e-05 1.934038e+04 1.541252e+02 1.007174e-03 6.142493e-02 1.394546e-04 5.736580e-02 1.657330e-04 7.046847e-03 7.058298e-01 5.301734e-04 1.663183e-01 5.630928e-05 1.155034e-04 
3.145859e-01 1.771150e-02 3.659810e+03 2.384544e-05 1.934537e+04 1.541569e+02 8.531431e-04 6.139151e-02 1.412668e-04 5.617826e-02 1.261721e-04 6.536509e-03 7.078819e-01 5.224635e-04 1.663056e-01 4.622165e-05 1.701907e-05 
3.177626e-01 1.773705e-02 3.657411e+03 2.379515e-05 1.935175e+04 1.575839e+02 8.211724e-04 6.083034e-02 1.376183e-04 5.718379e-02 8.370947e-05 7.051963e-03 7.072570e-01 4.509833e-04 1.660346e-01 5.198069e-05 9.687962e-05 
3.209394e-01 1.776232e-02 3.619490e+03 2.362811e-05 1.934843e+04 1.518120e+02 9.467194e-04 6.225542e-02 1.023368e-04 5.608476e-02 1.698518e-04 6.319675e-03 7.084551e-01 5.493088e-04 1.649916e-01 4.844353e-05 7.677779e-05 
3.241162e-01 1.778724e-02 3.624029e+03 2.345199e-05 1.934887e+04 1.543662e+02 1.032005e-03 6.153488e-02 1.571087e-04 5.723713e-02 1.141159e-04 6.606905e-03 7.051155e-01 5.693502e-04 1.674415e-01 8.399414e-05 1.074366e-04 
3.272929e-01 1.781222e-02 3.622825e+03 2.337507e-05 1.935773e+04 1.517094e+02 7.974454e-04 6.220106e-02 5.076959e-05 5.749696e-02 1.026924e-04 6.545121e-03 7.057904e-01 4.147691e-04 1.663716e-01 1.059479e-04 1.232678e-04 
3.304697e-01 1.783650e-02 3.608754e+03 2.314761e-05 1.936248e+04 1.481192e+02 9.264218e-04 6.124344e-02 1.164535e-04 5.670613e-02 1.606942e-04 6.872859e-03 7.079954e-01 5.496791e-04 1.653293e-01 2.723728e-05 7.235753e-05 
3.336465e-01 1.786077e-02 3.593319e+03 2.317607e-05 1.935621e+04 1.485153e+02 7.449542e-04 6.130535e-02 9.009100e-05 5.656435e-02 6.690092e-05 6.722989e-03 7.100050e-01 3.966986e-04 1.639124e-01 9.675000e-05 9.451412e-05 
3.368232e-01 1.788466e-02 3.579207e+03 2.311774e-05 1.935846e+04 1.512861e+02 7.361854e-04 6.091070e-02 8.352666e-05 5.607544e-02 1.629486e-04 7.465762e-03 7.102284e-01 3.699042e-04 1.638474e-01 9.279195e-05 2.701333e-05 
3.400000e-01 1.790870e-02 3.564478e+03 2.296779e-05 1.936754e+04 1.462430e+02 9.743700e-04 6.056560e-02 1.560023e-04 5.609720e-02 1.299952e-04 6.657241e-03 7.082613e-01 5.197872e-04 1.664700e-01 8.024659e-05 8.833787e-05 
