2.550000e-02 1.787553e-02 9.862686e+03 6.587679e-05 1.934916e+04 8.677958e+02 4.717501e-04 5.443301e-02 6.743824e-05 3.688768e-02 8.827219e-05 5.735008e-04 7.294962e-01 2.404816e-04 1.776661e-01 4.164220e-05 3.391669e-05 
2.867677e-02 1.801922e-02 9.303941e+03 6.635245e-05 1.935707e+04 8.743671e+02 5.302881e-04 5.426723e-02 6.065199e-05 3.838439e-02 1.307885e-04 6.873010e-04 7.297705e-01 2.697539e-04 1.758300e-01 4.059031e-05 2.850358e-05 
3.185354e-02 1.816266e-02 8.832849e+03 6.639168e-05 1.936885e+04 8.725500e+02 5.369709e-04 5.353134e-02 9.573384e-05 3.981725e-02 1.145931e-04 7.702652e-04 7.273245e-01 2.502843e-04 1.774827e-01 4.464539e-05 3.171412e-05 
3.503030e-02 1.830506e-02 8.338169e+03 6.620690e-05 1.938300e+04 8.603393e+02 5.033897e-04 5.175025e-02 2.732554e-05 3.968860e-02 7.295412e-05 8.270286e-04 7.295756e-01 3.252268e-04 1.771517e-01 3.155160e-05 4.633169e-05 
3.820707e-02 1.844580e-02 7.978203e+03 6.616476e-05 1.938569e+04 8.555556e+02 4.238304e-04 5.192461e-02 4.411663e-05 3.948808e-02 4.543122e-05 9.257133e-04 7.301066e-01 2.749354e-04 1.767073e-01 5.156146e-05 7.785625e-06 
4.138384e-02 1.858575e-02 7.639894e+03 6.614915e-05 1.939742e+04 8.497925e+02 5.246511e-04 5.159928e-02 5.315268e-05 3.988486e-02 1.341362e-04 9.430560e-04 7.303184e-01 2.882857e-04 1.762051e-01 1.442477e-05 3.465106e-05 
4.456061e-02 1.872363e-02 7.269212e+03 6.585005e-05 1.940861e+04 8.364846e+02 4.961919e-04 5.066901e-02 6.796871e-05 3.989805e-02 9.061552e-05 1.127528e-03 7.315414e-01 2.602526e-04 1.757716e-01 5.076865e-05 2.658638e-05 
4.773737e-02 1.886003e-02 7.033258e+03 6.577299e-05 1.941959e+04 8.342130e+02 4.978349e-04 5.014551e-02 5.677140e-05 4.029616e-02 1.069016e-04 1.165604e-03 7.310113e-01 2.750738e-04 1.763857e-01 2.286243e-05 3.622553e-05 
5.091414e-02 1.899462e-02 6.773670e+03 6.549161e-05 1.942568e+04 8.203904e+02 5.893758e-04 4.915788e-02 8.485044e-05 4.064409e-02 1.268528e-04 1.270962e-03 7.302794e-01 2.973783e-04 1.774690e-01 2.698566e-05 5.330805e-05 
5.409091e-02 1.912754e-02 6.536422e+03 6.496576e-05 1.942749e+04 8.055727e+02 5.193064e-04 4.956445e-02 7.265897e-05 4.005674e-02 9.441441e-05 1.318008e-03 7.295502e-01 2.754187e-04 1.784720e-01 4.558141e-05 3.123272e-05 
5.726768e-02 1.925878e-02 6.329317e+03 6.474247e-05 1.943802e+04 8.007808e+02 5.107191e-04 4.978597e-02 8.438136e-05 3.920615e-02 6.472447e-05 1.363489e-03 7.307106e-01 2.690208e-04 1.779123e-01 4.328631e-05 4.930571e-05 
6.044444e-02 1.938828e-02 6.140567e+03 6.423654e-05 1.944180e+04 7.814298e+02 4.434833e-04 4.862087e-02 5.610411e-05 3.939159e-02 7.951286e-05 1.442419e-03 7.313700e-01 2.510245e-04 1.782881e-01 4.487804e-05 1.196401e-05 
6.362121e-02 1.951629e-02 6.019468e+03 6.374309e-05 1.944438e+04 7.800244e+02 5.112952e-04 4.922502e-02 7.497089e-05 3.995254e-02 8.672430e-05 1.387323e-03 7.299721e-01 2.956345e-04 1.784405e-01 3.495504e-05 1.901073e-05 
6.679798e-02 1.964268e-02 5.843361e+03 6.327685e-05 1.944758e+04 7.676091e+02 5.387973e-04 4.807705e-02 5.893213e-05 3.962986e-02 8.412983e-05 1.391036e-03 7.319301e-01 3.212175e-04 1.778943e-01 5.791178e-05 1.660690e-05 
6.997475e-02 1.976742e-02 5.691784e+03 6.267070e-05 1.945683e+04 7.589305e+02 5.164413e-04 4.866290e-02 8.456551e-05 3.970740e-02 7.021485e-05 1.588172e-03 7.308284e-01 2.808570e-04 1.781802e-01 5.042118e-05 3.038308e-05 
7.315152e-02 1.989053e-02 5.553034e+03 6.228625e-05 1.946052e+04 7.476785e+02 5.027867e-04 4.735927e-02 5.466980e-05 3.868266e-02 1.005073e-04 1.682708e-03 7.334886e-01 2.593345e-04 1.777812e-01 5.872104e-05 2.955406e-05 
7.632828e-02 2.001190e-02 5.439270e+03 6.164254e-05 1.945985e+04 7.366612e+02 4.740722e-04 4.756966e-02 4.907951e-05 3.944374e-02 8.131277e-05 1.932196e-03 7.318255e-01 2.571403e-04 1.782807e-01 5.252970e-05 3.400984e-05 
7.950505e-02 2.013162e-02 5.307977e+03 6.124789e-05 1.946942e+04 7.287768e+02 5.241134e-04 4.732206e-02 7.759705e-05 3.850237e-02 1.515740e-04 1.730484e-03 7.333936e-01 2.204597e-04 1.780033e-01 3.512916e-05 3.935361e-05 
8.268182e-02 2.025007e-02 5.234217e+03 6.080062e-05 1.946590e+04 7.220492e+02 5.578285e-04 4.670488e-02 3.761370e-05 3.993499e-02 1.191859e-04 1.950847e-03 7.317979e-01 3.234843e-04 1.784957e-01 3.820524e-05 3.933902e-05 
8.585859e-02 2.036678e-02 5.138364e+03 6.019530e-05 1.947166e+04 7.107550e+02 5.252849e-04 4.706609e-02 6.264634e-05 3.912300e-02 1.125944e-04 2.139644e-03 7.315403e-01 3.097424e-04 1.790804e-01 1.530457e-05 2.499671e-05 
8.903535e-02 2.048225e-02 5.034266e+03 5.958667e-05 1.947287e+04 7.059004e+02 4.901305e-04 4.657969e-02 3.534695e-05 3.907646e-02 8.853712e-05 2.179919e-03 7.324387e-01 3.125841e-04 1.787449e-01 3.801207e-05 1.565066e-05 
9.221212e-02 2.059636e-02 4.954025e+03 5.925009e-05 1.947530e+04 6.963615e+02 5.279187e-04 4.730627e-02 7.479754e-05 3.975337e-02 6.652172e-05 2.324755e-03 7.305614e-01 3.000511e-04 1.789983e-01 4.421201e-05 4.233631e-05 
9.538889e-02 2.070892e-02 4.859905e+03 5.866737e-05 1.948502e+04 6.866958e+02 5.139770e-04 4.566614e-02 7.317669e-05 3.843588e-02 8.631446e-05 1.980691e-03 7.323493e-01 3.228188e-04 1.805400e-01 1.493234e-05 1.673439e-05 
9.856566e-02 2.082024e-02 4.779100e+03 5.793167e-05 1.948347e+04 6.763910e+02 4.978795e-04 4.658299e-02 6.339507e-05 3.897672e-02 8.513206e-05 2.250881e-03 7.313651e-01 2.751636e-04 1.798285e-01 4.769704e-05 2.649128e-05 
1.017424e-01 2.093012e-02 4.718271e+03 5.740659e-05 1.948594e+04 6.703404e+02 5.355236e-04 4.599987e-02 5.637463e-05 3.851546e-02 9.471467e-05 2.265787e-03 7.333710e-01 3.370105e-04 1.787768e-01 1.099118e-05 3.643261e-05 
1.049192e-01 2.103872e-02 4.641130e+03 5.701679e-05 1.949258e+04 6.617427e+02 5.045926e-04 4.506554e-02 6.166693e-05 3.888675e-02 9.841337e-05 2.267765e-03 7.336200e-01 2.756159e-04 1.791508e-01 2.643535e-05 4.246139e-05 
1.080960e-01 2.114609e-02 4.580545e+03 5.624866e-05 1.948987e+04 6.511014e+02 4.405602e-04 4.564596e-02 4.292511e-05 3.916341e-02 1.063767e-04 2.456790e-03 7.329930e-01 2.519958e-04 1.788597e-01 2.407831e-05 1.518426e-05 
1.112727e-01 2.125194e-02 4.519960e+03 5.581821e-05 1.948944e+04 6.441939e+02 4.454527e-04 4.560625e-02 3.718429e-05 3.897560e-02 7.840426e-05 2.512502e-03 7.334351e-01 2.627390e-04 1.785796e-01 3.138680e-05 3.573814e-05 
1.144495e-01 2.135627e-02 4.447836e+03 5.529439e-05 1.949992e+04 6.396196e+02 4.843107e-04 4.497180e-02 4.018652e-05 3.942415e-02 1.070299e-04 2.566576e-03 7.338179e-01 2.469292e-04 1.782509e-01 6.342557e-05 2.673946e-05 
1.176263e-01 2.145931e-02 4.387668e+03 5.475447e-05 1.949986e+04 6.329255e+02 5.915622e-04 4.462362e-02 7.681774e-05 3.821503e-02 8.486895e-05 2.597114e-03 7.349496e-01 3.411029e-04 1.784315e-01 3.583786e-05 5.293415e-05 
1.208030e-01 2.156108e-02 4.345809e+03 5.436998e-05 1.949877e+04 6.204438e+02 4.885345e-04 4.477555e-02 4.144015e-05 3.910978e-02 7.966551e-05 2.741779e-03 7.342499e-01 3.015839e-04 1.781459e-01 3.508984e-05 3.075523e-05 
1.239798e-01 2.166148e-02 4.307429e+03 5.375256e-05 1.949743e+04 6.156272e+02 4.439128e-04 4.387948e-02 5.827896e-05 3.889092e-02 6.753904e-05 2.821277e-03 7.344828e-01 2.544703e-04 1.790377e-01 4.415730e-05 1.946688e-05 
1.271566e-01 2.176097e-02 4.244165e+03 5.314840e-05 1.950429e+04 6.041764e+02 6.221295e-04 4.411515e-02 5.788786e-05 3.910744e-02 1.186795e-04 2.994330e-03 7.335338e-01 3.608563e-04 1.790050e-01 2.693156e-05 5.777376e-05 
1.303333e-01 2.185921e-02 4.206205e+03 5.282509e-05 1.950463e+04 6.015121e+02 5.331868e-04 4.379338e-02 4.940927e-05 3.939393e-02 1.223255e-04 3.045628e-03 7.335754e-01 3.001499e-04 1.791253e-01 2.153553e-05 3.976636e-05 
1.335101e-01 2.195617e-02 4.156695e+03 5.205990e-05 1.951030e+04 5.914548e+02 5.492578e-04 4.391738e-02 4.558759e-05 3.900327e-02 1.026563e-04 2.897163e-03 7.330850e-01 3.506216e-04 1.799987e-01 1.038457e-05 4.000712e-05 
1.366869e-01 2.205230e-02 4.119249e+03 5.168996e-05 1.951004e+04 5.844075e+02 5.078421e-04 4.403674e-02 5.463988e-05 4.013617e-02 8.027491e-05 3.007963e-03 7.320741e-01 2.911946e-04 1.797294e-01 5.094108e-05 3.079172e-05 
1.398636e-01 2.214710e-02 4.071098e+03 5.105704e-05 1.951292e+04 5.800038e+02 5.634521e-04 4.349318e-02 7.451254e-05 3.927948e-02 1.113107e-04 3.334902e-03 7.341414e-01 3.121958e-04 1.786241e-01 2.846704e-05 3.696587e-05 
1.430404e-01 2.224068e-02 4.041914e+03 5.080266e-05 1.951077e+04 5.688781e+02 5.581978e-04 4.415555e-02 3.626431e-05 3.842271e-02 1.519659e-04 2.991369e-03 7.338704e-01 2.949074e-04 1.794436e-01 5.646941e-05 1.859101e-05 
1.462172e-01 2.233304e-02 3.999567e+03 5.012658e-05 1.951628e+04 5.677773e+02 5.662277e-04 4.356424e-02 6.727506e-05 3.966588e-02 1.072615e-04 3.126704e-03 7.321231e-01 3.269948e-04 1.803876e-01 3.113553e-05 3.356111e-05 
1.493939e-01 2.242467e-02 3.959952e+03 4.977955e-05 1.951157e+04 5.573192e+02 5.029116e-04 4.329355e-02 5.266659e-05 3.876063e-02 9.920294e-05 3.317474e-03 7.348685e-01 2.666635e-04 1.787540e-01 4.467987e-05 3.969883e-05 
1.525707e-01 2.251493e-02 3.944800e+03 4.929083e-05 1.951773e+04 5.533246e+02 5.275996e-04 4.383018e-02 6.685145e-05 3.949030e-02 6.009129e-05 3.254135e-03 7.318280e-01 3.147650e-04 1.805422e-01 3.146039e-05 5.443176e-05 
1.557475e-01 2.260416e-02 3.909933e+03 4.882718e-05 1.951706e+04 5.447690e+02 4.909954e-04 4.396915e-02 3.406441e-05 3.898897e-02 1.106082e-04 3.640568e-03 7.328947e-01 2.624376e-04 1.795246e-01 3.514330e-05 4.874251e-05 
1.589242e-01 2.269240e-02 3.890178e+03 4.834523e-05 1.951672e+04 5.394477e+02 4.357464e-04 4.320760e-02 7.322257e-05 3.904921e-02 8.115543e-05 3.514108e-03 7.336491e-01 2.215170e-04 1.797085e-01 4.304991e-05 1.680114e-05 
1.621010e-01 2.277960e-02 3.846155e+03 4.774120e-05 1.952690e+04 5.301136e+02 5.729444e-04 4.439792e-02 8.820845e-05 3.860872e-02 1.471854e-04 3.455958e-03 7.327546e-01 2.843463e-04 1.796369e-01 1.184154e-05 4.136232e-05 
1.652778e-01 2.286527e-02 3.805896e+03 4.714654e-05 1.952129e+04 5.215396e+02 5.848100e-04 4.368194e-02 4.846985e-05 3.892829e-02 9.149343e-05 3.379553e-03 7.342989e-01 4.011482e-04 1.785417e-01 2.842309e-05 1.527596e-05 
1.684545e-01 2.294990e-02 3.744375e+03 4.693712e-05 1.952976e+04 5.200202e+02 6.965566e-04 4.326334e-02 1.043922e-04 3.812889e-02 7.159496e-05 3.777344e-03 7.322694e-01 4.320856e-04 1.811680e-01 3.242132e-05 5.606191e-05 
1.716313e-01 2.303446e-02 3.721869e+03 4.698611e-05 1.952574e+04 5.151561e+02 4.729866e-04 4.207706e-02 4.523131e-05 3.872021e-02 1.150286e-04 3.349719e-03 7.354644e-01 2.683803e-04 1.794426e-01 2.158023e-05 2.276506e-05 
1.748081e-01 2.311784e-02 3.699790e+03 4.627650e-05 1.953053e+04 5.078540e+02 4.914531e-04 4.265965e-02 6.525704e-05 3.960480e-02 8.270554e-05 3.498689e-03 7.335782e-01 2.856560e-04 1.796757e-01 2.257049e-05 3.526438e-05 
1.779848e-01 2.320060e-02 3.684573e+03 4.556096e-05 1.953032e+04 5.045192e+02 4.741110e-04 4.429035e-02 6.345286e-05 3.840295e-02 6.734863e-05 3.758594e-03 7.341556e-01 2.479341e-04 1.784442e-01 4.693221e-05 4.844374e-05 
1.811616e-01 2.328198e-02 3.650388e+03 4.528710e-05 1.953565e+04 4.947272e+02 5.338005e-04 4.283057e-02 8.440044e-05 3.889870e-02 1.379278e-04 3.587773e-03 7.333768e-01 2.667789e-04 1.802386e-01 3.526899e-05 9.424132e-06 
1.843384e-01 2.336245e-02 3.630897e+03 4.487110e-05 1.953187e+04 4.874283e+02 5.824884e-04 4.302295e-02 1.265367e-04 3.957109e-02 6.974692e-05 3.958399e-03 7.338549e-01 3.151122e-04 1.784277e-01 4.146017e-05 2.963163e-05 
1.875152e-01 2.344210e-02 3.625071e+03 4.468943e-05 1.953155e+04 4.933243e+02 4.712766e-04 4.241301e-02 3.376883e-05 3.837352e-02 1.454689e-04 3.788733e-03 7.354109e-01 2.361957e-04 1.790713e-01 3.327949e-05 2.256393e-05 
1.906919e-01 2.352100e-02 3.591584e+03 4.402631e-05 1.953989e+04 4.810713e+02 5.464416e-04 4.318672e-02 8.671594e-05 3.814452e-02 8.156820e-05 4.067991e-03 7.330948e-01 2.882311e-04 1.804131e-01 6.918405e-05 2.074260e-05 
1.938687e-01 2.359904e-02 3.566744e+03 4.395575e-05 1.953394e+04 4.783221e+02 4.174095e-04 4.215401e-02 4.039709e-05 3.925984e-02 8.185570e-05 4.216892e-03 7.353568e-01 2.418312e-04 1.781777e-01 1.586908e-05 3.745602e-05 
1.970455e-01 2.367634e-02 3.545796e+03 4.348312e-05 1.954089e+04 4.717191e+02 5.297421e-04 4.188317e-02 7.362088e-05 3.899286e-02 1.025759e-04 3.933144e-03 7.321780e-01 2.724475e-04 1.819534e-01 5.201697e-05 2.908028e-05 
2.002222e-01 2.375261e-02 3.516137e+03 4.321793e-05 1.953719e+04 4.680670e+02 5.972844e-04 4.192984e-02 5.403905e-05 3.950463e-02 1.075610e-04 4.050383e-03 7.354399e-01 3.288617e-04 1.778806e-01 5.572453e-05 5.109780e-05 
2.033990e-01 2.382810e-02 3.502910e+03 4.286211e-05 1.954408e+04 4.632173e+02 5.780298e-04 4.254268e-02 4.943765e-05 3.860822e-02 1.411685e-04 3.910795e-03 7.343269e-01 3.037087e-04 1.794553e-01 4.181880e-05 4.189531e-05 
2.065758e-01 2.390289e-02 3.488380e+03 4.254501e-05 1.953498e+04 4.583195e+02 5.733340e-04 4.254151e-02 6.600781e-05 3.904480e-02 9.271223e-05 3.932763e-03 7.351507e-01 3.336898e-04 1.781835e-01 4.770338e-05 3.322058e-05 
2.097525e-01 2.397698e-02 3.456112e+03 4.217768e-05 1.953740e+04 4.571346e+02 5.063705e-04 4.186253e-02 8.190729e-05 3.977097e-02 1.138788e-04 4.063782e-03 7.346466e-01 2.525716e-04 1.786434e-01 2.898311e-05 2.902979e-05 
2.129293e-01 2.405031e-02 3.434924e+03 4.186325e-05 1.954078e+04 4.439759e+02 5.011100e-04 4.179878e-02 6.138816e-05 3.875166e-02 9.318431e-05 4.021463e-03 7.356396e-01 2.824080e-04 1.787863e-01 3.837949e-05 2.575056e-05 
2.161061e-01 2.412283e-02 3.426052e+03 4.139152e-05 1.954413e+04 4.446176e+02 5.209108e-04 4.213282e-02 3.891889e-05 3.918211e-02 8.140825e-05 4.233343e-03 7.347568e-01 3.219166e-04 1.786531e-01 2.568885e-05 5.297897e-05 
2.192828e-01 2.419474e-02 3.393690e+03 4.112498e-05 1.954137e+04 4.410420e+02 4.822619e-04 4.069721e-02 3.767720e-05 3.878149e-02 7.052700e-05 4.739073e-03 7.364022e-01 2.978668e-04 1.784155e-01 2.379724e-05 5.239381e-05 
2.224596e-01 2.426600e-02 3.384198e+03 4.075747e-05 1.954350e+04 4.378821e+02 5.376792e-04 4.144899e-02 8.203159e-05 3.927412e-02 7.001344e-05 4.499289e-03 7.369205e-01 2.965366e-04 1.767817e-01 4.343877e-05 4.565914e-05 
2.256364e-01 2.433666e-02 3.358771e+03 4.036623e-05 1.954247e+04 4.298877e+02 4.699704e-04 4.258315e-02 6.444742e-05 4.001449e-02 8.188013e-05 4.710432e-03 7.346199e-01 2.627872e-04 1.771321e-01 1.877525e-05 4.208069e-05 
2.288131e-01 2.440611e-02 3.347238e+03 4.003598e-05 1.954351e+04 4.247755e+02 4.787142e-04 4.221919e-02 8.864832e-05 3.963426e-02 9.724898e-05 4.528455e-03 7.327943e-01 2.172458e-04 1.798664e-01 3.719416e-05 3.837722e-05 
2.319899e-01 2.447498e-02 3.341622e+03 3.975198e-05 1.954465e+04 4.234710e+02 5.176391e-04 4.124300e-02 9.195211e-05 3.902854e-02 7.205183e-05 4.574393e-03 7.356627e-01 3.021692e-04 1.784561e-01 1.619550e-05 3.527080e-05 
2.351667e-01 2.454328e-02 3.299249e+03 3.945650e-05 1.955244e+04 4.204139e+02 6.268741e-04 4.124376e-02 1.067746e-04 3.904796e-02 1.083964e-04 4.416448e-03 7.369343e-01 2.795044e-04 1.771038e-01 6.895693e-05 6.324104e-05 
2.383434e-01 2.461094e-02 3.291872e+03 3.908638e-05 1.954883e+04 4.131087e+02 4.672175e-04 4.090712e-02 3.754059e-05 4.012724e-02 7.749376e-05 4.815433e-03 7.351569e-01 2.830726e-04 1.780588e-01 3.605132e-05 3.305938e-05 
2.415202e-01 2.467776e-02 3.283906e+03 3.882454e-05 1.954817e+04 4.128047e+02 6.925987e-04 4.077330e-02 1.119391e-04 3.887368e-02 1.154684e-04 4.773986e-03 7.353240e-01 3.748993e-04 1.788699e-01 4.622674e-05 4.406514e-05 
2.446970e-01 2.474417e-02 3.266214e+03 3.877735e-05 1.954852e+04 4.056612e+02 5.531308e-04 4.084564e-02 6.634079e-05 4.010580e-02 9.003052e-05 4.635072e-03 7.325361e-01 3.083523e-04 1.807711e-01 5.304429e-05 3.536288e-05 
2.478737e-01 2.481047e-02 3.250613e+03 3.817521e-05 1.954769e+04 4.058354e+02 6.177768e-04 4.120718e-02 6.259919e-05 3.931612e-02 1.038676e-04 4.563970e-03 7.350331e-01 3.721701e-04 1.786441e-01 5.053031e-05 2.860948e-05 
2.510505e-01 2.487582e-02 3.228656e+03 3.811493e-05 1.955086e+04 3.993482e+02 5.315987e-04 4.050754e-02 6.711606e-05 4.074813e-02 7.403080e-05 4.921571e-03 7.337182e-01 3.074731e-04 1.790414e-01 4.266550e-05 4.031193e-05 
2.542273e-01 2.494047e-02 3.225730e+03 3.784434e-05 1.955231e+04 3.987272e+02 5.942535e-04 4.092395e-02 1.005051e-04 3.988078e-02 9.286459e-05 4.881158e-03 7.343377e-01 3.267862e-04 1.787879e-01 2.947780e-05 4.462021e-05 
2.574040e-01 2.500432e-02 3.214238e+03 3.735878e-05 1.955182e+04 3.947672e+02 5.023361e-04 3.956597e-02 7.823691e-05 4.012807e-02 1.087900e-04 4.968192e-03 7.370252e-01 2.394739e-04 1.773079e-01 3.196972e-05 4.386455e-05 
2.605808e-01 2.506748e-02 3.190936e+03 3.715576e-05 1.955398e+04 3.896068e+02 4.974558e-04 4.075809e-02 5.955595e-05 4.051979e-02 1.137207e-04 4.587790e-03 7.332878e-01 2.708932e-04 1.798516e-01 2.880470e-05 2.448135e-05 
2.637576e-01 2.513045e-02 3.180771e+03 3.697110e-05 1.955598e+04 3.840463e+02 5.056737e-04 4.042967e-02 3.403922e-05 4.039942e-02 1.099037e-04 4.768905e-03 7.346250e-01 2.508446e-04 1.787656e-01 3.976022e-05 7.112629e-05 
2.669343e-01 2.519294e-02 3.165292e+03 3.652158e-05 1.955293e+04 3.849047e+02 4.734198e-04 4.123797e-02 3.436894e-05 4.031788e-02 8.001130e-05 5.434671e-03 7.339452e-01 3.006715e-04 1.781175e-01 1.474719e-05 4.362108e-05 
2.701111e-01 2.525491e-02 3.141087e+03 3.638099e-05 1.955871e+04 3.784577e+02 5.205562e-04 4.019387e-02 6.599941e-05 3.998418e-02 8.180607e-05 4.845890e-03 7.348866e-01 2.825768e-04 1.790483e-01 5.254972e-05 3.762464e-05 
2.732879e-01 2.531652e-02 3.145714e+03 3.622506e-05 1.955361e+04 3.765999e+02 5.159401e-04 4.076115e-02 6.636697e-05 4.012028e-02 1.436610e-04 5.573236e-03 7.347069e-01 2.169966e-04 1.778066e-01 3.775798e-05 5.115704e-05 
2.764646e-01 2.537733e-02 3.117899e+03 3.589490e-05 1.956213e+04 3.726896e+02 5.543296e-04 4.059053e-02 9.583063e-05 3.970931e-02 1.412549e-04 5.121690e-03 7.350069e-01 2.411147e-04 1.784629e-01 4.519234e-05 3.093778e-05 
2.796414e-01 2.543775e-02 3.112039e+03 3.575469e-05 1.955837e+04 3.746047e+02 5.517788e-04 4.051359e-02 8.128881e-05 4.020620e-02 1.160573e-04 5.121918e-03 7.343577e-01 2.734545e-04 1.786970e-01 4.739739e-05 3.358233e-05 
2.828182e-01 2.549745e-02 3.098266e+03 3.532592e-05 1.956022e+04 3.643954e+02 6.179642e-04 4.016035e-02 1.093682e-04 4.024790e-02 1.073733e-04 5.285214e-03 7.338875e-01 3.314840e-04 1.791831e-01 4.271592e-05 2.702323e-05 
2.859949e-01 2.555657e-02 3.080998e+03 3.534376e-05 1.956194e+04 3.646682e+02 5.558399e-04 3.959863e-02 1.112410e-04 4.019199e-02 1.003405e-04 5.344125e-03 7.353503e-01 2.817694e-04 1.784033e-01 1.499454e-05 4.749478e-05 
2.891717e-01 2.561536e-02 3.069128e+03 3.496207e-05 1.955906e+04 3.588835e+02 5.798053e-04 3.927867e-02 1.008356e-04 3.961844e-02 7.874523e-05 5.225206e-03 7.357655e-01 3.255359e-04 1.789526e-01 5.418773e-05 2.050099e-05 
2.923485e-01 2.567321e-02 3.051442e+03 3.474850e-05 1.956016e+04 3.545666e+02 5.784414e-04 4.042316e-02 1.023134e-04 4.074467e-02 9.595597e-05 5.436373e-03 7.333556e-01 3.207300e-04 1.788833e-01 2.951991e-05 2.992150e-05 
2.955253e-01 2.573031e-02 3.057867e+03 3.458376e-05 1.956780e+04 3.513275e+02 5.792099e-04 3.964370e-02 7.134917e-05 3.904069e-02 8.045728e-05 5.310795e-03 7.370867e-01 3.461159e-04 1.777597e-01 4.715020e-05 3.413723e-05 
2.987020e-01 2.578729e-02 3.035892e+03 3.427638e-05 1.956076e+04 3.544317e+02 5.299634e-04 3.984424e-02 8.381118e-05 4.019705e-02 8.069057e-05 5.603647e-03 7.337379e-01 2.601536e-04 1.795572e-01 8.062968e-05 2.467816e-05 
3.018788e-01 2.584385e-02 3.037793e+03 3.411193e-05 1.957025e+04 3.501886e+02 5.087228e-04 3.867992e-02 5.642752e-05 4.014685e-02 1.080210e-04 5.497448e-03 7.344935e-01 2.870776e-04 1.801648e-01 3.693774e-05 2.025826e-05 
3.050556e-01 2.590028e-02 3.015016e+03 3.401033e-05 1.956369e+04 3.493336e+02 5.066798e-04 3.956746e-02 8.944720e-05 4.039759e-02 4.418480e-05 5.896566e-03 7.355365e-01 2.980524e-04 1.775886e-01 3.270552e-05 4.228965e-05 
3.082323e-01 2.595629e-02 3.009633e+03 3.350861e-05 1.956427e+04 3.389332e+02 6.496579e-04 3.831052e-02 8.573968e-05 3.965563e-02 1.870168e-04 5.577753e-03 7.343343e-01 3.018605e-04 1.808225e-01 3.211608e-05 4.292513e-05 
3.114091e-01 2.601180e-02 2.999224e+03 3.350969e-05 1.956419e+04 3.361485e+02 5.565564e-04 3.943220e-02 7.346419e-05 4.005983e-02 8.556864e-05 6.044052e-03 7.328151e-01 2.852723e-04 1.805357e-01 6.785692e-05 4.439356e-05 
3.145859e-01 2.606689e-02 2.979516e+03 3.315712e-05 1.956530e+04 3.411106e+02 6.126116e-04 3.937183e-02 7.669352e-05 3.963222e-02 1.534947e-04 5.757863e-03 7.336320e-01 2.631885e-04 1.803808e-01 6.204961e-05 5.718468e-05 
3.177626e-01 2.612100e-02 2.969825e+03 3.311990e-05 1.956791e+04 3.289078e+02 4.781822e-04 3.931968e-02 8.158747e-05 3.967676e-02 9.127040e-05 5.575693e-03 7.361437e-01 2.143649e-04 1.783278e-01 6.702915e-05 2.392982e-05 
3.209394e-01 2.617472e-02 2.976335e+03 3.290051e-05 1.956994e+04 3.351497e+02 5.023492e-04 3.849460e-02 1.362907e-04 4.010396e-02 9.284413e-05 5.833529e-03 7.368944e-01 1.820947e-04 1.776688e-01 5.793567e-05 3.318302e-05 
3.241162e-01 2.622804e-02 2.962643e+03 3.271683e-05 1.956085e+04 3.287315e+02 6.121084e-04 3.925424e-02 6.083272e-05 3.958446e-02 1.070743e-04 5.935752e-03 7.354389e-01 3.717934e-04 1.785624e-01 4.847163e-05 2.393575e-05 
3.272929e-01 2.628119e-02 2.949171e+03 3.237826e-05 1.956368e+04 3.237578e+02 5.442614e-04 3.904917e-02 7.743421e-05 4.015617e-02 9.395461e-05 5.742706e-03 7.368620e-01 3.094155e-04 1.771015e-01 4.038969e-05 2.306773e-05 
3.304697e-01 2.633324e-02 2.942110e+03 3.238460e-05 1.956484e+04 3.168935e+02 4.953657e-04 3.951224e-02 6.329821e-05 3.897168e-02 8.053993e-05 5.843348e-03 7.348365e-01 2.787431e-04 1.798455e-01 2.388187e-05 4.890184e-05 
3.336465e-01 2.638526e-02 2.929163e+03 3.199522e-05 1.956702e+04 3.199365e+02 5.487459e-04 3.932568e-02 9.990170e-05 3.981209e-02 1.067580e-04 5.514370e-03 7.360261e-01 2.712800e-04 1.782243e-01 3.804155e-05 3.276414e-05 
3.368232e-01 2.643707e-02 2.936113e+03 3.195097e-05 1.956652e+04 3.191371e+02 4.535158e-04 3.887842e-02 5.219102e-05 3.982172e-02 1.097551e-04 5.890766e-03 7.342867e-01 2.268293e-04 1.802154e-01 2.118730e-05 4.355193e-05 
3.400000e-01 2.648834e-02 2.917348e+03 3.195330e-05 1.957209e+04 3.160045e+02 3.607247e-04 3.827188e-02 8.446060e-05 4.083208e-02 5.421957e-05 6.137040e-03 7.358061e-01 1.675602e-04 1.782315e-01 3.857763e-05 1.590693e-05 
