2.550000e-02 4.982826e-04 3.048341e+04 1.242356e-05 1.403291e+04 -8.830697e+01 6.934833e-03 3.426382e-01 4.334463e-04 1.594281e-01 1.401959e-03 4.503127e-04 4.199582e-01 4.620247e-03 6.365544e-02 2.128457e-04 2.663411e-04 
2.867677e-02 4.903919e-04 2.824791e+04 1.249028e-05 1.452587e+04 -4.064633e+01 5.935719e-03 3.340013e-01 1.312402e-03 1.635140e-01 8.482042e-04 2.368626e-03 4.263542e-01 3.368094e-03 6.189048e-02 2.376609e-04 1.693640e-04 
3.185354e-02 4.769097e-04 2.687318e+04 1.257201e-05 1.486365e+04 -1.333653e+02 4.286142e-03 3.216634e-01 6.013688e-04 1.594736e-01 9.172447e-04 1.784429e-03 4.431228e-01 2.522764e-03 6.538355e-02 1.396911e-04 1.050638e-04 
3.503030e-02 4.670319e-04 2.488403e+04 1.279500e-05 1.504493e+04 3.119116e+01 6.275150e-03 3.046978e-01 3.227315e-04 1.548695e-01 1.288397e-03 2.109460e-03 4.596764e-01 2.668656e-03 6.609648e-02 2.905427e-04 1.704826e-03 
3.820707e-02 4.615077e-04 2.271102e+04 1.285434e-05 1.542126e+04 -4.692452e+01 7.550583e-03 2.966813e-01 1.461310e-03 1.660710e-01 4.827896e-04 2.595618e-03 4.474186e-01 4.738233e-03 7.213234e-02 2.267972e-04 6.414643e-04 
4.138384e-02 4.566558e-04 2.182347e+04 1.290767e-05 1.564466e+04 3.603024e+01 3.728420e-03 2.943056e-01 3.728387e-04 1.519432e-01 3.739787e-04 9.676087e-04 4.800341e-01 2.691989e-03 6.529261e-02 2.481658e-04 4.144945e-05 
4.456061e-02 4.555758e-04 2.103597e+04 1.287210e-05 1.596207e+04 5.939405e+01 2.968326e-03 2.985747e-01 5.580055e-05 1.506298e-01 4.506089e-04 3.656510e-03 4.730023e-01 1.859601e-03 6.820009e-02 6.460847e-05 5.377026e-04 
4.773737e-02 4.503682e-04 1.998746e+04 1.306450e-05 1.601090e+04 -1.002712e+01 4.695569e-03 2.860510e-01 6.016950e-04 1.657066e-01 6.445369e-04 3.735846e-03 4.641648e-01 3.138137e-03 7.095065e-02 1.172630e-04 1.939353e-04 
5.091414e-02 4.488108e-04 1.941191e+04 1.258504e-05 1.629591e+04 -8.213141e+00 3.395990e-03 2.787199e-01 5.985401e-04 1.501012e-01 2.994807e-04 1.741272e-03 4.900097e-01 1.792607e-03 7.263595e-02 2.932923e-04 4.120824e-04 
5.409091e-02 4.383893e-04 1.880765e+04 1.352301e-05 1.649766e+04 -2.564200e+01 4.356595e-03 2.620562e-01 5.844383e-04 1.462770e-01 1.430040e-03 8.876483e-04 4.876887e-01 1.749769e-03 9.437725e-02 1.753382e-04 4.169976e-04 
5.726768e-02 4.403447e-04 1.753529e+04 1.304310e-05 1.659304e+04 -2.791015e+01 5.263665e-03 2.569079e-01 7.120137e-04 1.419131e-01 1.500552e-03 1.861031e-03 5.083862e-01 2.099364e-03 8.040440e-02 4.009249e-04 5.508225e-04 
6.044444e-02 4.343022e-04 1.716785e+04 1.337768e-05 1.662274e+04 2.085422e+01 3.125840e-03 2.459979e-01 5.019108e-04 1.417423e-01 3.684677e-04 3.296903e-03 5.182267e-01 1.377228e-03 8.448458e-02 1.382960e-04 7.399326e-04 
6.362121e-02 4.370403e-04 1.631974e+04 1.322078e-05 1.685532e+04 1.343455e+01 2.193775e-03 2.493446e-01 6.525499e-05 1.459227e-01 7.055656e-04 2.180838e-03 5.051161e-01 1.136231e-03 9.304829e-02 9.880392e-05 1.879236e-04 
6.679798e-02 4.358595e-04 1.575720e+04 1.329424e-05 1.694786e+04 -4.766240e+01 1.817737e-03 2.366924e-01 1.919708e-04 1.488711e-01 1.573007e-04 2.618741e-03 5.274490e-01 9.843748e-04 8.073325e-02 4.503851e-04 3.370172e-05 
6.997475e-02 4.287250e-04 1.522316e+04 1.360396e-05 1.713451e+04 4.028609e+00 3.398524e-03 2.318649e-01 1.770974e-04 1.451885e-01 4.613569e-04 2.097559e-03 5.150285e-01 1.955015e-03 9.902349e-02 5.405393e-04 2.645126e-04 
7.315152e-02 4.285558e-04 1.452846e+04 1.379603e-05 1.722460e+04 -2.046747e+01 1.964712e-03 2.271210e-01 1.466650e-04 1.537695e-01 1.835040e-04 2.840652e-03 5.197443e-01 1.424266e-03 9.259515e-02 6.967159e-05 1.406050e-04 
7.632828e-02 4.235462e-04 1.373542e+04 1.362849e-05 1.722765e+04 -1.170454e+02 3.195331e-03 2.282901e-01 5.245800e-04 1.386529e-01 7.980687e-04 4.092031e-03 5.274386e-01 1.217948e-03 9.513575e-02 3.094478e-04 3.452870e-04 
7.950505e-02 4.196161e-04 1.366707e+04 1.397788e-05 1.739207e+04 -7.780828e+00 2.915976e-03 2.169786e-01 1.249895e-04 1.503934e-01 4.826690e-04 2.614005e-03 5.296012e-01 2.175279e-03 9.458079e-02 7.370678e-05 5.932895e-05 
8.268182e-02 4.154213e-04 1.335459e+04 1.423351e-05 1.745769e+04 -1.675580e+01 3.120290e-03 2.151521e-01 7.977092e-05 1.369130e-01 1.541881e-04 1.811885e-03 5.466497e-01 2.321483e-03 9.323280e-02 4.491155e-04 1.157299e-04 
8.585859e-02 4.193500e-04 1.289252e+04 1.412727e-05 1.740658e+04 3.618851e+01 1.772618e-03 2.083498e-01 4.773680e-05 1.328914e-01 2.634060e-04 2.457736e-03 5.573337e-01 1.442645e-03 9.542209e-02 1.882977e-05 0.000000e+00 
8.903535e-02 4.157598e-04 1.260115e+04 1.436644e-05 1.750431e+04 -5.075040e+01 2.675690e-03 2.218188e-01 2.354712e-04 1.178481e-01 4.119067e-04 2.309128e-03 5.536754e-01 1.770562e-03 9.899727e-02 2.371669e-04 2.057796e-05 
9.221212e-02 4.139945e-04 1.210701e+04 1.419664e-05 1.765017e+04 -1.013005e+01 2.943375e-03 2.079156e-01 8.830679e-04 1.252894e-01 1.498950e-04 3.057921e-03 5.613500e-01 1.579119e-03 9.650028e-02 1.439721e-04 1.873226e-04 
9.538889e-02 4.094747e-04 1.168294e+04 1.433112e-05 1.770366e+04 3.138316e+01 3.099707e-03 1.983900e-01 7.535869e-04 1.301710e-01 2.617232e-04 3.033314e-03 5.644206e-01 1.885049e-03 9.778563e-02 9.684872e-05 1.025048e-04 
9.856566e-02 4.074467e-04 1.157255e+04 1.449248e-05 1.772846e+04 -5.452235e+00 2.145037e-03 1.941855e-01 3.063764e-04 1.254270e-01 4.757267e-04 1.863031e-03 5.698626e-01 8.957346e-04 1.043718e-01 4.475943e-04 1.960807e-05 
1.017424e-01 4.067047e-04 1.113078e+04 1.485689e-05 1.781659e+04 -9.388416e+00 3.219022e-03 2.051406e-01 6.467615e-04 1.297787e-01 6.837645e-04 2.200710e-03 5.585061e-01 1.324852e-03 9.793585e-02 4.528314e-04 1.108327e-04 
1.049192e-01 4.040266e-04 1.087182e+04 1.483683e-05 1.791844e+04 2.377181e+01 1.762291e-03 1.800640e-01 2.051722e-04 1.230034e-01 6.986036e-05 3.486680e-03 5.763622e-01 1.309620e-03 1.135591e-01 8.653639e-05 9.110327e-05 
1.080960e-01 4.042567e-04 1.062559e+04 1.456839e-05 1.794012e+04 1.023667e+01 1.648536e-03 1.913581e-01 3.190241e-04 1.219076e-01 2.065422e-04 3.937509e-03 5.750058e-01 9.424570e-04 1.044940e-01 1.541191e-04 2.639285e-05 
1.112727e-01 4.025526e-04 1.044650e+04 1.462695e-05 1.801915e+04 -5.520318e+01 2.562676e-03 1.827330e-01 1.398034e-04 1.193500e-01 9.457189e-04 2.123707e-03 5.746958e-01 1.172714e-03 1.159722e-01 2.276524e-04 7.678361e-05 
1.144495e-01 4.005984e-04 1.010388e+04 1.459491e-05 1.799552e+04 -2.299141e+01 1.639728e-03 1.794492e-01 1.087530e-04 1.224865e-01 2.544711e-04 3.414967e-03 5.779229e-01 1.236294e-03 1.134470e-01 5.456112e-07 3.966381e-05 
1.176263e-01 3.979269e-04 9.969335e+03 1.496129e-05 1.801506e+04 -2.354025e+01 2.561748e-03 1.811106e-01 1.562075e-04 1.233782e-01 1.064355e-03 3.166681e-03 5.763699e-01 1.234484e-03 1.108511e-01 6.550192e-05 4.120183e-05 
1.208030e-01 3.953018e-04 9.821834e+03 1.510463e-05 1.813682e+04 9.840874e+00 2.256408e-03 1.785879e-01 6.162049e-05 1.210221e-01 2.336047e-04 5.193539e-03 5.763941e-01 1.893750e-03 1.142895e-01 1.886721e-05 4.856348e-05 
1.239798e-01 3.919860e-04 9.647013e+03 1.531248e-05 1.816137e+04 -2.766865e+01 1.512150e-03 1.618415e-01 2.059431e-04 1.154976e-01 3.981791e-04 3.524992e-03 5.914927e-01 6.544648e-04 1.246188e-01 1.561853e-04 9.737603e-05 
1.271566e-01 3.905342e-04 9.132700e+03 1.492559e-05 1.819680e+04 4.601807e+01 2.431652e-03 1.729462e-01 2.703061e-04 1.153804e-01 3.189669e-04 3.854904e-03 5.944052e-01 1.221603e-03 1.085500e-01 4.334984e-04 1.872771e-04 
1.303333e-01 3.858339e-04 9.183360e+03 1.593481e-05 1.823142e+04 -3.230532e+01 1.825718e-03 1.547347e-01 1.263997e-04 1.196705e-01 1.526551e-04 3.303744e-03 5.961133e-01 1.266650e-03 1.225263e-01 2.720153e-04 8.002296e-06 
1.335101e-01 3.859730e-04 9.113874e+03 1.561066e-05 1.828367e+04 6.168279e+01 1.679042e-03 1.672033e-01 2.929953e-04 1.154782e-01 1.972452e-04 4.043910e-03 5.861197e-01 9.903936e-04 1.237968e-01 1.672134e-04 3.119447e-05 
1.366869e-01 3.871465e-04 8.754015e+03 1.579309e-05 1.827283e+04 -7.766922e+01 3.999178e-03 1.573262e-01 1.431683e-05 1.068497e-01 2.628104e-04 4.027761e-03 6.014072e-01 3.293576e-03 1.223907e-01 4.272055e-04 1.282868e-06 
1.398636e-01 3.823989e-04 8.591632e+03 1.577886e-05 1.832700e+04 -3.986038e+00 1.602664e-03 1.686516e-01 5.483765e-04 1.021015e-01 7.644397e-05 4.001921e-03 6.019083e-01 7.773133e-04 1.201313e-01 1.431495e-04 5.738115e-05 
1.430404e-01 3.818672e-04 8.586892e+03 1.553988e-05 1.837673e+04 -4.746454e+01 3.248199e-03 1.562538e-01 8.154315e-04 1.004365e-01 7.322110e-05 4.758229e-03 6.087990e-01 2.207279e-03 1.232560e-01 1.010150e-05 1.421698e-04 
1.462172e-01 3.790863e-04 8.208710e+03 1.608703e-05 1.835780e+04 -1.403192e+01 1.203263e-03 1.579402e-01 1.055499e-04 1.042527e-01 3.206984e-05 4.452653e-03 6.077052e-01 7.799824e-04 1.232427e-01 4.309431e-05 2.425655e-04 
1.493939e-01 3.790445e-04 8.218515e+03 1.629776e-05 1.841183e+04 2.830342e+01 1.283485e-03 1.519824e-01 7.547648e-05 1.064717e-01 6.185758e-05 3.910675e-03 6.204542e-01 1.097829e-03 1.146140e-01 5.305795e-06 4.301765e-05 
1.525707e-01 3.800004e-04 8.051139e+03 1.635402e-05 1.845978e+04 -1.598339e+01 1.442952e-03 1.453607e-01 9.729802e-05 1.024830e-01 1.863818e-04 2.853950e-03 6.171062e-01 1.144872e-03 1.293102e-01 0.000000e+00 1.439905e-05 
1.557475e-01 3.782446e-04 7.928866e+03 1.643746e-05 1.847256e+04 -5.519087e+01 2.030066e-03 1.580375e-01 5.414449e-06 9.661577e-02 6.084865e-05 4.746855e-03 6.113639e-01 1.525537e-03 1.251758e-01 3.342374e-04 1.040310e-04 
1.589242e-01 3.759088e-04 7.676797e+03 1.599363e-05 1.848640e+04 -1.748638e+01 1.689341e-03 1.487265e-01 0.000000e+00 9.766338e-02 3.908444e-04 3.345206e-03 6.306174e-01 1.279684e-03 1.162689e-01 0.000000e+00 1.881439e-05 
1.621010e-01 3.717749e-04 7.432187e+03 1.648113e-05 1.849433e+04 2.547839e+01 2.438813e-03 1.494308e-01 9.046389e-04 9.892788e-02 3.444113e-04 3.531544e-03 6.267933e-01 1.047451e-03 1.164389e-01 2.627797e-05 1.160305e-04 
1.652778e-01 3.733528e-04 7.573620e+03 1.675161e-05 1.851993e+04 -6.428476e+00 1.466054e-03 1.406392e-01 2.577760e-04 1.022489e-01 2.254240e-04 2.970106e-03 6.284086e-01 9.005452e-04 1.228010e-01 3.860208e-05 4.370622e-05 
1.684545e-01 3.731894e-04 7.433338e+03 1.629538e-05 1.853146e+04 1.720810e+01 8.805962e-04 1.457926e-01 2.595738e-04 9.670351e-02 1.092404e-04 4.359977e-03 6.151184e-01 5.075297e-04 1.362643e-01 4.251760e-06 0.000000e+00 
1.716313e-01 3.744650e-04 7.329148e+03 1.641925e-05 1.851880e+04 -1.791279e+01 1.112372e-03 1.314336e-01 2.705698e-05 1.052040e-01 1.934436e-04 3.942024e-03 6.262595e-01 7.839355e-04 1.309362e-01 5.907408e-05 4.886141e-05 
1.748081e-01 3.711900e-04 7.364917e+03 1.665693e-05 1.859128e+04 1.812853e+01 1.370589e-03 1.314806e-01 9.203698e-06 8.804464e-02 1.617560e-04 5.236920e-03 6.339049e-01 1.101471e-03 1.385918e-01 5.118445e-05 4.697526e-05 
1.779848e-01 3.725994e-04 7.180915e+03 1.584091e-05 1.859317e+04 5.761742e+01 2.096455e-03 1.306133e-01 3.424118e-05 9.205187e-02 5.693201e-04 5.390662e-03 6.363191e-01 1.302649e-03 1.314322e-01 8.173972e-05 1.085034e-04 
1.811616e-01 3.772412e-04 6.911356e+03 1.618551e-05 1.860574e+04 -4.604193e+00 1.998656e-03 1.378436e-01 3.805598e-05 9.383899e-02 4.151149e-04 3.756811e-03 6.270016e-01 7.350525e-04 1.335617e-01 6.653780e-04 1.450540e-04 
1.843384e-01 3.768291e-04 6.879388e+03 1.594606e-05 1.865363e+04 1.590300e+01 1.071483e-03 1.336417e-01 2.005677e-04 9.846051e-02 1.430205e-04 4.608941e-03 6.286918e-01 6.543556e-04 1.324541e-01 7.174450e-05 1.794187e-06 
1.875152e-01 3.719527e-04 6.652284e+03 1.591937e-05 1.864359e+04 -2.431736e+01 9.869022e-04 1.306496e-01 6.117162e-05 1.015974e-01 1.367205e-04 3.636738e-03 6.326917e-01 7.546859e-04 1.294508e-01 3.123510e-06 3.120153e-05 
1.906919e-01 3.696378e-04 6.738924e+03 1.653057e-05 1.870512e+04 2.728281e+00 1.284231e-03 1.127181e-01 2.664918e-04 9.653266e-02 9.768654e-05 5.182668e-03 6.435199e-01 7.121405e-04 1.394782e-01 1.621782e-04 4.573430e-05 
1.938687e-01 3.665304e-04 6.735005e+03 1.644029e-05 1.873381e+04 8.148156e-01 1.400253e-03 1.302096e-01 1.846550e-04 9.428563e-02 3.000328e-04 4.188231e-03 6.349670e-01 8.814446e-04 1.335490e-01 1.884773e-05 1.527297e-05 
1.970455e-01 3.677392e-04 6.455287e+03 1.667894e-05 1.869439e+04 -1.207264e+00 2.776722e-03 1.149928e-01 1.395356e-03 9.604252e-02 3.247581e-04 5.516824e-03 6.425717e-01 8.834949e-04 1.353227e-01 1.018602e-04 7.124703e-05 
2.002222e-01 3.700125e-04 6.494919e+03 1.649345e-05 1.869052e+04 -1.169977e+01 1.001742e-03 1.159505e-01 1.381978e-04 1.006688e-01 1.906927e-04 6.696106e-03 6.455437e-01 6.354144e-04 1.291374e-01 1.320999e-05 2.422711e-05 
2.033990e-01 3.673666e-04 6.525506e+03 1.642598e-05 1.878314e+04 -1.277874e+01 1.351046e-03 1.242165e-01 1.035237e-04 9.056380e-02 1.270007e-04 4.406344e-03 6.444589e-01 8.606720e-04 1.336524e-01 2.598474e-04 0.000000e+00 
2.065758e-01 3.661193e-04 6.461708e+03 1.689371e-05 1.877876e+04 1.805679e+01 9.529955e-04 1.206676e-01 2.211461e-04 8.369631e-02 2.259859e-04 4.450779e-03 6.474696e-01 4.308151e-04 1.418097e-01 2.477792e-05 5.027021e-05 
2.097525e-01 3.621291e-04 6.322446e+03 1.720363e-05 1.879091e+04 -2.813343e+01 1.264157e-03 1.219480e-01 4.067597e-04 8.966263e-02 1.581559e-04 4.522854e-03 6.438863e-01 4.868189e-04 1.374519e-01 1.714747e-04 4.094742e-05 
2.129293e-01 3.595760e-04 6.259286e+03 1.746966e-05 1.877468e+04 -1.385209e+01 4.015064e-04 1.114493e-01 1.599284e-05 8.428502e-02 5.598705e-05 5.914113e-03 6.507283e-01 2.749489e-04 1.468203e-01 1.897781e-05 3.559972e-05 
2.161061e-01 3.572109e-04 6.113040e+03 1.721789e-05 1.879862e+04 1.038426e+01 8.626718e-04 1.160595e-01 1.223545e-04 8.762050e-02 1.046960e-04 5.400342e-03 6.505246e-01 5.267928e-04 1.386697e-01 1.088280e-04 0.000000e+00 
2.192828e-01 3.586634e-04 5.967679e+03 1.702491e-05 1.880868e+04 4.430313e+00 5.295104e-04 1.017449e-01 2.420269e-05 8.946928e-02 4.413204e-05 9.617262e-03 6.472778e-01 4.369623e-04 1.508317e-01 1.729573e-05 6.918324e-06 
2.224596e-01 3.600507e-04 5.918022e+03 1.722888e-05 1.882333e+04 1.530371e+01 5.627010e-04 1.069287e-01 1.245949e-05 8.054915e-02 1.767167e-04 5.042029e-03 6.603975e-01 3.621847e-04 1.459572e-01 1.133933e-05 0.000000e+00 
2.256364e-01 3.624798e-04 5.898765e+03 1.701716e-05 1.882723e+04 -8.333668e+00 1.267797e-03 1.184132e-01 5.544444e-05 8.334105e-02 1.393685e-04 5.467968e-03 6.441887e-01 1.072985e-03 1.460535e-01 0.000000e+00 0.000000e+00 
2.288131e-01 3.649917e-04 5.851937e+03 1.677463e-05 1.887239e+04 9.956264e+00 8.316098e-04 1.107510e-01 4.522958e-05 8.941095e-02 2.346255e-05 5.356975e-03 6.465358e-01 5.729850e-04 1.462821e-01 7.788990e-05 1.120407e-04 
2.319899e-01 3.661950e-04 5.702760e+03 1.669612e-05 1.886864e+04 -1.081792e+00 1.431822e-03 1.108724e-01 2.246664e-04 8.837141e-02 1.098345e-04 6.576298e-03 6.402742e-01 7.787642e-04 1.510420e-01 2.985042e-04 2.005211e-05 
2.351667e-01 3.621252e-04 5.719981e+03 1.680214e-05 1.885094e+04 -1.698719e+01 8.675236e-04 1.127056e-01 4.600461e-05 8.301347e-02 3.550624e-04 7.198492e-03 6.499734e-01 4.664545e-04 1.453740e-01 0.000000e+00 0.000000e+00 
2.383434e-01 3.631357e-04 5.804017e+03 1.714914e-05 1.886563e+04 1.234369e+01 1.169751e-03 1.144722e-01 3.678208e-04 8.058573e-02 5.512056e-05 4.562697e-03 6.447701e-01 7.104084e-04 1.532699e-01 9.587839e-06 2.681433e-05 
2.415202e-01 3.621162e-04 5.530556e+03 1.705283e-05 1.884932e+04 7.451757e+00 1.057693e-03 1.097055e-01 1.547601e-04 8.003470e-02 1.939410e-04 4.326974e-03 6.629297e-01 2.799425e-04 1.408877e-01 3.841200e-04 4.492901e-05 
2.446970e-01 3.602829e-04 5.666461e+03 1.748701e-05 1.888906e+04 -1.686065e+01 7.277793e-04 1.127054e-01 4.499478e-05 8.503486e-02 6.123785e-05 5.874047e-03 6.512964e-01 3.605683e-04 1.436337e-01 0.000000e+00 2.609794e-04 
2.478737e-01 3.584607e-04 5.440823e+03 1.727948e-05 1.889361e+04 -1.677453e+01 1.244865e-03 1.022283e-01 8.663429e-05 8.160215e-02 3.281314e-04 6.607796e-03 6.573721e-01 5.225467e-04 1.496999e-01 2.592484e-04 4.830415e-05 
2.510505e-01 3.586730e-04 5.414712e+03 1.719249e-05 1.890393e+04 1.583256e+01 1.445815e-03 1.073339e-01 6.744769e-04 8.499579e-02 7.859483e-05 6.528940e-03 6.616173e-01 4.443738e-04 1.366325e-01 8.402245e-07 2.475299e-04 
2.542273e-01 3.589904e-04 5.316048e+03 1.744580e-05 1.891689e+04 2.132670e+01 1.589929e-03 1.109640e-01 2.896023e-04 8.673070e-02 1.362125e-04 5.878924e-03 6.407208e-01 5.606288e-04 1.525258e-01 1.554230e-04 4.480618e-04 
2.574040e-01 3.595595e-04 5.413168e+03 1.769536e-05 1.889867e+04 2.191520e+01 8.952820e-04 9.408939e-02 6.792953e-05 8.460167e-02 2.645976e-05 5.647333e-03 6.713740e-01 7.913310e-04 1.424970e-01 9.562390e-06 0.000000e+00 
2.605808e-01 3.605666e-04 5.278786e+03 1.714007e-05 1.890954e+04 5.348588e+01 1.089993e-03 1.027454e-01 1.237629e-04 8.012661e-02 1.054147e-04 6.662788e-03 6.584331e-01 5.232143e-04 1.498522e-01 1.119380e-04 2.256637e-04 
2.637576e-01 3.633608e-04 5.381638e+03 1.730003e-05 1.894961e+04 -3.003363e+01 9.089268e-04 1.158704e-01 6.783022e-05 9.310421e-02 5.911215e-05 4.942873e-03 6.316107e-01 5.686090e-04 1.526540e-01 1.457857e-04 6.759044e-05 
2.669343e-01 3.624317e-04 5.162521e+03 1.681702e-05 1.896683e+04 2.098399e+01 1.748680e-03 9.930607e-02 3.763720e-04 7.974984e-02 2.150541e-04 4.744072e-03 6.643540e-01 9.088130e-04 1.483487e-01 2.177716e-04 3.066774e-05 
2.701111e-01 3.627139e-04 5.050724e+03 1.691351e-05 1.894438e+04 -6.621152e+00 1.389395e-03 9.463955e-02 1.610090e-04 8.296345e-02 7.033552e-05 7.094988e-03 6.621739e-01 6.778897e-04 1.503494e-01 4.351243e-04 4.503555e-05 
2.732879e-01 3.624157e-04 5.138105e+03 1.670336e-05 1.897534e+04 -2.864664e+01 1.730900e-03 9.604318e-02 3.125208e-05 8.387645e-02 1.067855e-04 6.655875e-03 6.615810e-01 1.519171e-03 1.483817e-01 7.309538e-05 5.976433e-07 
2.764646e-01 3.600316e-04 5.285650e+03 1.740303e-05 1.898081e+04 -3.017538e+01 1.166877e-03 9.530727e-02 1.132373e-04 8.076127e-02 6.722296e-05 9.410873e-03 6.561881e-01 6.887821e-04 1.559987e-01 0.000000e+00 2.976336e-04 
2.796414e-01 3.613056e-04 5.021303e+03 1.739878e-05 1.896904e+04 -4.178827e+01 2.834848e-03 9.578303e-02 1.247248e-03 8.199666e-02 1.181660e-04 6.375746e-03 6.636606e-01 1.162092e-03 1.465143e-01 2.667894e-04 4.056064e-05 
2.828182e-01 3.632419e-04 5.056824e+03 1.712729e-05 1.897989e+04 1.592133e+01 1.014912e-03 1.033260e-01 2.123559e-05 8.039567e-02 2.333629e-04 7.791677e-03 6.598586e-01 4.708207e-04 1.465982e-01 1.332177e-04 1.562751e-04 
2.859949e-01 3.638604e-04 4.925516e+03 1.749657e-05 1.895548e+04 1.024777e+01 8.037403e-04 9.809930e-02 5.346817e-06 7.788667e-02 5.378897e-05 6.523852e-03 6.614316e-01 5.349125e-04 1.544511e-01 1.695740e-04 4.011875e-05 
2.891717e-01 3.622301e-04 4.998922e+03 1.707130e-05 1.900190e+04 -2.037315e+01 1.504211e-03 8.778776e-02 1.617085e-04 8.445541e-02 3.527017e-04 4.997263e-03 6.646321e-01 8.033922e-04 1.551191e-01 1.258872e-04 6.052092e-05 
2.923485e-01 3.621469e-04 4.938063e+03 1.708101e-05 1.903696e+04 4.904660e+01 1.693332e-03 1.021859e-01 3.697802e-05 7.849601e-02 2.977450e-04 7.734439e-03 6.621638e-01 1.077867e-03 1.460332e-01 2.706932e-04 1.005057e-05 
2.955253e-01 3.620161e-04 4.860903e+03 1.701163e-05 1.897525e+04 -3.437659e+01 1.678852e-03 9.581933e-02 7.701446e-04 7.667949e-02 7.611075e-05 6.985214e-03 6.669553e-01 4.874744e-04 1.502030e-01 2.017279e-04 1.433947e-04 
2.987020e-01 3.602494e-04 4.796258e+03 1.688537e-05 1.901549e+04 -3.317919e+01 1.487306e-03 1.059110e-01 1.207619e-04 7.501322e-02 3.265020e-04 6.028660e-03 6.734957e-01 9.578224e-04 1.365768e-01 8.222206e-05 0.000000e+00 
3.018788e-01 3.613728e-04 4.784333e+03 1.727213e-05 1.902053e+04 8.658715e+00 3.786977e-04 9.835674e-02 6.970426e-05 8.521123e-02 0.000000e+00 5.980922e-03 6.678722e-01 2.498931e-04 1.418216e-01 2.646834e-05 3.263247e-05 
3.050556e-01 3.605633e-04 4.833184e+03 1.729064e-05 1.902818e+04 2.951042e+00 2.159615e-03 9.834160e-02 2.411601e-04 7.624324e-02 4.945821e-04 4.253492e-03 6.646873e-01 1.070929e-03 1.521551e-01 3.020689e-06 3.499234e-04 
3.082323e-01 3.620381e-04 4.851257e+03 1.731956e-05 1.903773e+04 -1.522427e+01 1.791539e-03 9.672075e-02 1.197186e-03 7.729862e-02 2.315065e-04 7.204207e-03 6.733184e-01 3.023063e-04 1.418750e-01 3.455483e-05 2.598197e-05 
3.114091e-01 3.600595e-04 4.757050e+03 1.711272e-05 1.902593e+04 -3.586970e+01 2.462259e-03 9.180565e-02 1.914298e-04 7.718432e-02 7.743749e-04 4.633528e-03 6.745496e-01 8.347477e-04 1.469024e-01 2.319923e-05 6.385026e-04 
3.145859e-01 3.626803e-04 4.732552e+03 1.715144e-05 1.904895e+04 2.245247e+01 7.367508e-04 9.750486e-02 1.555653e-04 7.846074e-02 2.973425e-04 5.620132e-03 6.819210e-01 1.740453e-04 1.350197e-01 4.672168e-05 6.307579e-05 
3.177626e-01 3.636526e-04 4.601393e+03 1.721731e-05 1.904830e+04 -2.229103e+01 1.231873e-03 9.369791e-02 5.080404e-05 7.206704e-02 2.881672e-04 6.347014e-03 6.696677e-01 3.193600e-04 1.557566e-01 2.519511e-05 5.483485e-04 
3.209394e-01 3.617538e-04 4.532715e+03 1.673805e-05 1.906651e+04 -2.597861e+01 1.088182e-03 1.033871e-01 0.000000e+00 7.673144e-02 1.502220e-04 6.862356e-03 6.756473e-01 4.777291e-04 1.351955e-01 5.502191e-05 4.052097e-04 
3.241162e-01 3.620480e-04 4.558986e+03 1.710061e-05 1.904500e+04 1.597395e+00 6.274129e-04 8.936551e-02 1.825239e-04 7.318749e-02 1.193096e-04 8.444535e-03 6.847108e-01 1.308882e-04 1.430369e-01 1.284568e-04 6.623390e-05 
3.272929e-01 3.611522e-04 4.533699e+03 1.711601e-05 1.904134e+04 -2.862082e+01 1.668078e-03 9.397547e-02 3.467719e-04 6.873155e-02 7.099707e-04 5.519808e-03 6.850124e-01 5.617944e-04 1.434246e-01 3.111690e-05 1.842561e-05 
3.304697e-01 3.585189e-04 4.429053e+03 1.706743e-05 1.909857e+04 -4.147424e+01 7.434227e-04 9.167303e-02 5.559136e-05 7.493026e-02 2.210549e-04 7.074852e-03 6.773415e-01 2.786339e-04 1.474935e-01 1.870116e-04 1.131212e-06 
3.336465e-01 3.610622e-04 4.542686e+03 1.721040e-05 1.909106e+04 3.291323e+01 7.218273e-04 8.216365e-02 4.124727e-05 7.419685e-02 2.277835e-04 6.701285e-03 6.949776e-01 4.186076e-04 1.405169e-01 2.077301e-05 1.341686e-05 
3.368232e-01 3.623376e-04 4.457400e+03 1.686235e-05 1.907990e+04 -3.993249e+01 1.250843e-03 9.530618e-02 2.274361e-06 7.845621e-02 1.180852e-04 7.581753e-03 6.626899e-01 7.995801e-04 1.534643e-01 3.088727e-04 2.202946e-05 
3.400000e-01 3.606300e-04 4.354864e+03 1.701484e-05 1.907652e+04 5.108572e+00 7.763881e-04 8.123453e-02 2.068730e-04 7.200768e-02 1.646621e-04 4.370943e-03 6.927113e-01 2.959963e-04 1.481228e-01 2.173905e-05 8.711828e-05 
