2.550000e-02 2.826935e-02 2.959857e+03 5.846279e-05 1.986811e+04 1.843444e+02 2.905260e-05 1.056042e-02 3.808004e-07 5.536177e-03 1.052933e-05 6.637973e-05 7.793304e-01 1.261039e-05 2.044485e-01 5.532109e-06 0.000000e+00 
2.867677e-02 2.830152e-02 3.099055e+03 5.886825e-05 1.985990e+04 2.120396e+02 3.512771e-05 1.109508e-02 7.627917e-07 6.817505e-03 1.501534e-05 1.033789e-04 7.797952e-01 1.642188e-05 2.021186e-01 0.000000e+00 2.927727e-06 
3.185354e-02 2.833761e-02 3.215545e+03 5.894830e-05 1.985126e+04 2.377499e+02 8.684610e-05 1.235215e-02 6.477133e-06 7.940798e-03 2.115238e-05 9.455021e-05 7.776500e-01 3.339302e-05 2.017888e-01 1.812505e-06 2.401121e-05 
3.503030e-02 2.837749e-02 3.331551e+03 5.929679e-05 1.984552e+04 2.641631e+02 6.567989e-05 1.332312e-02 8.260579e-06 9.173885e-03 1.851904e-05 1.458833e-04 7.767912e-01 2.728711e-05 2.004346e-01 1.161331e-05 0.000000e+00 
3.820707e-02 2.842127e-02 3.362822e+03 5.961066e-05 1.984057e+04 2.848686e+02 1.032442e-04 1.339042e-02 2.154217e-05 1.008006e-02 3.289071e-05 1.069103e-04 7.745764e-01 3.338735e-05 2.016397e-01 1.279868e-05 2.625134e-06 
4.138384e-02 2.846848e-02 3.358682e+03 6.007014e-05 1.983510e+04 3.013517e+02 1.303021e-04 1.391999e-02 8.654195e-06 1.062596e-02 5.784616e-05 1.731506e-04 7.756955e-01 5.713931e-05 1.993248e-01 2.229280e-07 6.439591e-06 
4.456061e-02 2.851886e-02 3.428749e+03 6.057165e-05 1.982999e+04 3.231797e+02 1.112243e-04 1.402802e-02 2.026387e-05 1.147359e-02 3.468996e-05 1.578547e-04 7.746863e-01 4.264238e-05 1.994317e-01 6.502006e-06 7.126357e-06 
4.773737e-02 2.857278e-02 3.491419e+03 6.077914e-05 1.982232e+04 3.505185e+02 1.045096e-04 1.480633e-02 1.795277e-05 1.185034e-02 3.507518e-05 2.183727e-04 7.751891e-01 4.237038e-05 1.977269e-01 7.817923e-06 1.293582e-06 
5.091414e-02 2.862979e-02 3.465249e+03 6.115809e-05 1.982260e+04 3.622041e+02 9.703116e-05 1.486496e-02 1.702662e-05 1.271486e-02 2.644814e-05 2.347991e-04 7.743473e-01 4.769116e-05 1.976440e-01 3.888221e-06 1.976902e-06 
5.409091e-02 2.868925e-02 3.456227e+03 6.125061e-05 1.981954e+04 3.814078e+02 8.718347e-05 1.521325e-02 7.200343e-06 1.306139e-02 1.037380e-05 2.345384e-04 7.733963e-01 4.342375e-05 1.979202e-01 1.272337e-05 1.346254e-05 
5.726768e-02 2.875194e-02 3.474328e+03 6.180437e-05 1.981848e+04 4.003305e+02 1.470744e-04 1.541156e-02 7.298105e-06 1.313658e-02 1.652481e-05 2.738419e-04 7.724696e-01 9.184287e-05 1.984143e-01 1.829858e-05 1.311078e-05 
6.044444e-02 2.881715e-02 3.500271e+03 6.209888e-05 1.981188e+04 4.181406e+02 8.351769e-05 1.543280e-02 1.090981e-05 1.401000e-02 3.398033e-05 3.652374e-04 7.717200e-01 2.716043e-05 1.983049e-01 1.146688e-05 0.000000e+00 
6.362121e-02 2.888499e-02 3.476168e+03 6.249765e-05 1.981129e+04 4.333773e+02 7.818466e-05 1.594992e-02 1.706303e-05 1.412330e-02 1.578790e-05 3.631105e-04 7.714506e-01 3.146747e-05 1.979567e-01 6.090375e-06 7.775766e-06 
6.679798e-02 2.895487e-02 3.416694e+03 6.282182e-05 1.980946e+04 4.427821e+02 8.808860e-05 1.566196e-02 1.110646e-05 1.390019e-02 1.066132e-05 4.600924e-04 7.715094e-01 5.791688e-05 1.982922e-01 1.546112e-06 6.857842e-06 
6.997475e-02 2.902735e-02 3.442201e+03 6.317344e-05 1.980670e+04 4.583685e+02 1.723464e-04 1.625703e-02 1.636126e-05 1.448587e-02 3.025658e-05 4.432113e-04 7.723755e-01 1.083195e-04 1.960937e-01 5.381353e-06 1.202756e-05 
7.315152e-02 2.910197e-02 3.420223e+03 6.348261e-05 1.980468e+04 4.735403e+02 1.307001e-04 1.597670e-02 1.312557e-05 1.513819e-02 3.189546e-05 4.765957e-04 7.701834e-01 7.177305e-05 1.979638e-01 2.532878e-06 1.137292e-05 
7.632828e-02 2.917884e-02 3.384547e+03 6.382360e-05 1.979873e+04 4.847035e+02 9.848766e-05 1.576620e-02 2.293367e-07 1.491056e-02 2.644993e-05 6.110160e-04 7.737713e-01 6.845627e-05 1.947439e-01 2.301984e-06 1.050053e-06 
7.950505e-02 2.925753e-02 3.369888e+03 6.392269e-05 1.979850e+04 4.953860e+02 1.083407e-04 1.685531e-02 8.841832e-06 1.550133e-02 3.060135e-05 5.714317e-04 7.692466e-01 5.417929e-05 1.976086e-01 8.642568e-06 6.075925e-06 
8.268182e-02 2.933794e-02 3.337751e+03 6.438653e-05 1.979840e+04 5.051459e+02 1.346016e-04 1.603443e-02 7.661071e-06 1.507323e-02 4.994291e-05 6.099453e-04 7.723557e-01 6.312930e-05 1.956575e-01 1.027356e-05 3.594793e-06 
8.585859e-02 2.942004e-02 3.343141e+03 6.478609e-05 1.979858e+04 5.177996e+02 1.055145e-04 1.652878e-02 1.689074e-05 1.545235e-02 2.178858e-05 6.664107e-04 7.713599e-01 4.374782e-05 1.957815e-01 1.696514e-05 6.122189e-06 
8.903535e-02 2.950386e-02 3.316886e+03 6.506297e-05 1.979456e+04 5.294862e+02 1.133620e-04 1.684399e-02 2.404765e-05 1.541175e-02 1.562689e-05 8.846073e-04 7.695273e-01 5.810388e-05 1.971056e-01 1.059133e-05 4.992480e-06 
9.221212e-02 2.958933e-02 3.260817e+03 6.555283e-05 1.979846e+04 5.354038e+02 1.318840e-04 1.619047e-02 1.753399e-05 1.543162e-02 1.867805e-05 7.474844e-04 7.715151e-01 7.427309e-05 1.958516e-01 6.514115e-06 1.488510e-05 
9.538889e-02 2.967629e-02 3.254157e+03 6.552788e-05 1.979357e+04 5.461432e+02 1.232011e-04 1.651225e-02 1.791897e-05 1.574976e-02 2.966528e-05 9.807173e-04 7.700533e-01 5.814527e-05 1.964576e-01 1.292549e-05 4.546216e-06 
9.856566e-02 2.976477e-02 3.228567e+03 6.607077e-05 1.979417e+04 5.531897e+02 1.116082e-04 1.679121e-02 7.976404e-06 1.594346e-02 2.399863e-05 8.342603e-04 7.707301e-01 4.867618e-05 1.954778e-01 2.024802e-06 2.893213e-05 
1.017424e-01 2.985464e-02 3.211586e+03 6.615609e-05 1.979418e+04 5.660737e+02 1.159999e-04 1.696357e-02 1.083193e-05 1.571436e-02 2.555533e-05 9.417442e-04 7.708046e-01 7.074059e-05 1.953437e-01 4.669071e-06 4.203281e-06 
1.049192e-01 2.994577e-02 3.186477e+03 6.633431e-05 1.979056e+04 5.723602e+02 1.439334e-04 1.685814e-02 1.464250e-05 1.584817e-02 3.374169e-05 9.615758e-04 7.708692e-01 6.820460e-05 1.951751e-01 9.207786e-06 1.813691e-05 
1.080960e-01 3.003799e-02 3.154409e+03 6.663197e-05 1.979271e+04 5.772387e+02 1.530981e-04 1.716820e-02 2.204396e-05 1.597636e-02 5.006975e-05 8.389185e-04 7.706254e-01 6.975080e-05 1.950850e-01 8.794274e-06 2.439600e-06 
1.112727e-01 3.013137e-02 3.116405e+03 6.686684e-05 1.979232e+04 5.836570e+02 1.138898e-04 1.647200e-02 1.269472e-05 1.596159e-02 3.180174e-05 9.965646e-04 7.706173e-01 5.266337e-05 1.957248e-01 2.401257e-06 1.432900e-05 
1.144495e-01 3.022548e-02 3.101567e+03 6.717747e-05 1.979150e+04 5.896881e+02 1.321734e-04 1.688734e-02 1.287461e-05 1.622458e-02 3.540903e-05 9.942420e-04 7.708287e-01 7.033176e-05 1.948007e-01 9.767684e-06 3.790053e-06 
1.176263e-01 3.032083e-02 3.080288e+03 6.727086e-05 1.979170e+04 5.945455e+02 1.444721e-04 1.711963e-02 2.230539e-05 1.677049e-02 4.187443e-05 1.035286e-03 7.698746e-01 6.140289e-05 1.949111e-01 5.620766e-06 1.326868e-05 
1.208030e-01 3.041694e-02 3.039412e+03 6.754101e-05 1.978877e+04 5.999054e+02 1.463246e-04 1.688722e-02 1.856771e-05 1.602138e-02 3.075456e-05 1.051139e-03 7.709665e-01 8.334014e-05 1.947811e-01 1.070052e-05 2.961901e-06 
1.239798e-01 3.051409e-02 3.041538e+03 6.731405e-05 1.978879e+04 6.080859e+02 8.295127e-05 1.716909e-02 6.183833e-06 1.694520e-02 4.055089e-05 1.147363e-03 7.699055e-01 3.593770e-05 1.946670e-01 2.788513e-07 0.000000e+00 
1.271566e-01 3.061211e-02 3.018034e+03 6.811687e-05 1.978774e+04 6.135081e+02 1.544860e-04 1.719365e-02 2.883905e-05 1.615926e-02 4.277059e-05 1.135268e-03 7.697947e-01 7.032709e-05 1.954082e-01 7.808091e-06 4.741477e-06 
1.303333e-01 3.071095e-02 2.995863e+03 6.790297e-05 1.978336e+04 6.174958e+02 1.146581e-04 1.714874e-02 1.829577e-05 1.679094e-02 1.826633e-05 1.148302e-03 7.698148e-01 6.248241e-05 1.948679e-01 8.377774e-06 7.235858e-06 
1.335101e-01 3.081082e-02 2.968629e+03 6.804208e-05 1.978462e+04 6.217163e+02 1.363190e-04 1.708470e-02 1.147993e-05 1.654335e-02 2.611993e-05 1.119589e-03 7.702363e-01 9.240221e-05 1.947434e-01 3.505495e-06 2.811482e-06 
1.366869e-01 3.091103e-02 2.948626e+03 6.814733e-05 1.978780e+04 6.239244e+02 1.557790e-04 1.679446e-02 2.090289e-05 1.656377e-02 5.553811e-05 1.266247e-03 7.706209e-01 6.412290e-05 1.944430e-01 7.536392e-06 7.678864e-06 
1.398636e-01 3.101178e-02 2.925549e+03 6.814964e-05 1.978433e+04 6.305032e+02 1.278049e-04 1.694013e-02 7.225213e-06 1.666344e-02 3.350983e-05 1.369415e-03 7.705001e-01 7.593087e-05 1.942713e-01 4.866881e-06 6.272253e-06 
1.430404e-01 3.111317e-02 2.912631e+03 6.823603e-05 1.978739e+04 6.326745e+02 1.420141e-04 1.716785e-02 1.519014e-05 1.645389e-02 5.068143e-05 1.469533e-03 7.697642e-01 6.498359e-05 1.948605e-01 2.532032e-06 8.626965e-06 
1.462172e-01 3.121503e-02 2.889478e+03 6.857847e-05 1.978347e+04 6.345407e+02 1.581217e-04 1.726872e-02 9.641618e-06 1.679459e-02 3.645007e-05 1.291520e-03 7.688814e-01 7.688722e-05 1.954475e-01 1.314389e-05 2.199911e-05 
1.493939e-01 3.131731e-02 2.858714e+03 6.821300e-05 1.978803e+04 6.385362e+02 1.759654e-04 1.727137e-02 1.012234e-05 1.684360e-02 4.766223e-05 1.560428e-03 7.689006e-01 9.444802e-05 1.950720e-01 1.229012e-05 1.144253e-05 
1.525707e-01 3.141993e-02 2.851078e+03 6.842514e-05 1.978451e+04 6.462675e+02 1.782538e-04 1.660595e-02 1.878074e-05 1.699477e-02 5.055384e-05 1.363839e-03 7.700485e-01 9.020732e-05 1.946304e-01 1.248983e-05 6.222059e-06 
1.557475e-01 3.152297e-02 2.831537e+03 6.833702e-05 1.978595e+04 6.445534e+02 1.947603e-04 1.668401e-02 2.867631e-05 1.695716e-02 6.900987e-05 1.593596e-03 7.701521e-01 8.172711e-05 1.942236e-01 6.289085e-06 9.058208e-06 
1.589242e-01 3.162634e-02 2.804973e+03 6.838710e-05 1.978613e+04 6.453826e+02 2.269084e-04 1.711975e-02 1.671531e-05 1.715773e-02 6.341669e-05 1.519577e-03 7.689330e-01 1.138573e-04 1.948161e-01 1.590441e-05 1.701464e-05 
1.621010e-01 3.172972e-02 2.783474e+03 6.839841e-05 1.978585e+04 6.459921e+02 1.565429e-04 1.700083e-02 1.776720e-05 1.718808e-02 4.351632e-05 1.634637e-03 7.678712e-01 8.349427e-05 1.959922e-01 3.581481e-06 8.183662e-06 
1.652778e-01 3.183351e-02 2.763924e+03 6.829421e-05 1.978347e+04 6.448458e+02 1.697581e-04 1.730195e-02 1.258515e-05 1.676114e-02 5.274466e-05 1.686185e-03 7.689648e-01 8.291245e-05 1.949464e-01 6.188145e-06 1.532797e-05 
1.684545e-01 3.193746e-02 2.742551e+03 6.828171e-05 1.978785e+04 6.471505e+02 1.510475e-04 1.712324e-02 3.017582e-05 1.714890e-02 3.015575e-05 1.727556e-03 7.692421e-01 7.743599e-05 1.944561e-01 5.174640e-06 8.105267e-06 
1.716313e-01 3.204179e-02 2.726727e+03 6.836721e-05 1.978435e+04 6.505448e+02 1.627717e-04 1.714287e-02 2.326141e-05 1.732102e-02 5.493344e-05 1.680772e-03 7.695313e-01 5.881396e-05 1.939985e-01 7.510851e-06 1.825242e-05 
1.748081e-01 3.214594e-02 2.714530e+03 6.808509e-05 1.978788e+04 6.505848e+02 2.208414e-04 1.679116e-02 1.599067e-05 1.739480e-02 3.430443e-05 1.858395e-03 7.685178e-01 1.193421e-04 1.949962e-01 4.495658e-05 6.247940e-06 
1.779848e-01 3.225030e-02 2.703426e+03 6.814250e-05 1.978430e+04 6.495770e+02 1.505441e-04 1.683972e-02 1.722311e-05 1.785691e-02 3.354448e-05 1.853374e-03 7.698108e-01 7.619716e-05 1.933381e-01 1.329517e-05 1.028375e-05 
1.811616e-01 3.235462e-02 2.666649e+03 6.805907e-05 1.978585e+04 6.497492e+02 1.726675e-04 1.709331e-02 2.377380e-05 1.722535e-02 5.521939e-05 1.983791e-03 7.673563e-01 7.743131e-05 1.959959e-01 2.580593e-06 1.366292e-05 
1.843384e-01 3.245898e-02 2.662913e+03 6.797660e-05 1.978588e+04 6.516991e+02 1.601236e-04 1.720276e-02 1.604848e-05 1.753598e-02 4.805747e-05 1.922308e-03 7.675045e-01 8.518484e-05 1.955142e-01 9.113203e-06 1.719565e-06 
1.875152e-01 3.256340e-02 2.648411e+03 6.793419e-05 1.978210e+04 6.536592e+02 1.381719e-04 1.701293e-02 1.976653e-05 1.744600e-02 1.968324e-05 1.992107e-03 7.695542e-01 6.781100e-05 1.937184e-01 1.827214e-05 1.263892e-05 
1.906919e-01 3.266806e-02 2.629307e+03 6.756352e-05 1.978716e+04 6.515301e+02 1.707441e-04 1.717508e-02 1.195325e-05 1.743357e-02 5.878627e-05 1.966402e-03 7.692462e-01 7.813108e-05 1.938373e-01 5.848348e-06 1.602529e-05 
1.938687e-01 3.277260e-02 2.619627e+03 6.737224e-05 1.978297e+04 6.499922e+02 1.819974e-04 1.684227e-02 2.437455e-05 1.785840e-02 2.408837e-05 2.208378e-03 7.675674e-01 9.581104e-05 1.951596e-01 3.010353e-05 7.620224e-06 
1.970455e-01 3.287684e-02 2.602160e+03 6.729558e-05 1.978727e+04 6.493153e+02 1.370743e-04 1.756537e-02 1.394013e-06 1.814413e-02 4.368372e-05 2.055068e-03 7.682225e-01 7.512593e-05 1.937388e-01 8.184625e-06 8.686388e-06 
2.002222e-01 3.298092e-02 2.580419e+03 6.715754e-05 1.978540e+04 6.472186e+02 1.896341e-04 1.706156e-02 2.296439e-05 1.772127e-02 3.941110e-05 2.232983e-03 7.681244e-01 9.779860e-05 1.944805e-01 1.990326e-05 9.556630e-06 
2.033990e-01 3.308504e-02 2.568003e+03 6.680596e-05 1.978452e+04 6.481087e+02 1.784482e-04 1.712276e-02 4.687042e-05 1.764230e-02 2.545657e-05 2.308094e-03 7.683156e-01 9.115204e-05 1.942543e-01 5.432290e-06 9.536824e-06 
2.065758e-01 3.318907e-02 2.550530e+03 6.690342e-05 1.978739e+04 6.474576e+02 1.758976e-04 1.684016e-02 8.693282e-06 1.780041e-02 4.895742e-05 2.335732e-03 7.684470e-01 8.811741e-05 1.942250e-01 1.803432e-05 1.209517e-05 
2.097525e-01 3.329283e-02 2.529630e+03 6.663766e-05 1.979007e+04 6.435854e+02 1.062086e-04 1.690856e-02 1.596743e-05 1.782678e-02 2.610788e-05 2.290502e-03 7.688293e-01 4.865286e-05 1.939324e-01 5.252653e-06 1.022832e-05 
2.129293e-01 3.339638e-02 2.523197e+03 6.610182e-05 1.978555e+04 6.455842e+02 2.209647e-04 1.692849e-02 2.945062e-05 1.775093e-02 4.366078e-05 2.427625e-03 7.688649e-01 1.232582e-04 1.935861e-01 1.086219e-05 1.373295e-05 
2.161061e-01 3.349972e-02 2.507041e+03 6.601251e-05 1.978593e+04 6.392820e+02 1.014014e-04 1.708461e-02 1.726226e-05 1.783660e-02 2.053226e-05 2.364986e-03 7.689400e-01 4.380376e-05 1.935710e-01 7.264542e-06 1.253887e-05 
2.192828e-01 3.360297e-02 2.497255e+03 6.585572e-05 1.978645e+04 6.437595e+02 1.663362e-04 1.663016e-02 3.274065e-05 1.800956e-02 3.274059e-05 2.400242e-03 7.683084e-01 7.084638e-05 1.943190e-01 1.325457e-05 1.675398e-05 
2.224596e-01 3.370596e-02 2.497198e+03 6.563446e-05 1.978759e+04 6.416081e+02 1.248323e-04 1.696170e-02 1.146299e-05 1.875986e-02 2.596184e-05 2.568906e-03 7.684570e-01 6.692918e-05 1.930029e-01 7.240255e-06 1.323786e-05 
2.256364e-01 3.380885e-02 2.477419e+03 6.544621e-05 1.978420e+04 6.426318e+02 1.890743e-04 1.628385e-02 2.705336e-05 1.803415e-02 5.271163e-05 2.432696e-03 7.697851e-01 6.164783e-05 1.930860e-01 2.596050e-05 2.170127e-05 
2.288131e-01 3.391118e-02 2.456161e+03 6.510783e-05 1.978872e+04 6.344541e+02 1.801900e-04 1.662428e-02 1.733997e-05 1.870834e-02 3.076245e-05 2.526763e-03 7.680160e-01 1.096248e-04 1.937643e-01 2.171613e-05 7.468928e-07 
2.319899e-01 3.401287e-02 2.447844e+03 6.479434e-05 1.978795e+04 6.335597e+02 1.663386e-04 1.626140e-02 1.986190e-05 1.814206e-02 3.957218e-05 2.575553e-03 7.693371e-01 7.359146e-05 1.933512e-01 1.376481e-05 1.954834e-05 
2.351667e-01 3.411444e-02 2.425452e+03 6.456737e-05 1.978804e+04 6.296637e+02 1.726533e-04 1.654557e-02 2.359609e-05 1.830506e-02 5.206323e-05 2.743696e-03 7.677595e-01 7.418914e-05 1.943009e-01 1.894016e-05 3.864954e-06 
2.383434e-01 3.421571e-02 2.420695e+03 6.436951e-05 1.978860e+04 6.317636e+02 1.840791e-04 1.696698e-02 3.524590e-05 1.807661e-02 3.289897e-05 2.554291e-03 7.684947e-01 9.908624e-05 1.935392e-01 1.261635e-05 4.231837e-06 
2.415202e-01 3.431652e-02 2.417423e+03 6.399432e-05 1.979040e+04 6.247873e+02 1.669875e-04 1.662803e-02 1.678108e-05 1.814658e-02 2.440224e-05 2.730867e-03 7.687806e-01 9.652281e-05 1.933800e-01 1.042344e-05 1.885828e-05 
2.446970e-01 3.441692e-02 2.396064e+03 6.361213e-05 1.978600e+04 6.262779e+02 1.600737e-04 1.676314e-02 2.168026e-05 1.898698e-02 3.195610e-05 2.852148e-03 7.671682e-01 8.578424e-05 1.939094e-01 1.425247e-05 6.400622e-06 
2.478737e-01 3.451723e-02 2.389733e+03 6.339115e-05 1.978857e+04 6.222045e+02 1.642500e-04 1.637399e-02 1.599664e-05 1.875897e-02 4.680566e-05 2.930991e-03 7.679965e-01 6.669697e-05 1.936110e-01 2.248260e-05 1.226844e-05 
2.510505e-01 3.461715e-02 2.382288e+03 6.325069e-05 1.979155e+04 6.204415e+02 1.604070e-04 1.654190e-02 3.230080e-05 1.878705e-02 2.084148e-05 2.801440e-03 7.676472e-01 8.424894e-05 1.939016e-01 1.906573e-05 3.949681e-06 
2.542273e-01 3.471713e-02 2.365028e+03 6.285838e-05 1.978693e+04 6.240496e+02 1.658991e-04 1.672764e-02 2.612734e-05 1.853721e-02 2.926481e-05 2.779763e-03 7.667587e-01 8.469966e-05 1.948649e-01 1.646841e-05 9.339288e-06 
2.574040e-01 3.481641e-02 2.348009e+03 6.269607e-05 1.979173e+04 6.118025e+02 1.887619e-04 1.614890e-02 1.604852e-05 1.894864e-02 1.993570e-05 3.025768e-03 7.662453e-01 1.157173e-04 1.952539e-01 1.380933e-05 2.325158e-05 
2.605808e-01 3.491496e-02 2.337739e+03 6.227566e-05 1.978967e+04 6.138674e+02 1.940006e-04 1.634162e-02 2.129956e-05 1.865994e-02 4.505513e-05 2.882161e-03 7.675955e-01 1.133353e-04 1.941328e-01 1.295151e-05 1.358834e-06 
2.637576e-01 3.501319e-02 2.331273e+03 6.198406e-05 1.978670e+04 6.121961e+02 1.389635e-04 1.643103e-02 4.828861e-06 1.896060e-02 5.079498e-05 3.041519e-03 7.675366e-01 5.572628e-05 1.937523e-01 9.807911e-06 1.780581e-05 
2.669343e-01 3.511141e-02 2.318903e+03 6.188177e-05 1.979070e+04 6.089833e+02 1.489366e-04 1.637528e-02 1.344041e-05 1.883895e-02 3.835410e-05 3.018342e-03 7.643806e-01 7.086268e-05 1.970889e-01 1.368420e-05 1.259535e-05 
2.701111e-01 3.520925e-02 2.308705e+03 6.140951e-05 1.978760e+04 6.080016e+02 1.660900e-04 1.642271e-02 1.584512e-05 1.911587e-02 5.229098e-05 3.202581e-03 7.663477e-01 7.357608e-05 1.945790e-01 1.239336e-05 1.198440e-05 
2.732879e-01 3.530664e-02 2.301885e+03 6.104587e-05 1.979079e+04 6.047228e+02 2.378685e-04 1.630461e-02 2.769138e-05 1.888337e-02 5.575546e-05 3.168280e-03 7.668327e-01 1.161186e-04 1.943353e-01 2.422993e-05 1.407295e-05 
2.764646e-01 3.540360e-02 2.292202e+03 6.087623e-05 1.978792e+04 6.022563e+02 1.867729e-04 1.630317e-02 1.609674e-05 1.891007e-02 4.060498e-05 3.165434e-03 7.659354e-01 1.131946e-04 1.953123e-01 1.043873e-05 6.437243e-06 
2.796414e-01 3.550015e-02 2.279415e+03 6.030330e-05 1.979281e+04 6.016340e+02 1.579680e-04 1.665014e-02 2.099606e-06 1.918225e-02 4.333417e-05 3.364876e-03 7.679883e-01 8.580294e-05 1.924985e-01 9.269301e-06 1.746255e-05 
2.828182e-01 3.559622e-02 2.274504e+03 6.065822e-05 1.979188e+04 5.961369e+02 2.343321e-04 1.609369e-02 1.818797e-05 1.915814e-02 5.610237e-05 3.480708e-03 7.660395e-01 1.333295e-04 1.947593e-01 1.884694e-05 7.865854e-06 
2.859949e-01 3.569178e-02 2.261373e+03 5.981963e-05 1.979259e+04 5.952232e+02 1.865490e-04 1.630493e-02 2.492784e-05 1.914856e-02 3.274128e-05 3.167428e-03 7.677700e-01 1.073694e-04 1.932360e-01 1.708669e-05 4.423319e-06 
2.891717e-01 3.578693e-02 2.259702e+03 5.978021e-05 1.979030e+04 5.895502e+02 1.776226e-04 1.580925e-02 3.066255e-05 1.923095e-02 2.956698e-05 3.411969e-03 7.687908e-01 8.340744e-05 1.924018e-01 3.376256e-05 2.232880e-07 
2.923485e-01 3.588163e-02 2.251951e+03 5.948750e-05 1.979259e+04 5.888497e+02 2.299827e-04 1.612576e-02 1.832694e-05 1.905475e-02 3.029350e-05 3.473892e-03 7.662611e-01 1.589374e-04 1.946245e-01 5.024497e-06 1.740075e-05 
2.955253e-01 3.597619e-02 2.248668e+03 5.921086e-05 1.978960e+04 5.863885e+02 1.483808e-04 1.596519e-02 1.085617e-05 1.956112e-02 4.696512e-05 3.345403e-03 7.676377e-01 6.821938e-05 1.931938e-01 1.842349e-05 3.916892e-06 
2.987020e-01 3.607041e-02 2.233684e+03 5.882273e-05 1.978840e+04 5.891496e+02 2.169563e-04 1.635982e-02 2.489964e-05 1.914173e-02 1.727281e-05 3.591388e-03 7.668202e-01 1.419192e-04 1.936529e-01 4.620899e-06 2.824365e-05 
3.018788e-01 3.616434e-02 2.229755e+03 5.846739e-05 1.979177e+04 5.846693e+02 1.771122e-04 1.648297e-02 6.325866e-06 1.936566e-02 5.264538e-05 3.528576e-03 7.671659e-01 1.036208e-04 1.931027e-01 7.088693e-06 7.431412e-06 
3.050556e-01 3.625766e-02 2.212387e+03 5.831245e-05 1.979132e+04 5.810249e+02 1.947097e-04 1.619326e-02 1.205536e-05 1.922690e-02 4.446467e-05 3.563257e-03 7.673315e-01 9.609185e-05 1.932957e-01 1.656338e-05 2.553442e-05 
3.082323e-01 3.635048e-02 2.202649e+03 5.786965e-05 1.979348e+04 5.759737e+02 1.586857e-04 1.626179e-02 2.389838e-05 1.903583e-02 2.142998e-05 3.846533e-03 7.676474e-01 7.854062e-05 1.928911e-01 1.468734e-05 2.012944e-05 
3.114091e-01 3.644299e-02 2.188864e+03 5.757982e-05 1.979146e+04 5.772985e+02 1.681371e-04 1.616136e-02 1.567659e-05 1.978604e-02 4.759290e-05 3.423744e-03 7.674430e-01 8.861303e-05 1.928496e-01 5.440556e-06 1.081415e-05 
3.145859e-01 3.653511e-02 2.192707e+03 5.745693e-05 1.979241e+04 5.733186e+02 1.522300e-04 1.567320e-02 1.998027e-05 1.949075e-02 3.824542e-05 4.035800e-03 7.669734e-01 7.376378e-05 1.935224e-01 1.607318e-05 4.166855e-06 
3.177626e-01 3.662684e-02 2.178444e+03 5.679923e-05 1.979049e+04 5.723347e+02 2.026939e-04 1.552619e-02 1.185312e-05 1.976591e-02 5.164243e-05 3.735636e-03 7.690120e-01 1.206173e-04 1.915549e-01 1.660862e-05 1.972693e-06 
3.209394e-01 3.671817e-02 2.168761e+03 5.684017e-05 1.979464e+04 5.663484e+02 1.518933e-04 1.564500e-02 1.708546e-05 1.958888e-02 1.780577e-05 3.755979e-03 7.677587e-01 8.689284e-05 1.929477e-01 9.671018e-06 2.043806e-05 
3.241162e-01 3.680893e-02 2.172953e+03 5.627585e-05 1.979144e+04 5.623945e+02 1.451903e-04 1.559450e-02 2.524901e-05 2.010080e-02 3.226048e-05 3.748673e-03 7.678668e-01 7.466047e-05 1.923989e-01 3.264685e-06 9.755845e-06 
3.272929e-01 3.689937e-02 2.148132e+03 5.616962e-05 1.979297e+04 5.649773e+02 1.972957e-04 1.546082e-02 1.245565e-05 1.918902e-02 2.225011e-05 3.654743e-03 7.676121e-01 1.125352e-04 1.936888e-01 1.525286e-05 3.480185e-05 
3.304697e-01 3.698934e-02 2.152892e+03 5.570137e-05 1.979548e+04 5.552583e+02 2.330862e-04 1.577347e-02 1.639019e-05 1.965969e-02 5.966712e-05 3.723889e-03 7.668629e-01 1.285985e-04 1.935139e-01 8.920492e-06 1.950986e-05 
3.336465e-01 3.707888e-02 2.148389e+03 5.543922e-05 1.979445e+04 5.559151e+02 1.866997e-04 1.608352e-02 3.090075e-05 2.041771e-02 3.290487e-05 4.037802e-03 7.663238e-01 1.075328e-04 1.927637e-01 6.297690e-06 9.063562e-06 
3.368232e-01 3.716791e-02 2.141372e+03 5.519865e-05 1.979430e+04 5.541646e+02 2.311151e-04 1.526346e-02 9.217603e-06 2.004225e-02 5.791099e-05 3.559612e-03 7.666994e-01 1.278836e-04 1.939730e-01 8.599538e-06 2.750281e-05 
3.400000e-01 3.725668e-02 2.125618e+03 5.472219e-05 1.979710e+04 5.535506e+02 1.366100e-04 1.546051e-02 2.035169e-05 2.028613e-02 1.499552e-05 4.004260e-03 7.670345e-01 8.505113e-05 1.929414e-01 4.765475e-06 1.144614e-05 
