2.550000e-02 2.133837e-02 7.398282e+03 6.235715e-05 1.960151e+04 5.856354e+02 2.370418e-04 3.338522e-02 3.688403e-05 2.146353e-02 4.881522e-05 2.574655e-04 7.538572e-01 1.310917e-04 1.905625e-01 8.916539e-06 1.133461e-05 
2.867677e-02 2.143560e-02 7.170042e+03 6.278986e-05 1.960041e+04 6.154088e+02 2.533192e-04 3.401329e-02 3.406535e-05 2.380353e-02 5.247827e-05 3.678925e-04 7.535738e-01 1.258634e-04 1.877349e-01 2.427518e-05 1.663717e-05 
3.185354e-02 2.153715e-02 6.913971e+03 6.347427e-05 1.959798e+04 6.301169e+02 2.760456e-04 3.421584e-02 2.331707e-05 2.476225e-02 5.376935e-05 4.153776e-04 7.516709e-01 1.522016e-04 1.883836e-01 2.717556e-05 1.958221e-05 
3.503030e-02 2.164226e-02 6.722281e+03 6.413953e-05 1.959580e+04 6.516841e+02 2.450089e-04 3.455468e-02 9.537969e-06 2.574928e-02 3.427363e-05 4.905054e-04 7.533221e-01 1.523514e-04 1.853934e-01 1.954026e-05 2.930565e-05 
3.820707e-02 2.175016e-02 6.501849e+03 6.438898e-05 1.959942e+04 6.685123e+02 2.988962e-04 3.482367e-02 3.051321e-05 2.645598e-02 9.508579e-05 5.048932e-04 7.499490e-01 1.281608e-04 1.876687e-01 2.205317e-05 2.308324e-05 
4.138384e-02 2.186016e-02 6.358106e+03 6.475744e-05 1.959211e+04 6.835365e+02 2.492577e-04 3.410479e-02 1.744266e-05 2.763396e-02 5.965680e-05 6.017026e-04 7.500415e-01 1.371303e-04 1.871195e-01 1.276261e-05 2.226568e-05 
4.456061e-02 2.197211e-02 6.211783e+03 6.490460e-05 1.959178e+04 6.983505e+02 3.028684e-04 3.533362e-02 4.092271e-05 2.727059e-02 5.318756e-05 6.468932e-04 7.511774e-01 1.814914e-04 1.849657e-01 1.597181e-05 1.129486e-05 
4.773737e-02 2.208581e-02 5.974832e+03 6.519062e-05 1.959710e+04 7.059940e+02 2.724814e-04 3.461681e-02 3.328605e-05 2.781943e-02 5.631234e-05 7.495870e-04 7.500971e-01 1.569005e-04 1.861722e-01 1.419259e-05 1.178949e-05 
5.091414e-02 2.220091e-02 5.829952e+03 6.553958e-05 1.959950e+04 7.084470e+02 3.289102e-04 3.401618e-02 5.779434e-05 2.823074e-02 8.491479e-05 7.491149e-04 7.506371e-01 1.557627e-04 1.857090e-01 2.042229e-05 1.001539e-05 
5.409091e-02 2.231685e-02 5.700514e+03 6.560532e-05 1.959775e+04 7.235368e+02 3.323688e-04 3.486722e-02 4.214045e-05 2.858371e-02 8.393936e-05 8.839219e-04 7.496036e-01 1.750197e-04 1.853968e-01 2.580058e-05 5.468757e-06 
5.726768e-02 2.243342e-02 5.551697e+03 6.574865e-05 1.960091e+04 7.242221e+02 3.022591e-04 3.494842e-02 4.857485e-05 2.883402e-02 3.726794e-05 9.296224e-04 7.497242e-01 1.715962e-04 1.849593e-01 1.301229e-05 3.180826e-05 
6.044444e-02 2.255066e-02 5.414136e+03 6.598087e-05 1.959588e+04 7.239029e+02 2.868626e-04 3.345111e-02 5.888703e-05 2.869054e-02 4.719129e-05 9.244119e-04 7.497873e-01 1.443895e-04 1.865729e-01 2.451353e-05 1.188140e-05 
6.362121e-02 2.266821e-02 5.281378e+03 6.603059e-05 1.960177e+04 7.248441e+02 2.872777e-04 3.390672e-02 5.862191e-05 2.919397e-02 3.641007e-05 1.047813e-03 7.497350e-01 1.636253e-04 1.855419e-01 1.470485e-05 1.391610e-05 
6.679798e-02 2.278575e-02 5.174018e+03 6.634293e-05 1.959674e+04 7.300578e+02 2.335918e-04 3.371173e-02 3.737336e-05 2.857079e-02 5.410283e-05 9.941632e-04 7.522423e-01 1.383926e-04 1.840138e-01 2.508797e-06 1.214678e-06 
6.997475e-02 2.290382e-02 5.060121e+03 6.571634e-05 1.960097e+04 7.216386e+02 3.071783e-04 3.440155e-02 2.931260e-05 2.829372e-02 8.956894e-05 1.154208e-03 7.495873e-01 1.575333e-04 1.859489e-01 1.727252e-05 1.349078e-05 
7.315152e-02 2.302184e-02 4.954468e+03 6.618496e-05 1.961020e+04 7.284432e+02 3.480367e-04 3.285034e-02 2.949006e-05 2.898357e-02 7.568524e-05 1.091506e-03 7.514769e-01 1.885244e-04 1.849016e-01 2.451597e-05 2.982117e-05 
7.632828e-02 2.314007e-02 4.818205e+03 6.569737e-05 1.961490e+04 7.271896e+02 3.614236e-04 3.316811e-02 1.211936e-05 2.932123e-02 5.762448e-05 1.442788e-03 7.497624e-01 2.314358e-04 1.855826e-01 3.634914e-05 2.389458e-05 
7.950505e-02 2.325792e-02 4.744893e+03 6.581091e-05 1.961180e+04 7.238026e+02 3.323844e-04 3.294120e-02 2.529592e-05 2.903835e-02 6.598177e-05 1.360020e-03 7.505753e-01 1.921922e-04 1.854204e-01 2.149580e-05 2.741910e-05 
8.268182e-02 2.337567e-02 4.660774e+03 6.574011e-05 1.961577e+04 7.263219e+02 3.470275e-04 3.327895e-02 2.883721e-05 2.920887e-02 7.799329e-05 1.439459e-03 7.493622e-01 1.846051e-04 1.860164e-01 3.399889e-05 2.159320e-05 
8.585859e-02 2.349309e-02 4.581864e+03 6.534955e-05 1.961342e+04 7.247278e+02 3.802097e-04 3.315909e-02 3.129405e-05 2.892844e-02 6.915147e-05 1.374646e-03 7.483693e-01 2.187568e-04 1.874081e-01 3.281127e-05 2.819665e-05 
8.903535e-02 2.361015e-02 4.502865e+03 6.509947e-05 1.961828e+04 7.239371e+02 3.053168e-04 3.307798e-02 3.314285e-05 2.863922e-02 7.307514e-05 1.516922e-03 7.509498e-01 1.658448e-04 1.852054e-01 1.183796e-05 2.141570e-05 
9.221212e-02 2.372720e-02 4.433432e+03 6.486365e-05 1.961608e+04 7.223539e+02 3.970209e-04 3.279896e-02 3.096140e-05 2.895712e-02 7.872611e-05 1.512687e-03 7.495343e-01 2.474596e-04 1.864029e-01 2.259871e-05 1.727506e-05 
9.538889e-02 2.384359e-02 4.358058e+03 6.478124e-05 1.961670e+04 7.122794e+02 2.979384e-04 3.322300e-02 2.949681e-05 2.924500e-02 5.249732e-05 1.790705e-03 7.500362e-01 1.827322e-04 1.851092e-01 1.537422e-05 1.783750e-05 
9.856566e-02 2.395958e-02 4.296856e+03 6.433553e-05 1.961483e+04 7.142375e+02 3.786134e-04 3.353000e-02 5.483653e-05 2.884619e-02 7.773473e-05 1.580730e-03 7.495677e-01 2.029350e-04 1.857182e-01 2.942098e-05 1.368643e-05 
1.017424e-01 2.407510e-02 4.220125e+03 6.449745e-05 1.962197e+04 7.093690e+02 3.554640e-04 3.242166e-02 6.275630e-05 2.895787e-02 5.692374e-05 1.803606e-03 7.496590e-01 1.828970e-04 1.864469e-01 2.836481e-05 2.452162e-05 
1.049192e-01 2.419009e-02 4.173198e+03 6.383818e-05 1.962247e+04 7.089346e+02 3.427373e-04 3.265323e-02 4.404044e-05 2.884780e-02 6.926826e-05 1.771467e-03 7.498239e-01 1.708728e-04 1.862181e-01 3.412227e-05 2.443333e-05 
1.080960e-01 2.430438e-02 4.104961e+03 6.368586e-05 1.962274e+04 7.068576e+02 3.414698e-04 3.239395e-02 2.877091e-05 2.908421e-02 7.188880e-05 1.971178e-03 7.501941e-01 2.058977e-04 1.856736e-01 1.510490e-05 1.980751e-05 
1.112727e-01 2.441831e-02 4.055145e+03 6.321695e-05 1.962202e+04 7.019742e+02 3.024740e-04 3.277118e-02 1.995977e-05 2.935591e-02 6.040707e-05 1.992673e-03 7.486635e-01 1.718486e-04 1.866118e-01 3.161173e-05 1.864707e-05 
1.144495e-01 2.453125e-02 4.009622e+03 6.305967e-05 1.962853e+04 6.934828e+02 2.723359e-04 3.254027e-02 6.122594e-05 2.911634e-02 7.645612e-05 2.110859e-03 7.485042e-01 1.100389e-04 1.871836e-01 1.057594e-05 1.403876e-05 
1.176263e-01 2.464358e-02 3.959826e+03 6.266235e-05 1.962853e+04 6.957270e+02 3.177928e-04 3.223014e-02 4.390329e-05 2.933243e-02 4.552705e-05 2.017209e-03 7.509194e-01 1.860585e-04 1.848652e-01 3.016825e-05 1.213588e-05 
1.208030e-01 2.475540e-02 3.901315e+03 6.211704e-05 1.962591e+04 6.909582e+02 3.893345e-04 3.185317e-02 4.804763e-05 2.987440e-02 7.805991e-05 2.016392e-03 7.499988e-01 1.995733e-04 1.854786e-01 3.322437e-05 3.042920e-05 
1.239798e-01 2.486649e-02 3.852978e+03 6.189374e-05 1.962813e+04 6.843356e+02 3.140905e-04 3.143286e-02 4.443580e-05 2.939558e-02 6.332701e-05 2.186888e-03 7.508297e-01 1.824088e-04 1.855268e-01 1.633505e-05 7.583831e-06 
1.271566e-01 2.497665e-02 3.826656e+03 6.159140e-05 1.962734e+04 6.794860e+02 3.771478e-04 3.205938e-02 5.979301e-05 2.914542e-02 7.371472e-05 2.102741e-03 7.500135e-01 2.176494e-04 1.859246e-01 2.260100e-05 3.389199e-06 
1.303333e-01 2.508623e-02 3.769002e+03 6.130946e-05 1.962788e+04 6.746295e+02 3.091736e-04 3.215381e-02 2.551153e-05 2.883215e-02 7.181154e-05 2.376976e-03 7.490649e-01 1.731432e-04 1.869538e-01 2.828455e-05 1.042299e-05 
1.335101e-01 2.519516e-02 3.723983e+03 6.105013e-05 1.963667e+04 6.711139e+02 3.508701e-04 3.247991e-02 5.875895e-05 2.896773e-02 2.861726e-05 2.311194e-03 7.507991e-01 2.178092e-04 1.847403e-01 3.144638e-05 1.423842e-05 
1.366869e-01 2.530319e-02 3.676025e+03 6.060737e-05 1.963484e+04 6.646518e+02 2.690865e-04 3.196112e-02 3.408362e-05 2.914768e-02 4.604029e-05 2.360402e-03 7.485322e-01 1.651030e-04 1.874605e-01 8.274238e-06 1.558551e-05 
1.398636e-01 2.541029e-02 3.649985e+03 6.014345e-05 1.962815e+04 6.578001e+02 3.228888e-04 3.170478e-02 2.933591e-05 2.904314e-02 5.126573e-05 2.399656e-03 7.490571e-01 1.874998e-04 1.871495e-01 2.507885e-05 2.970790e-05 
1.430404e-01 2.551660e-02 3.623484e+03 5.975094e-05 1.963084e+04 6.543339e+02 3.521534e-04 3.177943e-02 3.612115e-05 2.928002e-02 1.077293e-04 2.460548e-03 7.495642e-01 1.745985e-04 1.862115e-01 1.217306e-05 2.153076e-05 
1.462172e-01 2.562212e-02 3.575140e+03 5.947661e-05 1.963923e+04 6.500082e+02 2.923973e-04 3.187537e-02 5.808273e-05 2.887618e-02 3.125422e-05 2.476897e-03 7.492351e-01 1.718691e-04 1.869517e-01 1.051255e-05 2.067895e-05 
1.493939e-01 2.572703e-02 3.548084e+03 5.884615e-05 1.963298e+04 6.425647e+02 3.337666e-04 3.224303e-02 3.507704e-05 2.934107e-02 5.089406e-05 2.762495e-03 7.491621e-01 1.997235e-04 1.858238e-01 3.068838e-05 1.738373e-05 
1.525707e-01 2.583128e-02 3.518298e+03 5.859356e-05 1.963719e+04 6.424539e+02 3.390119e-04 3.186446e-02 6.296658e-05 2.940759e-02 6.148771e-05 2.640480e-03 7.489267e-01 1.590430e-04 1.864828e-01 3.896812e-05 1.654693e-05 
1.557475e-01 2.593469e-02 3.481352e+03 5.803048e-05 1.963532e+04 6.378222e+02 3.460689e-04 3.217491e-02 2.438889e-05 2.982730e-02 8.936391e-05 2.730442e-03 7.474621e-01 2.005850e-04 1.871131e-01 1.749240e-05 1.423873e-05 
1.589242e-01 2.603726e-02 3.446587e+03 5.766526e-05 1.963754e+04 6.311228e+02 3.708182e-04 3.197371e-02 5.790574e-05 2.879685e-02 9.674040e-05 2.735863e-03 7.497386e-01 1.817172e-04 1.860134e-01 1.273399e-05 2.172114e-05 
1.621010e-01 2.613924e-02 3.428256e+03 5.735723e-05 1.963877e+04 6.271242e+02 3.658601e-04 3.156299e-02 3.704478e-05 2.988133e-02 8.801768e-05 2.750190e-03 7.484910e-01 1.929969e-04 1.865827e-01 2.179355e-05 2.600745e-05 
1.652778e-01 2.624047e-02 3.406211e+03 5.688773e-05 1.963654e+04 6.277143e+02 3.179895e-04 3.222929e-02 4.468400e-05 2.952538e-02 5.263378e-05 2.895792e-03 7.484435e-01 1.825482e-04 1.862700e-01 1.611510e-05 2.200803e-05 
1.684545e-01 2.634136e-02 3.379525e+03 5.646509e-05 1.963889e+04 6.212704e+02 3.302816e-04 3.113625e-02 3.924969e-05 2.928385e-02 1.012662e-04 3.128275e-03 7.490566e-01 1.497548e-04 1.867344e-01 3.101077e-05 8.999551e-06 
1.716313e-01 2.644146e-02 3.347818e+03 5.605580e-05 1.963606e+04 6.152572e+02 3.300900e-04 3.184888e-02 3.208194e-05 2.943988e-02 6.524279e-05 2.896073e-03 7.483610e-01 1.922426e-04 1.867940e-01 2.002587e-05 2.049656e-05 
1.748081e-01 2.654052e-02 3.323248e+03 5.594501e-05 1.964293e+04 6.090508e+02 2.889466e-04 3.080661e-02 3.148162e-05 3.012883e-02 4.817878e-05 3.251712e-03 7.481618e-01 1.891025e-04 1.870731e-01 1.871149e-05 1.472501e-06 
1.779848e-01 2.663876e-02 3.309636e+03 5.507871e-05 1.964246e+04 6.074561e+02 2.838810e-04 3.220175e-02 3.292350e-05 2.973101e-02 5.392494e-05 3.040092e-03 7.476530e-01 1.292245e-04 1.868064e-01 3.441920e-05 3.338926e-05 
1.811616e-01 2.673619e-02 3.280394e+03 5.472294e-05 1.964216e+04 5.969957e+02 2.929039e-04 3.090833e-02 3.807623e-05 2.979631e-02 6.653137e-05 3.297589e-03 7.492816e-01 1.381921e-04 1.861304e-01 2.367663e-05 2.642764e-05 
1.843384e-01 2.683286e-02 3.258687e+03 5.417256e-05 1.964135e+04 5.985702e+02 3.857774e-04 3.107544e-02 2.980001e-05 3.051377e-02 7.483263e-05 3.346437e-03 7.487033e-01 2.366656e-04 1.855895e-01 2.486854e-05 1.961013e-05 
1.875152e-01 2.692893e-02 3.237905e+03 5.403754e-05 1.964608e+04 5.935106e+02 3.503576e-04 3.103773e-02 4.779632e-05 3.011740e-02 6.892476e-05 3.347285e-03 7.486380e-01 1.529010e-04 1.861589e-01 3.974186e-05 4.099356e-05 
1.906919e-01 2.702408e-02 3.214186e+03 5.362766e-05 1.964633e+04 5.855225e+02 3.457637e-04 3.104637e-02 3.892435e-05 2.981761e-02 8.703219e-05 3.560468e-03 7.490088e-01 1.714598e-04 1.858752e-01 2.443389e-05 2.391363e-05 
1.938687e-01 2.711838e-02 3.193069e+03 5.303282e-05 1.964610e+04 5.802971e+02 3.370465e-04 3.107951e-02 4.114035e-05 2.977913e-02 4.156320e-05 3.273759e-03 7.492069e-01 1.972960e-04 1.859866e-01 4.094071e-05 1.610569e-05 
1.970455e-01 2.721216e-02 3.168002e+03 5.288832e-05 1.964976e+04 5.784307e+02 2.965578e-04 3.125245e-02 1.715343e-05 3.005571e-02 9.132761e-05 3.370314e-03 7.490593e-01 1.356492e-04 1.856691e-01 3.689425e-05 1.553358e-05 
2.002222e-01 2.730506e-02 3.152308e+03 5.262191e-05 1.965289e+04 5.733478e+02 3.566146e-04 2.988638e-02 4.835464e-05 2.978507e-02 4.959581e-05 3.432334e-03 7.508702e-01 2.327717e-04 1.853128e-01 1.706255e-05 8.829911e-06 
2.033990e-01 2.739713e-02 3.122350e+03 5.215589e-05 1.964796e+04 5.650312e+02 2.807058e-04 3.072938e-02 3.664460e-05 3.068414e-02 7.573295e-05 3.633766e-03 7.489526e-01 1.034980e-04 1.854387e-01 4.210288e-05 2.272686e-05 
2.065758e-01 2.748838e-02 3.091803e+03 5.166320e-05 1.964926e+04 5.620962e+02 4.183928e-04 3.060405e-02 2.299147e-05 3.014089e-02 8.617094e-05 3.414645e-03 7.491299e-01 2.557887e-04 1.858737e-01 1.937588e-05 3.406607e-05 
2.097525e-01 2.757903e-02 3.086598e+03 5.122913e-05 1.964817e+04 5.608473e+02 2.921026e-04 3.074298e-02 5.659519e-05 3.060688e-02 8.040385e-05 3.837832e-03 7.487188e-01 1.219414e-04 1.855093e-01 2.835057e-05 4.811320e-06 
2.129293e-01 2.766890e-02 3.065475e+03 5.104487e-05 1.965267e+04 5.505301e+02 3.749785e-04 2.990632e-02 6.248669e-05 3.071853e-02 5.213604e-05 3.903940e-03 7.474977e-01 2.259606e-04 1.872235e-01 2.569565e-05 8.699944e-06 
2.161061e-01 2.775809e-02 3.052813e+03 5.063867e-05 1.964716e+04 5.472260e+02 3.116055e-04 2.959695e-02 2.992815e-05 3.057274e-02 7.490855e-05 3.459647e-03 7.494784e-01 1.594392e-04 1.862691e-01 2.125927e-05 2.607055e-05 
2.192828e-01 2.784638e-02 3.036060e+03 5.011379e-05 1.965028e+04 5.456881e+02 3.640434e-04 3.115497e-02 5.217215e-05 3.056153e-02 7.586828e-05 4.031470e-03 7.475098e-01 1.874934e-04 1.860141e-01 2.252219e-05 2.598726e-05 
2.224596e-01 2.793418e-02 3.028396e+03 4.980148e-05 1.964882e+04 5.399880e+02 3.570243e-04 3.056446e-02 1.736059e-05 3.057360e-02 6.460707e-05 3.542438e-03 7.484433e-01 2.287698e-04 1.861622e-01 3.186896e-05 1.441824e-05 
2.256364e-01 2.802139e-02 3.000361e+03 4.946755e-05 1.965415e+04 5.380715e+02 3.724878e-04 3.026512e-02 7.533763e-05 3.027309e-02 7.183993e-05 3.792547e-03 7.484632e-01 1.789840e-04 1.864611e-01 2.268278e-05 2.364361e-05 
2.288131e-01 2.810749e-02 2.989528e+03 4.902340e-05 1.965856e+04 5.303771e+02 3.349676e-04 3.080796e-02 5.935549e-05 3.053759e-02 6.327907e-05 3.806895e-03 7.480665e-01 1.787941e-04 1.861111e-01 2.075065e-05 1.278874e-05 
2.319899e-01 2.819333e-02 2.977051e+03 4.868275e-05 1.965099e+04 5.277337e+02 3.577774e-04 2.980242e-02 4.206712e-05 3.113061e-02 6.229172e-05 3.906723e-03 7.490112e-01 1.876005e-04 1.854335e-01 3.166246e-05 3.415637e-05 
2.351667e-01 2.827857e-02 2.969475e+03 4.821752e-05 1.965285e+04 5.265342e+02 3.600208e-04 3.076776e-02 2.951027e-05 3.027195e-02 7.920000e-05 4.053679e-03 7.480360e-01 1.781550e-04 1.861506e-01 4.683409e-05 2.632168e-05 
2.383434e-01 2.836349e-02 2.954350e+03 4.818090e-05 1.965631e+04 5.219343e+02 3.401433e-04 3.006835e-02 3.347292e-05 3.068394e-02 6.169216e-05 4.018478e-03 7.489526e-01 2.118813e-04 1.855964e-01 2.149955e-05 1.159713e-05 
2.415202e-01 2.844736e-02 2.927574e+03 4.769742e-05 1.965132e+04 5.133078e+02 2.913685e-04 2.984370e-02 1.535791e-05 2.965175e-02 8.910199e-05 4.094402e-03 7.504981e-01 1.476172e-04 1.853293e-01 2.095994e-05 1.833132e-05 
2.446970e-01 2.853043e-02 2.914472e+03 4.732340e-05 1.965859e+04 5.132179e+02 3.141856e-04 2.971189e-02 2.572995e-05 3.075922e-02 6.013951e-05 4.080361e-03 7.496896e-01 1.871903e-04 1.851305e-01 2.198580e-05 1.914021e-05 
2.478737e-01 2.861309e-02 2.909972e+03 4.704296e-05 1.965847e+04 5.062752e+02 4.110934e-04 2.998576e-02 2.985966e-05 3.043153e-02 7.653493e-05 4.068085e-03 7.486788e-01 2.117692e-04 1.860137e-01 6.249442e-05 3.043522e-05 
2.510505e-01 2.869498e-02 2.899642e+03 4.651362e-05 1.965625e+04 5.042790e+02 3.024709e-04 2.994029e-02 2.799738e-05 3.027828e-02 6.568405e-05 4.168795e-03 7.514300e-01 1.632240e-04 1.835777e-01 2.328611e-05 2.227884e-05 
2.542273e-01 2.877639e-02 2.872627e+03 4.619348e-05 1.965455e+04 5.025445e+02 3.958192e-04 2.970332e-02 6.070972e-05 3.021891e-02 8.615530e-05 4.531590e-03 7.487462e-01 1.840486e-04 1.860083e-01 3.871727e-05 2.618873e-05 
2.574040e-01 2.885720e-02 2.879441e+03 4.611142e-05 1.965804e+04 4.957489e+02 3.680751e-04 2.938750e-02 3.928761e-05 3.048565e-02 7.723411e-05 4.309624e-03 7.486469e-01 1.817057e-04 1.864341e-01 4.064870e-05 2.919881e-05 
2.605808e-01 2.893759e-02 2.840227e+03 4.575856e-05 1.965818e+04 4.966521e+02 4.407712e-04 3.038541e-02 3.692011e-05 3.055418e-02 7.065369e-05 4.426981e-03 7.477682e-01 2.767967e-04 1.859837e-01 2.092634e-05 3.547409e-05 
2.637576e-01 2.901733e-02 2.834296e+03 4.525547e-05 1.965804e+04 4.901537e+02 3.425667e-04 2.966703e-02 4.861835e-05 3.015248e-02 6.068047e-05 4.346844e-03 7.503762e-01 1.679698e-04 1.847723e-01 3.210374e-05 3.319464e-05 
2.669343e-01 2.909587e-02 2.825003e+03 4.521595e-05 1.965885e+04 4.833666e+02 3.993217e-04 3.039323e-02 5.947323e-05 3.068809e-02 4.250087e-05 4.513493e-03 7.478782e-01 2.407053e-04 1.857284e-01 3.333524e-05 2.330722e-05 
2.701111e-01 2.917410e-02 2.811455e+03 4.466328e-05 1.965996e+04 4.811434e+02 4.123986e-04 2.969089e-02 5.678742e-05 3.027806e-02 6.720747e-05 4.524487e-03 7.498863e-01 2.211186e-04 1.847954e-01 1.976232e-05 4.752331e-05 
2.732879e-01 2.925203e-02 2.795887e+03 4.455297e-05 1.965907e+04 4.830389e+02 3.732232e-04 2.938681e-02 2.076330e-05 3.087859e-02 7.039705e-05 4.292909e-03 7.502877e-01 2.203278e-04 1.844076e-01 2.076852e-05 4.096640e-05 
2.764646e-01 2.932942e-02 2.791004e+03 4.436281e-05 1.965884e+04 4.728055e+02 3.057491e-04 3.006808e-02 4.046830e-05 3.122385e-02 5.306880e-05 4.454772e-03 7.490498e-01 1.622765e-04 1.845920e-01 2.865881e-05 2.127683e-05 
2.796414e-01 2.940577e-02 2.777555e+03 4.402017e-05 1.966051e+04 4.709605e+02 3.834383e-04 2.906315e-02 8.044928e-05 3.139241e-02 5.739082e-05 4.602666e-03 7.479551e-01 1.840292e-04 1.862198e-01 2.326495e-05 3.830438e-05 
2.828182e-01 2.948164e-02 2.776524e+03 4.365688e-05 1.966070e+04 4.698920e+02 3.782131e-04 2.906709e-02 5.891076e-05 3.053839e-02 6.433808e-05 4.441963e-03 7.506557e-01 1.862980e-04 1.845404e-01 3.117233e-05 3.749465e-05 
2.859949e-01 2.955711e-02 2.759592e+03 4.347248e-05 1.965674e+04 4.685388e+02 3.588661e-04 2.888102e-02 3.699582e-05 3.161801e-02 5.071678e-05 4.643208e-03 7.485417e-01 1.793304e-04 1.855984e-01 1.950771e-05 7.231522e-05 
2.891717e-01 2.963216e-02 2.740321e+03 4.309250e-05 1.966333e+04 4.631089e+02 4.032778e-04 2.861499e-02 4.676133e-05 3.072914e-02 5.203149e-05 4.670406e-03 7.496386e-01 2.380353e-04 1.855403e-01 1.317849e-05 5.327135e-05 
2.923485e-01 2.970666e-02 2.745248e+03 4.282965e-05 1.966238e+04 4.596119e+02 2.845470e-04 2.855721e-02 1.944516e-05 3.170169e-02 3.919650e-05 4.841060e-03 7.488513e-01 1.720178e-04 1.854796e-01 2.100443e-05 3.288258e-05 
2.955253e-01 2.978060e-02 2.730542e+03 4.243401e-05 1.966259e+04 4.556172e+02 3.152963e-04 2.877492e-02 3.270373e-05 3.103983e-02 6.715240e-05 5.015929e-03 7.484047e-01 1.735482e-04 1.861340e-01 2.141147e-05 2.048055e-05 
2.987020e-01 2.985392e-02 2.723748e+03 4.212629e-05 1.966510e+04 4.548561e+02 3.807918e-04 2.929200e-02 2.205234e-05 3.140132e-02 6.317513e-05 4.831687e-03 7.483853e-01 2.141305e-04 1.853282e-01 2.797904e-05 5.345460e-05 
3.018788e-01 2.992676e-02 2.707583e+03 4.204577e-05 1.966390e+04 4.473977e+02 3.241556e-04 2.853171e-02 4.920146e-05 3.158762e-02 4.899940e-05 4.664952e-03 7.499657e-01 1.995588e-04 1.846017e-01 1.761672e-05 8.779181e-06 
3.050556e-01 2.999907e-02 2.688578e+03 4.172350e-05 1.966439e+04 4.455389e+02 3.042554e-04 2.965707e-02 2.586165e-05 3.188003e-02 4.385000e-05 4.750027e-03 7.514622e-01 1.836772e-04 1.816422e-01 2.352103e-05 2.734604e-05 
3.082323e-01 3.007099e-02 2.675757e+03 4.147516e-05 1.966719e+04 4.457307e+02 3.449097e-04 2.859885e-02 5.648037e-05 3.110462e-02 2.974634e-05 4.963664e-03 7.478689e-01 1.918652e-04 1.867742e-01 4.662611e-05 2.019165e-05 
3.114091e-01 3.014242e-02 2.679341e+03 4.122976e-05 1.966652e+04 4.374255e+02 3.966169e-04 2.968140e-02 2.423961e-05 3.163412e-02 5.999167e-05 5.047953e-03 7.485142e-01 2.467932e-04 1.843291e-01 1.776193e-05 4.783124e-05 
3.145859e-01 3.021313e-02 2.655606e+03 4.096051e-05 1.966741e+04 4.344128e+02 3.860544e-04 2.850277e-02 3.194294e-05 3.078122e-02 5.603366e-05 5.185653e-03 7.495784e-01 2.426956e-04 1.851798e-01 3.501065e-05 2.037220e-05 
3.177626e-01 3.028333e-02 2.652887e+03 4.071397e-05 1.966773e+04 4.362873e+02 3.620483e-04 2.858827e-02 3.892593e-06 3.084289e-02 7.493020e-05 4.833711e-03 7.515091e-01 2.328389e-04 1.835019e-01 2.092644e-05 2.946036e-05 
3.209394e-01 3.035309e-02 2.626331e+03 4.058834e-05 1.966505e+04 4.269892e+02 4.048366e-04 2.982565e-02 4.187393e-05 3.054015e-02 5.770012e-05 5.104616e-03 7.498846e-01 2.732724e-04 1.838354e-01 1.746555e-05 1.452450e-05 
3.241162e-01 3.042229e-02 2.632420e+03 4.029405e-05 1.966608e+04 4.265427e+02 3.360277e-04 2.802094e-02 3.383769e-05 3.141061e-02 6.951602e-05 5.038927e-03 7.505086e-01 1.939315e-04 1.843489e-01 2.703869e-05 1.170378e-05 
3.272929e-01 3.049096e-02 2.614509e+03 3.985411e-05 1.966396e+04 4.235551e+02 4.386215e-04 2.856611e-02 6.376377e-05 3.084989e-02 1.061641e-04 5.036891e-03 7.516641e-01 2.142517e-04 1.830058e-01 2.556108e-05 2.888073e-05 
3.304697e-01 3.055935e-02 2.613673e+03 3.983880e-05 1.966483e+04 4.216429e+02 2.904265e-04 2.856005e-02 4.596448e-05 3.228214e-02 5.902249e-05 5.503703e-03 7.507667e-01 1.399847e-04 1.823066e-01 2.010162e-05 2.535320e-05 
3.336465e-01 3.062727e-02 2.618837e+03 3.943631e-05 1.966896e+04 4.182369e+02 3.503161e-04 2.882981e-02 3.374454e-05 3.086502e-02 5.573471e-05 4.965283e-03 7.500907e-01 2.160891e-04 1.845486e-01 1.984471e-05 2.490320e-05 
3.368232e-01 3.069459e-02 2.608364e+03 3.929932e-05 1.967201e+04 4.147231e+02 3.264732e-04 2.811344e-02 4.346765e-05 3.195808e-02 8.161754e-05 5.401520e-03 7.495614e-01 1.807633e-04 1.843127e-01 1.931471e-05 1.310178e-06 
3.400000e-01 3.076151e-02 2.596841e+03 3.907728e-05 1.966793e+04 4.105331e+02 4.426765e-04 2.890534e-02 3.167504e-05 3.235260e-02 8.654441e-05 4.962712e-03 7.482595e-01 2.800484e-04 1.846345e-01 2.291707e-05 2.149140e-05 
