2.550000e-02 9.190128e-03 1.479623e+04 4.736661e-05 1.820304e+04 4.924960e+02 2.168167e-03 1.467589e-01 2.801282e-04 8.995396e-02 4.243798e-04 1.634714e-03 6.163990e-01 1.161335e-03 1.409172e-01 1.620676e-04 1.402522e-04 
2.867677e-02 9.273268e-03 1.400828e+04 4.546950e-05 1.825962e+04 4.579998e+02 2.177237e-03 1.424160e-01 2.792401e-04 8.910983e-02 3.017869e-04 1.842860e-03 6.197579e-01 1.358555e-03 1.425189e-01 1.114085e-04 1.262450e-04 
3.185354e-02 9.349840e-03 1.322025e+04 4.379947e-05 1.832453e+04 4.199591e+02 2.002289e-03 1.401201e-01 2.564769e-04 8.887941e-02 3.247238e-04 1.737603e-03 6.225198e-01 1.174781e-03 1.427385e-01 1.508412e-04 9.546073e-05 
3.503030e-02 9.420255e-03 1.271527e+04 4.221758e-05 1.836277e+04 4.044018e+02 1.860703e-03 1.380638e-01 2.059308e-04 8.736710e-02 3.192027e-04 1.883503e-03 6.240117e-01 1.029885e-03 1.449525e-01 1.591681e-04 1.465203e-04 
3.820707e-02 9.486012e-03 1.213984e+04 4.125395e-05 1.840579e+04 3.686946e+02 1.915747e-03 1.336189e-01 2.313431e-04 8.818296e-02 3.151882e-04 2.145371e-03 6.270732e-01 1.151120e-03 1.451481e-01 1.247499e-04 9.334562e-05 
4.138384e-02 9.547672e-03 1.164487e+04 3.995802e-05 1.844928e+04 3.470310e+02 1.843382e-03 1.333846e-01 2.337749e-04 8.825816e-02 2.552467e-04 2.084592e-03 6.280706e-01 1.127381e-03 1.445152e-01 9.481955e-05 1.321562e-04 
4.456061e-02 9.604935e-03 1.122547e+04 3.916082e-05 1.847794e+04 3.180748e+02 1.769716e-03 1.317348e-01 2.481853e-04 8.559476e-02 2.478663e-04 2.055249e-03 6.299137e-01 1.032738e-03 1.471621e-01 1.368258e-04 1.040981e-04 
4.773737e-02 9.658722e-03 1.081783e+04 3.799009e-05 1.850751e+04 3.039352e+02 1.784879e-03 1.289824e-01 1.814875e-04 8.690615e-02 3.248589e-04 2.209210e-03 6.325867e-01 1.098949e-03 1.457459e-01 7.133985e-05 1.082472e-04 
5.091414e-02 9.709158e-03 1.040743e+04 3.723341e-05 1.854479e+04 2.903664e+02 1.836356e-03 1.278828e-01 2.254256e-04 8.517853e-02 3.557861e-04 2.445299e-03 6.323919e-01 9.943302e-04 1.484288e-01 1.071733e-04 1.536392e-04 
5.409091e-02 9.756796e-03 1.012507e+04 3.628656e-05 1.857477e+04 2.692385e+02 1.939581e-03 1.242381e-01 2.781195e-04 8.602464e-02 3.698313e-04 2.439968e-03 6.354452e-01 1.038815e-03 1.479728e-01 1.386080e-04 1.142094e-04 
5.726768e-02 9.802235e-03 9.810709e+03 3.554695e-05 1.859603e+04 2.652783e+02 1.790491e-03 1.250874e-01 2.110591e-04 8.448010e-02 3.216956e-04 2.791826e-03 6.349961e-01 1.038566e-03 1.490636e-01 9.820230e-05 1.209711e-04 
6.044444e-02 9.845181e-03 9.567073e+03 3.472322e-05 1.861172e+04 2.487929e+02 1.632942e-03 1.238576e-01 2.460673e-04 8.489753e-02 3.263635e-04 2.307078e-03 6.376395e-01 7.976340e-04 1.480324e-01 1.685942e-04 9.428366e-05 
6.362121e-02 9.885651e-03 9.305944e+03 3.415716e-05 1.863929e+04 2.288302e+02 1.691585e-03 1.209707e-01 1.745823e-04 8.311053e-02 3.081242e-04 2.654920e-03 6.410011e-01 9.656929e-04 1.488795e-01 7.294317e-05 1.702456e-04 
6.679798e-02 9.923794e-03 9.033716e+03 3.349191e-05 1.865171e+04 2.144676e+02 1.591266e-03 1.186535e-01 2.269321e-04 8.293240e-02 2.186102e-04 2.661956e-03 6.436894e-01 9.559559e-04 1.488802e-01 1.113801e-04 7.838529e-05 
6.997475e-02 9.959519e-03 8.885329e+03 3.294364e-05 1.867308e+04 1.984251e+02 1.520496e-03 1.189565e-01 2.379005e-04 8.348537e-02 1.853312e-04 2.855878e-03 6.416138e-01 9.640758e-04 1.500474e-01 5.074777e-05 8.244331e-05 
7.315152e-02 9.993370e-03 8.677992e+03 3.236461e-05 1.869029e+04 1.978992e+02 1.616217e-03 1.184008e-01 1.692105e-04 8.159728e-02 2.739965e-04 3.039552e-03 6.433715e-01 9.306094e-04 1.503584e-01 1.102018e-04 1.322007e-04 
7.632828e-02 1.002586e-02 8.496684e+03 3.162137e-05 1.871060e+04 1.829788e+02 1.525543e-03 1.183204e-01 1.411722e-04 8.327309e-02 2.245460e-04 3.364572e-03 6.449421e-01 9.098477e-04 1.470487e-01 1.311016e-04 1.188754e-04 
7.950505e-02 1.005715e-02 8.313921e+03 3.148644e-05 1.870677e+04 1.841039e+02 1.384736e-03 1.158237e-01 1.088450e-04 8.345029e-02 2.531309e-04 2.804966e-03 6.449474e-01 8.417367e-04 1.502041e-01 1.117169e-04 6.930717e-05 
8.268182e-02 1.008657e-02 8.124712e+03 3.097837e-05 1.873857e+04 1.672308e+02 1.593604e-03 1.166511e-01 1.741217e-04 8.136992e-02 2.675229e-04 3.231807e-03 6.451357e-01 9.559400e-04 1.504243e-01 1.064431e-04 8.957285e-05 
8.585859e-02 1.011442e-02 7.954911e+03 3.043435e-05 1.876505e+04 1.527110e+02 1.598344e-03 1.133819e-01 1.577449e-04 8.192060e-02 2.390564e-04 3.348506e-03 6.455142e-01 1.003658e-03 1.526382e-01 1.066763e-04 9.120305e-05 
8.903535e-02 1.014100e-02 7.819386e+03 3.012071e-05 1.876884e+04 1.488712e+02 1.511359e-03 1.116974e-01 1.607191e-04 8.198441e-02 2.532054e-04 3.131549e-03 6.478294e-01 8.436004e-04 1.523344e-01 1.349569e-04 1.188808e-04 
9.221212e-02 1.016598e-02 7.709636e+03 2.934758e-05 1.877489e+04 1.543062e+02 1.570660e-03 1.134201e-01 2.149633e-04 8.141930e-02 2.494895e-04 3.402767e-03 6.478527e-01 9.443455e-04 1.507638e-01 6.903590e-05 9.281776e-05 
9.538889e-02 1.019065e-02 7.524625e+03 2.931206e-05 1.879711e+04 1.395487e+02 1.276641e-03 1.111045e-01 1.935519e-04 8.191638e-02 2.158278e-04 2.965953e-03 6.498350e-01 6.771579e-04 1.516249e-01 9.017488e-05 9.992900e-05 
9.856566e-02 1.021427e-02 7.438731e+03 2.879294e-05 1.880303e+04 1.358047e+02 1.385143e-03 1.110336e-01 1.673601e-04 8.071736e-02 2.206146e-04 3.815784e-03 6.482578e-01 8.255415e-04 1.534052e-01 5.010392e-05 1.215225e-04 
1.017424e-01 1.023668e-02 7.303744e+03 2.854099e-05 1.881900e+04 1.335639e+02 1.429538e-03 1.105568e-01 2.005211e-04 7.975051e-02 2.612683e-04 3.192535e-03 6.538564e-01 8.319978e-04 1.497847e-01 5.188867e-05 8.386011e-05 
1.049192e-01 1.025908e-02 7.153267e+03 2.823746e-05 1.882584e+04 1.286036e+02 1.288624e-03 1.108441e-01 1.489629e-04 7.948146e-02 2.406000e-04 3.745127e-03 6.513045e-01 7.184367e-04 1.520476e-01 9.703507e-05 8.358994e-05 
1.080960e-01 1.028033e-02 7.111905e+03 2.786278e-05 1.884497e+04 1.234963e+02 1.278351e-03 1.076851e-01 1.239996e-04 7.948666e-02 2.580009e-04 3.718041e-03 6.528375e-01 6.772086e-04 1.537160e-01 8.568981e-05 1.334521e-04 
1.112727e-01 1.030043e-02 6.991380e+03 2.749128e-05 1.884990e+04 1.172191e+02 1.518211e-03 1.088393e-01 2.683729e-04 7.959831e-02 2.184012e-04 3.745267e-03 6.530508e-01 7.896226e-04 1.517298e-01 1.248782e-04 1.169363e-04 
1.144495e-01 1.031982e-02 6.870042e+03 2.721079e-05 1.886634e+04 1.203232e+02 1.172245e-03 1.070505e-01 1.408491e-04 8.049583e-02 2.219786e-04 3.739308e-03 6.547396e-01 6.948378e-04 1.516303e-01 5.243092e-05 6.214925e-05 
1.176263e-01 1.033901e-02 6.751224e+03 2.698987e-05 1.885943e+04 1.098662e+02 1.151108e-03 1.071402e-01 1.241747e-04 7.948625e-02 2.015195e-04 3.741918e-03 6.544714e-01 6.352787e-04 1.528580e-01 6.153147e-05 1.286042e-04 
1.208030e-01 1.035762e-02 6.686742e+03 2.673042e-05 1.887159e+04 1.035156e+02 1.447366e-03 1.074733e-01 1.803852e-04 7.885136e-02 2.754497e-04 3.565313e-03 6.541897e-01 7.996830e-04 1.530256e-01 6.728424e-05 1.245628e-04 
1.239798e-01 1.037471e-02 6.631785e+03 2.651834e-05 1.887692e+04 9.551263e+01 1.434578e-03 1.039987e-01 2.228934e-04 7.820127e-02 2.470849e-04 4.209539e-03 6.579248e-01 7.563852e-04 1.527965e-01 9.100761e-05 1.172078e-04 
1.271566e-01 1.039224e-02 6.551097e+03 2.618131e-05 1.889027e+04 1.063297e+02 1.546252e-03 1.038387e-01 2.421075e-04 7.987482e-02 3.085108e-04 3.464036e-03 6.566625e-01 8.015388e-04 1.530675e-01 7.552918e-05 1.185648e-04 
1.303333e-01 1.040920e-02 6.466266e+03 2.595566e-05 1.890289e+04 9.962709e+01 1.345079e-03 1.038516e-01 1.953164e-04 7.959044e-02 2.208617e-04 3.769031e-03 6.564941e-01 7.687530e-04 1.536047e-01 1.046781e-04 5.547023e-05 
1.335101e-01 1.042554e-02 6.377604e+03 2.574762e-05 1.890251e+04 9.741072e+01 1.281873e-03 1.036708e-01 1.594415e-04 7.771540e-02 3.205454e-04 3.851976e-03 6.585994e-01 7.060345e-04 1.535987e-01 4.499420e-05 5.085752e-05 
1.366869e-01 1.044060e-02 6.271924e+03 2.553334e-05 1.892800e+04 8.981326e+01 1.339093e-03 1.038148e-01 2.010032e-04 7.775407e-02 2.493982e-04 4.320491e-03 6.571312e-01 7.814732e-04 1.543012e-01 6.057123e-05 4.664671e-05 
1.398636e-01 1.045487e-02 6.220065e+03 2.538729e-05 1.892411e+04 7.693337e+01 1.270648e-03 1.016798e-01 1.671621e-04 7.734727e-02 2.791843e-04 4.029439e-03 6.608969e-01 6.680922e-04 1.535053e-01 7.521925e-05 8.099246e-05 
1.430404e-01 1.046884e-02 6.174498e+03 2.522022e-05 1.893008e+04 8.475080e+01 1.244223e-03 1.007668e-01 1.522007e-04 7.722395e-02 2.216473e-04 3.912677e-03 6.636604e-01 7.462305e-04 1.519477e-01 4.977496e-05 7.436908e-05 
1.462172e-01 1.048262e-02 6.115810e+03 2.499527e-05 1.893916e+04 7.574939e+01 1.284842e-03 1.011268e-01 1.269680e-04 7.750560e-02 3.094388e-04 4.286695e-03 6.602155e-01 7.024319e-04 1.542957e-01 1.122331e-04 3.376977e-05 
1.493939e-01 1.049594e-02 6.043035e+03 2.482527e-05 1.894232e+04 7.530157e+01 1.379952e-03 1.022363e-01 1.747798e-04 7.462699e-02 2.679815e-04 4.182170e-03 6.637020e-01 8.086280e-04 1.524926e-01 6.839702e-05 6.016578e-05 
1.525707e-01 1.050914e-02 5.934830e+03 2.463133e-05 1.894905e+04 7.889489e+01 1.279314e-03 9.901034e-02 1.968678e-04 7.709002e-02 1.948921e-04 4.455250e-03 6.619990e-01 7.631462e-04 1.548868e-01 4.652462e-05 7.788410e-05 
1.557475e-01 1.052145e-02 5.903964e+03 2.440806e-05 1.895937e+04 6.874181e+01 1.396537e-03 1.007166e-01 2.350019e-04 7.502620e-02 2.543324e-04 4.158131e-03 6.629959e-01 7.600223e-04 1.543101e-01 6.428551e-05 8.289495e-05 
1.589242e-01 1.053385e-02 5.832418e+03 2.411705e-05 1.897191e+04 7.748306e+01 1.048878e-03 9.968763e-02 1.528406e-04 7.622164e-02 1.598382e-04 4.293004e-03 6.625144e-01 5.889618e-04 1.551855e-01 1.074595e-04 3.977826e-05 
1.621010e-01 1.054589e-02 5.756873e+03 2.410276e-05 1.897604e+04 7.484458e+01 1.204305e-03 9.854079e-02 1.940096e-04 7.537050e-02 1.974197e-04 4.324481e-03 6.650100e-01 7.170600e-04 1.543457e-01 5.748386e-05 3.833183e-05 
1.652778e-01 1.055817e-02 5.695875e+03 2.389700e-05 1.897614e+04 7.765846e+01 1.197531e-03 9.930166e-02 2.028208e-04 7.551517e-02 1.846165e-04 5.023848e-03 6.631729e-01 6.863726e-04 1.545913e-01 5.223080e-05 7.149322e-05 
1.684545e-01 1.057064e-02 5.691564e+03 2.375015e-05 1.899114e+04 7.552184e+01 1.356567e-03 9.674202e-02 1.687780e-04 7.564340e-02 2.379316e-04 4.721382e-03 6.667054e-01 8.009370e-04 1.534747e-01 9.696606e-05 5.195398e-05 
1.716313e-01 1.058185e-02 5.601032e+03 2.358552e-05 1.899868e+04 5.843751e+01 1.054492e-03 9.708282e-02 9.065132e-05 7.583233e-02 2.503408e-04 4.970137e-03 6.655084e-01 5.996041e-04 1.544973e-01 3.065839e-05 8.323696e-05 
1.748081e-01 1.059279e-02 5.578888e+03 2.338150e-05 1.900207e+04 6.431462e+01 1.184845e-03 9.751332e-02 1.534038e-04 7.445275e-02 2.441133e-04 4.845931e-03 6.674178e-01 6.357696e-04 1.534005e-01 6.916706e-05 8.239169e-05 
1.779848e-01 1.060383e-02 5.508609e+03 2.337852e-05 1.901274e+04 6.799158e+01 1.284149e-03 9.592623e-02 2.007354e-04 7.578845e-02 3.202170e-04 4.690867e-03 6.648500e-01 6.398343e-04 1.561762e-01 7.268336e-05 5.067881e-05 
1.811616e-01 1.061540e-02 5.478630e+03 2.332630e-05 1.901653e+04 7.030811e+01 1.409875e-03 9.444338e-02 1.034137e-04 7.436111e-02 2.365521e-04 4.858866e-03 6.668861e-01 9.093525e-04 1.566308e-01 5.651109e-05 1.040445e-04 
1.843384e-01 1.062651e-02 5.412041e+03 2.324120e-05 1.901593e+04 5.982352e+01 9.352892e-04 9.480356e-02 7.391924e-05 7.397327e-02 1.643379e-04 4.982305e-03 6.682189e-01 5.336837e-04 1.561514e-01 8.082255e-05 8.252532e-05 
1.875152e-01 1.063704e-02 5.381120e+03 2.296941e-05 1.902701e+04 6.109570e+01 1.251794e-03 9.429428e-02 1.641551e-04 7.696052e-02 2.411326e-04 4.827539e-03 6.674576e-01 6.801152e-04 1.539565e-01 8.562199e-05 8.076992e-05 
1.906919e-01 1.064748e-02 5.333173e+03 2.301192e-05 1.902962e+04 6.513892e+01 1.111015e-03 9.466180e-02 1.157749e-04 7.286346e-02 2.077006e-04 5.032209e-03 6.694206e-01 6.841454e-04 1.557999e-01 5.805062e-05 4.534329e-05 
1.938687e-01 1.065802e-02 5.300906e+03 2.266161e-05 1.904190e+04 6.582073e+01 1.234380e-03 9.186865e-02 1.579071e-04 7.351813e-02 1.414063e-04 5.191335e-03 6.717042e-01 7.775903e-04 1.552489e-01 8.662034e-05 7.085389e-05 
1.970455e-01 1.066856e-02 5.249407e+03 2.263254e-05 1.904006e+04 6.651295e+01 1.286427e-03 9.288212e-02 1.122466e-04 7.391719e-02 1.928310e-04 5.104848e-03 6.710969e-01 8.084564e-04 1.544260e-01 7.084654e-05 1.020461e-04 
2.002222e-01 1.067940e-02 5.214345e+03 2.256781e-05 1.904437e+04 6.200821e+01 1.271222e-03 9.218472e-02 1.789714e-04 7.487326e-02 3.102246e-04 5.649871e-03 6.710192e-01 6.172057e-04 1.537305e-01 7.847204e-05 8.634750e-05 
2.033990e-01 1.068984e-02 5.209109e+03 2.243674e-05 1.905953e+04 6.300537e+01 1.356091e-03 9.027928e-02 1.952773e-04 7.391671e-02 1.801641e-04 5.035825e-03 6.747581e-01 7.946464e-04 1.532979e-01 1.550396e-04 3.096223e-05 
2.065758e-01 1.069978e-02 5.159004e+03 2.222520e-05 1.906740e+04 5.764120e+01 1.007304e-03 9.321188e-02 1.050100e-04 7.513673e-02 3.011166e-04 5.084937e-03 6.696863e-01 4.532910e-04 1.548655e-01 8.014113e-05 6.774463e-05 
2.097525e-01 1.070951e-02 5.079708e+03 2.219646e-05 1.906560e+04 5.505432e+01 1.256982e-03 9.203954e-02 1.911681e-04 7.212554e-02 2.527466e-04 4.980811e-03 6.728558e-01 7.218598e-04 1.554843e-01 8.005560e-05 1.115132e-05 
2.129293e-01 1.071925e-02 5.036426e+03 2.202051e-05 1.906889e+04 5.583147e+01 1.048226e-03 9.082168e-02 7.468726e-05 7.409177e-02 2.603681e-04 5.316691e-03 6.700450e-01 5.389817e-04 1.576284e-01 1.072103e-04 6.697903e-05 
2.161061e-01 1.072919e-02 5.019344e+03 2.202533e-05 1.907314e+04 5.877993e+01 1.058714e-03 8.847711e-02 2.085890e-04 7.286282e-02 1.717655e-04 5.562295e-03 6.744248e-01 5.399336e-04 1.565555e-01 8.026046e-05 5.816545e-05 
2.192828e-01 1.073903e-02 4.978597e+03 2.179950e-05 1.907480e+04 6.027581e+01 1.261445e-03 8.813151e-02 1.314835e-04 7.375364e-02 2.349743e-04 5.209664e-03 6.748596e-01 7.347127e-04 1.555227e-01 1.032915e-04 5.698246e-05 
2.224596e-01 1.074877e-02 4.950330e+03 2.170480e-05 1.908228e+04 5.704278e+01 1.119903e-03 8.890247e-02 1.450721e-04 7.214761e-02 2.112293e-04 5.436769e-03 6.742039e-01 6.436904e-04 1.570695e-01 8.846813e-05 3.144069e-05 
2.256364e-01 1.075821e-02 4.931933e+03 2.164487e-05 1.908722e+04 5.902026e+01 1.029570e-03 8.783274e-02 1.325123e-04 7.452243e-02 2.044385e-04 5.737599e-03 6.737820e-01 5.694057e-04 1.560661e-01 1.011702e-04 2.204351e-05 
2.288131e-01 1.076830e-02 4.885663e+03 2.156743e-05 1.908688e+04 5.845489e+01 1.283451e-03 8.720537e-02 1.637062e-04 7.161993e-02 3.107424e-04 5.487601e-03 6.749017e-01 7.026103e-04 1.582185e-01 5.377237e-05 5.262033e-05 
2.319899e-01 1.077827e-02 4.870173e+03 2.153376e-05 1.909798e+04 5.527578e+01 1.183580e-03 8.748204e-02 1.753022e-04 7.178780e-02 1.375280e-04 5.413462e-03 6.767223e-01 6.345934e-04 1.562272e-01 1.508207e-04 8.533543e-05 
2.351667e-01 1.078782e-02 4.811205e+03 2.138971e-05 1.910009e+04 5.905844e+01 1.203661e-03 8.653172e-02 1.311676e-04 7.249376e-02 1.855251e-04 5.727833e-03 6.756667e-01 7.645816e-04 1.571727e-01 7.858672e-05 4.379962e-05 
2.383434e-01 1.079746e-02 4.797037e+03 2.121304e-05 1.910171e+04 5.461101e+01 1.318213e-03 8.740564e-02 1.512516e-04 7.071144e-02 2.802337e-04 5.890770e-03 6.754762e-01 6.805758e-04 1.578795e-01 7.724200e-05 1.289100e-04 
2.415202e-01 1.080688e-02 4.766076e+03 2.126959e-05 1.909798e+04 5.085189e+01 1.387422e-03 8.721953e-02 1.071898e-04 7.042560e-02 2.248730e-04 5.607011e-03 6.781535e-01 8.564368e-04 1.558195e-01 8.497803e-05 1.139457e-04 
2.446970e-01 1.081624e-02 4.751951e+03 2.090470e-05 1.910932e+04 6.154151e+01 1.256840e-03 8.808209e-02 1.636614e-04 7.111835e-02 2.513725e-04 5.942384e-03 6.757813e-01 6.589288e-04 1.565622e-01 1.015643e-04 8.131411e-05 
2.478737e-01 1.082578e-02 4.692688e+03 2.110615e-05 1.910532e+04 5.717884e+01 1.168344e-03 8.484419e-02 1.930219e-04 7.097868e-02 1.745309e-04 5.954692e-03 6.800484e-01 6.579178e-04 1.558373e-01 1.047020e-04 3.817062e-05 
2.510505e-01 1.083552e-02 4.664427e+03 2.087168e-05 1.912351e+04 6.125475e+01 1.123798e-03 8.469978e-02 1.177546e-04 7.151605e-02 2.891329e-04 5.569783e-03 6.786348e-01 5.829446e-04 1.573320e-01 6.028603e-05 7.368070e-05 
2.542273e-01 1.084515e-02 4.651803e+03 2.093978e-05 1.912097e+04 5.821433e+01 1.270262e-03 8.483523e-02 1.659872e-04 7.239792e-02 2.834173e-04 5.866008e-03 6.783251e-01 7.264431e-04 1.560352e-01 5.374459e-05 4.067031e-05 
2.574040e-01 1.085469e-02 4.626742e+03 2.090383e-05 1.911896e+04 5.727298e+01 1.042480e-03 8.388081e-02 1.189691e-04 7.041318e-02 2.290339e-04 5.922067e-03 6.808532e-01 5.667621e-04 1.568458e-01 5.786019e-05 6.985545e-05 
2.605808e-01 1.086453e-02 4.596704e+03 2.081398e-05 1.913262e+04 6.201885e+01 1.158569e-03 8.300371e-02 1.109319e-04 7.138226e-02 2.246897e-04 6.060811e-03 6.820708e-01 6.876534e-04 1.551652e-01 3.506195e-05 1.002320e-04 
2.637576e-01 1.087397e-02 4.557821e+03 2.084286e-05 1.913732e+04 6.196392e+01 1.189971e-03 8.438398e-02 1.891741e-04 6.999666e-02 1.807672e-04 6.188278e-03 6.795624e-01 6.589240e-04 1.574888e-01 9.857114e-05 6.253510e-05 
2.669343e-01 1.088371e-02 4.514006e+03 2.061760e-05 1.913484e+04 6.008932e+01 9.934764e-04 8.285546e-02 8.461560e-05 7.130063e-02 1.853398e-04 6.133151e-03 6.806735e-01 6.045042e-04 1.570503e-01 4.799143e-05 7.102487e-05 
2.701111e-01 1.089315e-02 4.482838e+03 2.062871e-05 1.914395e+04 5.324213e+01 9.686860e-04 8.134191e-02 8.328892e-05 7.130045e-02 1.660076e-04 6.287262e-03 6.814082e-01 5.875631e-04 1.577248e-01 1.024551e-04 2.937144e-05 
2.732879e-01 1.090299e-02 4.516811e+03 2.044465e-05 1.914342e+04 5.868080e+01 1.130003e-03 8.354101e-02 1.715987e-04 6.968844e-02 1.401758e-04 6.598819e-03 6.793341e-01 6.827079e-04 1.585777e-01 5.008376e-05 8.543747e-05 
2.764646e-01 1.091226e-02 4.486657e+03 2.044998e-05 1.914304e+04 5.130077e+01 1.085986e-03 8.267697e-02 1.164809e-04 7.006419e-02 2.186971e-04 6.018661e-03 6.832942e-01 6.263926e-04 1.557740e-01 1.189705e-04 5.442911e-06 
2.796414e-01 1.092173e-02 4.430184e+03 2.040458e-05 1.915270e+04 5.617774e+01 1.088046e-03 8.157689e-02 1.073008e-04 6.918209e-02 1.650703e-04 6.399647e-03 6.847352e-01 6.969845e-04 1.559301e-01 7.791871e-05 4.077079e-05 
2.828182e-01 1.093090e-02 4.423751e+03 2.012092e-05 1.915530e+04 5.987743e+01 1.012591e-03 7.994649e-02 1.263837e-04 6.879649e-02 1.418013e-04 6.495433e-03 6.857712e-01 5.745022e-04 1.569652e-01 8.538367e-05 8.452046e-05 
2.859949e-01 1.094111e-02 4.383918e+03 2.018528e-05 1.915236e+04 6.729177e+01 1.185238e-03 7.917504e-02 1.686303e-04 7.042994e-02 1.915222e-04 6.321407e-03 6.852576e-01 6.586895e-04 1.564456e-01 1.025059e-04 6.389006e-05 
2.891717e-01 1.095128e-02 4.403457e+03 2.013499e-05 1.915327e+04 6.393396e+01 9.596873e-04 8.104428e-02 1.222354e-04 6.935856e-02 1.083431e-04 6.679026e-03 6.832459e-01 5.670507e-04 1.577528e-01 1.247387e-04 3.731862e-05 
2.923485e-01 1.096102e-02 4.332011e+03 2.007802e-05 1.915902e+04 5.997902e+01 1.203414e-03 8.135577e-02 1.556543e-04 7.019466e-02 1.536714e-04 6.555053e-03 6.807498e-01 7.613735e-04 1.587378e-01 9.387489e-05 3.883847e-05 
2.955253e-01 1.097056e-02 4.317422e+03 2.008686e-05 1.917058e+04 6.138862e+01 9.528302e-04 7.884589e-02 1.283018e-04 6.926363e-02 1.170268e-04 6.827991e-03 6.848822e-01 5.374937e-04 1.582746e-01 1.128676e-04 5.714071e-05 
2.987020e-01 1.097989e-02 4.274731e+03 1.994670e-05 1.917397e+04 5.827397e+01 9.724913e-04 7.822658e-02 9.432619e-05 7.000124e-02 1.469361e-04 6.356423e-03 6.861652e-01 5.680824e-04 1.573056e-01 7.158068e-05 9.156646e-05 
3.018788e-01 1.099003e-02 4.300880e+03 2.000113e-05 1.917483e+04 6.330851e+01 9.927474e-04 7.800555e-02 4.512757e-05 6.800262e-02 1.033935e-04 6.468451e-03 6.873028e-01 6.556464e-04 1.582351e-01 1.256804e-04 6.289866e-05 
3.050556e-01 1.099965e-02 4.240673e+03 1.976901e-05 1.916564e+04 6.998470e+01 9.844287e-04 7.881990e-02 9.318298e-05 6.839435e-02 1.005142e-04 6.940117e-03 6.880570e-01 6.178633e-04 1.558197e-01 8.243318e-05 9.043500e-05 
3.082323e-01 1.100971e-02 4.263374e+03 1.981101e-05 1.918060e+04 6.306356e+01 1.104885e-03 7.744997e-02 6.913537e-05 6.784212e-02 2.524906e-04 6.496983e-03 6.852466e-01 6.564515e-04 1.607546e-01 4.552642e-05 8.128003e-05 
3.114091e-01 1.101976e-02 4.260181e+03 1.969614e-05 1.918091e+04 6.841462e+01 1.641026e-03 7.802571e-02 4.167395e-04 6.461715e-02 7.063610e-05 7.470154e-03 6.907823e-01 9.244481e-04 1.558226e-01 1.510283e-04 7.817345e-05 
3.145859e-01 1.103019e-02 4.203920e+03 1.968767e-05 1.918015e+04 6.037877e+01 1.271419e-03 7.593037e-02 1.784048e-04 6.738031e-02 2.235441e-04 6.943188e-03 6.875199e-01 7.708440e-04 1.596834e-01 1.438574e-05 8.423999e-05 
3.177626e-01 1.103973e-02 4.191021e+03 1.953476e-05 1.919086e+04 6.241807e+01 1.417227e-03 7.827471e-02 1.837250e-04 6.755634e-02 1.551298e-04 7.502167e-03 6.871952e-01 7.890813e-04 1.566371e-01 1.304518e-04 1.588410e-04 
3.209394e-01 1.104957e-02 4.162288e+03 1.962557e-05 1.920548e+04 5.473726e+01 9.473391e-04 7.834681e-02 1.156782e-04 6.629287e-02 9.547204e-05 6.770475e-03 6.875560e-01 6.132008e-04 1.591392e-01 5.604030e-05 6.694788e-05 
3.241162e-01 1.105970e-02 4.131257e+03 1.948606e-05 1.918990e+04 5.833826e+01 1.062175e-03 7.670262e-02 1.304304e-04 6.808588e-02 1.166389e-04 7.475099e-03 6.884327e-01 6.132534e-04 1.571793e-01 1.122667e-04 8.958307e-05 
3.272929e-01 1.106959e-02 4.112414e+03 1.951318e-05 1.920036e+04 5.673825e+01 1.159963e-03 7.534436e-02 1.927646e-04 6.611761e-02 1.674801e-04 7.361111e-03 6.899162e-01 6.538481e-04 1.589408e-01 7.540184e-05 7.046822e-05 
3.304697e-01 1.107928e-02 4.102294e+03 1.938249e-05 1.920341e+04 6.079816e+01 1.019811e-03 7.686864e-02 1.951642e-04 6.761869e-02 1.275876e-04 7.429107e-03 6.887458e-01 4.798722e-04 1.572982e-01 1.174870e-04 9.969996e-05 
3.336465e-01 1.108902e-02 4.098054e+03 1.926587e-05 1.919912e+04 5.819918e+01 1.073117e-03 7.554456e-02 1.800980e-04 6.869845e-02 1.627976e-04 7.108377e-03 6.862156e-01 6.173187e-04 1.602868e-01 6.009533e-05 5.280869e-05 
3.368232e-01 1.109876e-02 4.062769e+03 1.926568e-05 1.920596e+04 5.773875e+01 9.912078e-04 7.670880e-02 2.393212e-04 6.637954e-02 1.641235e-04 6.954593e-03 6.890395e-01 3.763510e-04 1.589352e-01 1.253732e-04 8.603666e-05 
3.400000e-01 1.110850e-02 4.062057e+03 1.925057e-05 1.920193e+04 5.788109e+01 1.240457e-03 7.682832e-02 1.373539e-04 6.744699e-02 2.127949e-04 7.237831e-03 6.867560e-01 7.591756e-04 1.592500e-01 7.159493e-05 5.953519e-05 
