2.550000e-02 3.435351e-02 1.443571e+03 5.815292e-05 1.989851e+04 0.000000e+00 0.000000e+00 0.000000e+00 0.000000e+00 0.000000e+00 0.000000e+00 0.000000e+00 7.900000e-01 0.000000e+00 2.100000e-01 0.000000e+00 0.000000e+00
2.867677e-02 3.437751e-02 1.443571e+03 5.815292e-05 1.989851e+04 0.000000e+00 0.000000e+00 0.000000e+00 0.000000e+00 0.000000e+00 0.000000e+00 0.000000e+00 7.900000e-01 0.000000e+00 2.100000e-01 0.000000e+00 0.000000e+00
3.185354e-02 3.440458e-02 1.443571e+03 5.815292e-05 1.989851e+04 0.000000e+00 0.000000e+00 0.000000e+00 0.000000e+00 0.000000e+00 0.000000e+00 0.000000e+00 7.900000e-01 0.000000e+00 2.100000e-01 0.000000e+00 0.000000e+00
3.503030e-02 3.443492e-02 1.443571e+03 5.815292e-05 1.989851e+04 0.000000e+00 0.000000e+00 0.000000e+00 0.000000e+00 0.000000e+00 0.000000e+00 0.000000e+00 7.900000e-01 0.000000e+00 2.100000e-01 0.000000e+00 0.000000e+00
3.820707e-02 3.446846e-02 1.443571e+03 5.815292e-05 1.989851e+04 0.000000e+00 0.000000e+00 0.000000e+00 0.000000e+00 0.000000e+00 0.000000e+00 0.000000e+00 7.900000e-01 0.000000e+00 2.100000e-01 0.000000e+00 0.000000e+00
4.138384e-02 3.450503e-02 1.443571e+03 5.815292e-05 1.989851e+04 0.000000e+00 0.000000e+00 0.000000e+00 0.000000e+00 0.000000e+00 0.000000e+00 0.000000e+00 7.900000e-01 0.000000e+00 2.100000e-01 0.000000e+00 0.000000e+00
4.456061e-02 3.454446e-02 1.443571e+03 5.815292e-05 1.989851e+04 0.000000e+00 0.000000e+00 0.000000e+00 0.000000e+00 0.000000e+00 0.000000e+00 0.000000e+00 7.900000e-01 0.000000e+00 2.100000e-01 0.000000e+00 0.000000e+00
4.773737e-02 3.458696e-02 1.443571e+03 5.815292e-05 1.989851e+04 0.000000e+00 0.000000e+00 0.000000e+00 0.000000e+00 0.000000e+00 0.000000e+00 0.000000e+00 7.900000e-01 0.000000e+00 2.100000e-01 0.000000e+00 0.000000e+00
5.091414e-02 3.463216e-02 1.443571e+03 5.815292e-05 1.989851e+04 0.000000e+00 0.000000e+00 0.000000e+00 0.000000e+00 0.000000e+00 0.000000e+00 0.000000e+00 7.900000e-01 0.000000e+00 2.100000e-01 0.000000e+00 0.000000e+00
5.409091e-02 3.468041e-02 1.443571e+03 5.815292e-05 1.989851e+04 0.000000e+00 0.000000e+00 0.000000e+00 0.000000e+00 0.000000e+00 0.000000e+00 0.000000e+00 7.900000e-01 0.000000e+00 2.100000e-01 0.000000e+00 0.000000e+00
5.726768e-02 3.473128e-02 1.443571e+03 5.815292e-05 1.989851e+04 0.000000e+00 0.000000e+00 0.000000e+00 0.000000e+00 0.000000e+00 0.000000e+00 0.000000e+00 7.900000e-01 0.000000e+00 2.100000e-01 0.000000e+00 0.000000e+00
6.044444e-02 3.478447e-02 1.443571e+03 5.815292e-05 1.989851e+04 0.000000e+00 0.000000e+00 0.000000e+00 0.000000e+00 0.000000e+00 0.000000e+00 0.000000e+00 7.900000e-01 0.000000e+00 2.100000e-01 0.000000e+00 0.000000e+00
6.362121e-02 3.484020e-02 1.443571e+03 5.815292e-05 1.989851e+04 0.000000e+00 0.000000e+00 0.000000e+00 0.000000e+00 0.000000e+00 0.000000e+00 0.000000e+00 7.900000e-01 0.000000e+00 2.100000e-01 0.000000e+00 0.000000e+00
6.679798e-02 3.489797e-02 1.443571e+03 5.815292e-05 1.989851e+04 0.000000e+00 0.000000e+00 0.000000e+00 0.000000e+00 0.000000e+00 0.000000e+00 0.000000e+00 7.900000e-01 0.000000e+00 2.100000e-01 0.000000e+00 0.000000e+00
6.997475e-02 3.495813e-02 1.443571e+03 5.815292e-05 1.989851e+04 0.000000e+00 0.000000e+00 0.000000e+00 0.000000e+00 0.000000e+00 0.000000e+00 0.000000e+00 7.900000e-01 0.000000e+00 2.100000e-01 0.000000e+00 0.000000e+00
7.315152e-02 3.502051e-02 1.443571e+03 5.815292e-05 1.989851e+04 0.000000e+00 0.000000e+00 0.000000e+00 0.000000e+00 0.000000e+00 0.000000e+00 0.000000e+00 7.900000e-01 0.000000e+00 2.100000e-01 0.000000e+00 0.000000e+00
7.632828e-02 3.508518e-02 1.443571e+03 5.815292e-05 1.989851e+04 0.000000e+00 0.000000e+00 0.000000e+00 0.000000e+00 0.000000e+00 0.000000e+00 0.000000e+00 7.900000e-01 0.000000e+00 2.100000e-01 0.000000e+00 0.000000e+00
7.950505e-02 3.515190e-02 1.443571e+03 5.815292e-05 1.989851e+04 0.000000e+00 0.000000e+00 0.000000e+00 0.000000e+00 0.000000e+00 0.000000e+00 0.000000e+00 7.900000e-01 0.000000e+00 2.100000e-01 0.000000e+00 0.000000e+00
8.268182e-02 3.522065e-02 1.443571e+03 5.815292e-05 1.989851e+04 0.000000e+00 0.000000e+00 0.000000e+00 0.000000e+00 0.000000e+00 0.000000e+00 0.000000e+00 7.900000e-01 0.000000e+00 2.100000e-01 0.000000e+00 0.000000e+00
8.585859e-02 3.529164e-02 1.443571e+03 5.815292e-05 1.989851e+04 0.000000e+00 0.000000e+00 0.000000e+00 0.000000e+00 0.000000e+00 0.000000e+00 0.000000e+00 7.900000e-01 0.000000e+00 2.100000e-01 0.000000e+00 0.000000e+00
8.903535e-02 3.536426e-02 1.443571e+03 5.815292e-05 1.989851e+04 0.000000e+00 0.000000e+00 0.000000e+00 0.000000e+00 0.000000e+00 0.000000e+00 0.000000e+00 7.900000e-01 0.000000e+00 2.100000e-01 0.000000e+00 0.000000e+00
9.221212e-02 3.543873e-02 1.443571e+03 5.815292e-05 1.989851e+04 0.000000e+00 0.000000e+00 0.000000e+00 0.000000e+00 0.000000e+00 0.000000e+00 0.000000e+00 7.900000e-01 0.000000e+00 2.100000e-01 0.000000e+00 0.000000e+00
9.538889e-02 3.551483e-02 1.443571e+03 5.815292e-05 1.989851e+04 0.000000e+00 0.000000e+00 0.000000e+00 0.000000e+00 0.000000e+00 0.000000e+00 0.000000e+00 7.900000e-01 0.000000e+00 2.100000e-01 0.000000e+00 0.000000e+00
9.856566e-02 3.559267e-02 1.443571e+03 5.815292e-05 1.989851e+04 0.000000e+00 0.000000e+00 0.000000e+00 0.000000e+00 0.000000e+00 0.000000e+00 0.000000e+00 7.900000e-01 0.000000e+00 2.100000e-01 0.000000e+00 0.000000e+00
1.017424e-01 3.567204e-02 1.443571e+03 5.815292e-05 1.989851e+04 0.000000e+00 0.000000e+00 0.000000e+00 0.000000e+00 0.000000e+00 0.000000e+00 0.000000e+00 7.900000e-01 0.000000e+00 2.100000e-01 0.000000e+00 0.000000e+00
1.049192e-01 3.575284e-02 1.443571e+03 5.815292e-05 1.989851e+04 0.000000e+00 0.000000e+00 0.000000e+00 0.000000e+00 0.000000e+00 0.000000e+00 0.000000e+00 7.900000e-01 0.000000e+00 2.100000e-01 0.000000e+00 0.000000e+00
1.080960e-01 3.583492e-02 1.443571e+03 5.815292e-05 1.989851e+04 0.000000e+00 0.000000e+00 0.000000e+00 0.000000e+00 0.000000e+00 0.000000e+00 0.000000e+00 7.900000e-01 0.000000e+00 2.100000e-01 0.000000e+00 0.000000e+00
1.112727e-01 3.591875e-02 1.443571e+03 5.815292e-05 1.989851e+04 0.000000e+00 0.000000e+00 0.000000e+00 0.000000e+00 0.000000e+00 0.000000e+00 0.000000e+00 7.900000e-01 0.000000e+00 2.100000e-01 0.000000e+00 0.000000e+00
1.144495e-01 3.600398e-02 1.443571e+03 5.815292e-05 1.989851e+04 0.000000e+00 0.000000e+00 0.000000e+00 0.000000e+00 0.000000e+00 0.000000e+00 0.000000e+00 7.900000e-01 0.000000e+00 2.100000e-01 0.000000e+00 0.000000e+00
1.176263e-01 3.609062e-02 1.443571e+03 5.815292e-05 1.989851e+04 0.000000e+00 0.000000e+00 0.000000e+00 0.000000e+00 0.000000e+00 0.000000e+00 0.000000e+00 7.900000e-01 0.000000e+00 2.100000e-01 0.000000e+00 0.000000e+00
1.208030e-01 3.617848e-02 1.443571e+03 5.815292e-05 1.989851e+04 0.000000e+00 0.000000e+00 0.000000e+00 0.000000e+00 0.000000e+00 0.000000e+00 0.000000e+00 7.900000e-01 0.000000e+00 2.100000e-01 0.000000e+00 0.000000e+00
1.239798e-01 3.626719e-02 1.443571e+03 5.815292e-05 1.989851e+04 0.000000e+00 0.000000e+00 0.000000e+00 0.000000e+00 0.000000e+00 0.000000e+00 0.000000e+00 7.900000e-01 0.000000e+00 2.100000e-01 0.000000e+00 0.000000e+00
1.271566e-01 3.635693e-02 1.443571e+03 5.815292e-05 1.989851e+04 0.000000e+00 0.000000e+00 0.000000e+00 0.000000e+00 0.000000e+00 0.000000e+00 0.000000e+00 7.900000e-01 0.000000e+00 2.100000e-01 0.000000e+00 0.000000e+00
1.303333e-01 3.644774e-02 1.443571e+03 5.815292e-05 1.989851e+04 0.000000e+00 0.000000e+00 0.000000e+00 0.000000e+00 0.000000e+00 0.000000e+00 0.000000e+00 7.900000e-01 0.000000e+00 2.100000e-01 0.000000e+00 0.000000e+00
1.335101e-01 3.653966e-02 1.443571e+03 5.815292e-05 1.989851e+04 0.000000e+00 0.000000e+00 0.000000e+00 0.000000e+00 0.000000e+00 0.000000e+00 0.000000e+00 7.900000e-01 0.000000e+00 2.100000e-01 0.000000e+00 0.000000e+00
1.366869e-01 3.663259e-02 1.443571e+03 5.815292e-05 1.989851e+04 0.000000e+00 0.000000e+00 0.000000e+00 0.000000e+00 0.000000e+00 0.000000e+00 0.000000e+00 7.900000e-01 0.000000e+00 2.100000e-01 0.000000e+00 0.000000e+00
1.398636e-01 3.672657e-02 1.443571e+03 5.815292e-05 1.989851e+04 0.000000e+00 0.000000e+00 0.000000e+00 0.000000e+00 0.000000e+00 0.000000e+00 0.000000e+00 7.900000e-01 0.000000e+00 2.100000e-01 0.000000e+00 0.000000e+00
1.430404e-01 3.682126e-02 1.443571e+03 5.815292e-05 1.989851e+04 0.000000e+00 0.000000e+00 0.000000e+00 0.000000e+00 0.000000e+00 0.000000e+00 0.000000e+00 7.900000e-01 0.000000e+00 2.100000e-01 0.000000e+00 0.000000e+00
1.462172e-01 3.691667e-02 1.443571e+03 5.815292e-05 1.989851e+04 0.000000e+00 0.000000e+00 0.000000e+00 0.000000e+00 0.000000e+00 0.000000e+00 0.000000e+00 7.900000e-01 0.000000e+00 2.100000e-01 0.000000e+00 0.000000e+00
1.493939e-01 3.701292e-02 1.443571e+03 5.815292e-05 1.989851e+04 0.000000e+00 0.000000e+00 0.000000e+00 0.000000e+00 0.000000e+00 0.000000e+00 0.000000e+00 7.900000e-01 0.000000e+00 2.100000e-01 0.000000e+00 0.000000e+00
1.525707e-01 3.710992e-02 1.443571e+03 5.815292e-05 1.989851e+04 0.000000e+00 0.000000e+00 0.000000e+00 0.000000e+00 0.000000e+00 0.000000e+00 0.000000e+00 7.900000e-01 0.000000e+00 2.100000e-01 0.000000e+00 0.000000e+00
1.557475e-01 3.720755e-02 1.443571e+03 5.815292e-05 1.989851e+04 0.000000e+00 0.000000e+00 0.000000e+00 0.000000e+00 0.000000e+00 0.000000e+00 0.000000e+00 7.900000e-01 0.000000e+00 2.100000e-01 0.000000e+00 0.000000e+00
1.589242e-01 3.730580e-02 1.443571e+03 5.815292e-05 1.989851e+04 0.000000e+00 0.000000e+00 0.000000e+00 0.000000e+00 0.000000e+00 0.000000e+00 0.000000e+00 7.900000e-01 0.000000e+00 2.100000e-01 0.000000e+00 0.000000e+00
1.621010e-01 3.740452e-02 1.443571e+03 5.815292e-05 1.989851e+04 0.000000e+00 0.000000e+00 0.000000e+00 0.000000e+00 0.000000e+00 0.000000e+00 0.000000e+00 7.900000e-01 0.000000e+00 2.100000e-01 0.000000e+00 0.000000e+00
1.652778e-01 3.750365e-02 1.443571e+03 5.815292e-05 1.989851e+04 0.000000e+00 0.000000e+00 0.000000e+00 0.000000e+00 0.000000e+00 0.000000e+00 0.000000e+00 7.900000e-01 0.000000e+00 2.100000e-01 0.000000e+00 0.000000e+00
1.684545e-01 3.760347e-02 1.443571e+03 5.815292e-05 1.989851e+04 0.000000e+00 0.000000e+00 0.000000e+00 0.000000e+00 0.000000e+00 0.000000e+00 0.000000e+00 7.900000e-01 0.000000e+00 2.100000e-01 0.000000e+00 0.000000e+00
1.716313e-01 3.770358e-02 1.443571e+03 5.815292e-05 1.989851e+04 0.000000e+00 0.000000e+00 0.000000e+00 0.000000e+00 0.000000e+00 0.000000e+00 0.000000e+00 7.900000e-01 0.000000e+00 2.100000e-01 0.000000e+00 0.000000e+00
1.748081e-01 3.780418e-02 1.443571e+03 5.815292e-05 1.989851e+04 0.000000e+00 0.000000e+00 0.000000e+00 0.000000e+00 0.000000e+00 0.000000e+00 0.000000e+00 7.900000e-01 0.000000e+00 2.100000e-01 0.000000e+00 0.000000e+00
1.779848e-01 3.790535e-02 1.443571e+03 5.815292e-05 1.989851e+04 0.000000e+00 0.000000e+00 0.000000e+00 0.000000e+00 0.000000e+00 0.000000e+00 0.000000e+00 7.900000e-01 0.000000e+00 2.100000e-01 0.000000e+00 0.000000e+00
1.811616e-01 3.800658e-02 1.443571e+03 5.815292e-05 1.989851e+04 0.000000e+00 0.000000e+00 0.000000e+00 0.000000e+00 0.000000e+00 0.000000e+00 0.000000e+00 7.900000e-01 0.000000e+00 2.100000e-01 0.000000e+00 0.000000e+00
1.843384e-01 3.810818e-02 1.443571e+03 5.815292e-05 1.989851e+04 0.000000e+00 0.000000e+00 0.000000e+00 0.000000e+00 0.000000e+00 0.000000e+00 0.000000e+00 7.900000e-01 0.000000e+00 2.100000e-01 0.000000e+00 0.000000e+00
1.875152e-01 3.821008e-02 1.443571e+03 5.815292e-05 1.989851e+04 0.000000e+00 0.000000e+00 0.000000e+00 0.000000e+00 0.000000e+00 0.000000e+00 0.000000e+00 7.900000e-01 0.000000e+00 2.100000e-01 0.000000e+00 0.000000e+00
1.906919e-01 3.831216e-02 1.443571e+03 5.815292e-05 1.989851e+04 0.000000e+00 0.000000e+00 0.000000e+00 0.000000e+00 0.000000e+00 0.000000e+00 0.000000e+00 7.900000e-01 0.000000e+00 2.100000e-01 0.000000e+00 0.000000e+00
1.938687e-01 3.841441e-02 1.443571e+03 5.815292e-05 1.989851e+04 0.000000e+00 0.000000e+00 0.000000e+00 0.000000e+00 0.000000e+00 0.000000e+00 0.000000e+00 7.900000e-01 0.000000e+00 2.100000e-01 0.000000e+00 0.000000e+00
1.970455e-01 3.851681e-02 1.443571e+03 5.815292e-05 1.989851e+04 0.000000e+00 0.000000e+00 0.000000e+00 0.000000e+00 0.000000e+00 0.000000e+00 0.000000e+00 7.900000e-01 0.000000e+00 2.100000e-01 0.000000e+00 0.000000e+00
2.002222e-01 3.861939e-02 1.443571e+03 5.815292e-05 1.989851e+04 0.000000e+00 0.000000e+00 0.000000e+00 0.000000e+00 0.000000e+00 0.000000e+00 0.000000e+00 7.900000e-01 0.000000e+00 2.100000e-01 0.000000e+00 0.000000e+00
2.033990e-01 3.872216e-02 1.443571e+03 5.815292e-05 1.989851e+04 0.000000e+00 0.000000e+00 0.000000e+00 0.000000e+00 0.000000e+00 0.000000e+00 0.000000e+00 7.900000e-01 0.000000e+00 2.100000e-01 0.000000e+00 0.000000e+00
2.065758e-01 3.882472e-02 1.443571e+03 5.815292e-05 1.989851e+04 0.000000e+00 0.000000e+00 0.000000e+00 0.000000e+00 0.000000e+00 0.000000e+00 0.000000e+00 7.900000e-01 0.000000e+00 2.100000e-01 0.000000e+00 0.000000e+00
2.097525e-01 3.892740e-02 1.443571e+03 5.815292e-05 1.989851e+04 0.000000e+00 0.000000e+00 0.000000e+00 0.000000e+00 0.000000e+00 0.000000e+00 0.000000e+00 7.900000e-01 0.000000e+00 2.100000e-01 0.000000e+00 0.000000e+00
2.129293e-01 3.903007e-02 1.443571e+03 5.815292e-05 1.989851e+04 0.000000e+00 0.000000e+00 0.000000e+00 0.000000e+00 0.000000e+00 0.000000e+00 0.000000e+00 7.900000e-01 0.000000e+00 2.100000e-01 0.000000e+00 0.000000e+00
2.161061e-01 3.913285e-02 1.443571e+03 5.815292e-05 1.989851e+04 0.000000e+00 0.000000e+00 0.000000e+00 0.000000e+00 0.000000e+00 0.000000e+00 0.000000e+00 7.900000e-01 0.000000e+00 2.100000e-01 0.000000e+00 0.000000e+00
2.192828e-01 3.923563e-02 1.443571e+03 5.815292e-05 1.989851e+04 0.000000e+00 0.000000e+00 0.000000e+00 0.000000e+00 0.000000e+00 0.000000e+00 0.000000e+00 7.900000e-01 0.000000e+00 2.100000e-01 0.000000e+00 0.000000e+00
2.224596e-01 3.933830e-02 1.443571e+03 5.815292e-05 1.989851e+04 0.000000e+00 0.000000e+00 0.000000e+00 0.000000e+00 0.000000e+00 0.000000e+00 0.000000e+00 7.900000e-01 0.000000e+00 2.100000e-01 0.000000e+00 0.000000e+00
2.256364e-01 3.944086e-02 1.443571e+03 5.815292e-05 1.989851e+04 0.000000e+00 0.000000e+00 0.000000e+00 0.000000e+00 0.000000e+00 0.000000e+00 0.000000e+00 7.900000e-01 0.000000e+00 2.100000e-01 0.000000e+00 0.000000e+00
2.288131e-01 3.954326e-02 1.443571e+03 5.815292e-05 1.989851e+04 0.000000e+00 0.000000e+00 0.000000e+00 0.000000e+00 0.000000e+00 0.000000e+00 0.000000e+00 7.900000e-01 0.000000e+00 2.100000e-01 0.000000e+00 0.000000e+00
2.319899e-01 3.964552e-02 1.443571e+03 5.815292e-05 1.989851e+04 0.000000e+00 0.000000e+00 0.000000e+00 0.000000e+00 0.000000e+00 0.000000e+00 0.000000e+00 7.900000e-01 0.000000e+00 2.100000e-01 0.000000e+00 0.000000e+00
2.351667e-01 3.974811e-02 1.443571e+03 5.815292e-05 1.989851e+04 0.000000e+00 0.000000e+00 0.000000e+00 0.000000e+00 0.000000e+00 0.000000e+00 0.000000e+00 7.900000e-01 0.000000e+00 2.100000e-01 0.000000e+00 0.000000e+00
2.383434e-01 3.985036e-02 1.443571e+03 5.815292e-05 1.989851e+04 0.000000e+00 0.000000e+00 0.000000e+00 0.000000e+00 0.000000e+00 0.000000e+00 0.000000e+00 7.900000e-01 0.000000e+00 2.100000e-01 0.000000e+00 0.000000e+00
2.415202e-01 3.995245e-02 1.443571e+03 5.815292e-05 1.989851e+04 0.000000e+00 0.000000e+00 0.000000e+00 0.000000e+00 0.000000e+00 0.000000e+00 0.000000e+00 7.900000e-01 0.000000e+00 2.100000e-01 0.000000e+00 0.000000e+00
2.446970e-01 4.005428e-02 1.443571e+03 5.815292e-05 1.989851e+04 0.000000e+00 0.000000e+00 0.000000e+00 0.000000e+00 0.000000e+00 0.000000e+00 0.000000e+00 7.900000e-01 0.000000e+00 2.100000e-01 0.000000e+00 0.000000e+00
2.478737e-01 4.015579e-02 1.443571e+03 5.815292e-05 1.989851e+04 0.000000e+00 0.000000e+00 0.000000e+00 0.000000e+00 0.000000e+00 0.000000e+00 0.000000e+00 7.900000e-01 0.000000e+00 2.100000e-01 0.000000e+00 0.000000e+00
2.510505e-01 4.025727e-02 1.443571e+03 5.815292e-05 1.989851e+04 0.000000e+00 0.000000e+00 0.000000e+00 0.000000e+00 0.000000e+00 0.000000e+00 0.000000e+00 7.900000e-01 0.000000e+00 2.100000e-01 0.000000e+00 0.000000e+00
2.542273e-01 4.035861e-02 1.443571e+03 5.815292e-05 1.989851e+04 0.000000e+00 0.000000e+00 0.000000e+00 0.000000e+00 0.000000e+00 0.000000e+00 0.000000e+00 7.900000e-01 0.000000e+00 2.100000e-01 0.000000e+00 0.000000e+00
2.574040e-01 4.045942e-02 1.443571e+03 5.815292e-05 1.989851e+04 0.000000e+00 0.000000e+00 0.000000e+00 0.000000e+00 0.000000e+00 0.000000e+00 0.000000e+00 7.900000e-01 0.000000e+00 2.100000e-01 0.000000e+00 0.000000e+00
2.605808e-01 4.056003e-02 1.443571e+03 5.815292e-05 1.989851e+04 0.000000e+00 0.000000e+00 0.000000e+00 0.000000e+00 0.000000e+00 0.000000e+00 0.000000e+00 7.900000e-01 0.000000e+00 2.100000e-01 0.000000e+00 0.000000e+00
2.637576e-01 4.066050e-02 1.443571e+03 5.815292e-05 1.989851e+04 0.000000e+00 0.000000e+00 0.000000e+00 0.000000e+00 0.000000e+00 0.000000e+00 0.000000e+00 7.900000e-01 0.000000e+00 2.100000e-01 0.000000e+00 0.000000e+00
2.669343e-01 4.076041e-02 1.443571e+03 5.815292e-05 1.989851e+04 0.000000e+00 0.000000e+00 0.000000e+00 0.000000e+00 0.000000e+00 0.000000e+00 0.000000e+00 7.900000e-01 0.000000e+00 2.100000e-01 0.000000e+00 0.000000e+00
2.701111e-01 4.085992e-02 1.443571e+03 5.815292e-05 1.989851e+04 0.000000e+00 0.000000e+00 0.000000e+00 0.000000e+00 0.000000e+00 0.000000e+00 0.000000e+00 7.900000e-01 0.000000e+00 2.100000e-01 0.000000e+00 0.000000e+00
2.732879e-01 4.095917e-02 1.443571e+03 5.815292e-05 1.989851e+04 0.000000e+00 0.000000e+00 0.000000e+00 0.000000e+00 0.000000e+00 0.000000e+00 0.000000e+00 7.900000e-01 0.000000e+00 2.100000e-01 0.000000e+00 0.000000e+00
2.764646e-01 4.105822e-02 1.443571e+03 5.815292e-05 1.989851e+04 0.000000e+00 0.000000e+00 0.000000e+00 0.000000e+00 0.000000e+00 0.000000e+00 0.000000e+00 7.900000e-01 0.000000e+00 2.100000e-01 0.000000e+00 0.000000e+00
2.796414e-01 4.115693e-02 1.443571e+03 5.815292e-05 1.989851e+04 0.000000e+00 0.000000e+00 0.000000e+00 0.000000e+00 0.000000e+00 0.000000e+00 0.000000e+00 7.900000e-01 0.000000e+00 2.100000e-01 0.000000e+00 0.000000e+00
2.828182e-01 4.125547e-02 1.443571e+03 5.815292e-05 1.989851e+04 0.000000e+00 0.000000e+00 0.000000e+00 0.000000e+00 0.000000e+00 0.000000e+00 0.000000e+00 7.900000e-01 0.000000e+00 2.100000e-01 0.000000e+00 0.000000e+00
2.859949e-01 4.135360e-02 1.443571e+03 5.815292e-05 1.989851e+04 0.000000e+00 0.000000e+00 0.000000e+00 0.000000e+00 0.000000e+00 0.000000e+00 0.000000e+00 7.900000e-01 0.000000e+00 2.100000e-01 0.000000e+00 0.000000e+00
2.891717e-01 4.145152e-02 1.443571e+03 5.815292e-05 1.989851e+04 0.000000e+00 0.000000e+00 0.000000e+00 0.000000e+00 0.000000e+00 0.000000e+00 0.000000e+00 7.900000e-01 0.000000e+00 2.100000e-01 0.000000e+00 0.000000e+00
2.923485e-01 4.154890e-02 1.443571e+03 5.815292e-05 1.989851e+04 0.000000e+00 0.000000e+00 0.000000e+00 0.000000e+00 0.000000e+00 0.000000e+00 0.000000e+00 7.900000e-01 0.000000e+00 2.100000e-01 0.000000e+00 0.000000e+00
2.955253e-01 4.164600e-02 1.443571e+03 5.815292e-05 1.989851e+04 0.000000e+00 0.000000e+00 0.000000e+00 0.000000e+00 0.000000e+00 0.000000e+00 0.000000e+00 7.900000e-01 0.000000e+00 2.100000e-01 0.000000e+00 0.000000e+00
2.987020e-01 4.174304e-02 1.443571e+03 5.815292e-05 1.989851e+04 0.000000e+00 0.000000e+00 0.000000e+00 0.000000e+00 0.000000e+00 0.000000e+00 0.000000e+00 7.900000e-01 0.000000e+00 2.100000e-01 0.000000e+00 0.000000e+00
3.018788e-01 4.183979e-02 1.443571e+03 5.815292e-05 1.989851e+04 0.000000e+00 0.000000e+00 0.000000e+00 0.000000e+00 0.000000e+00 0.000000e+00 0.000000e+00 7.900000e-01 0.000000e+00 2.100000e-01 0.000000e+00 0.000000e+00
3.050556e-01 4.193595e-02 1.443571e+03 5.815292e-05 1.989851e+04 0.000000e+00 0.000000e+00 0.000000e+00 0.000000e+00 0.000000e+00 0.000000e+00 0.000000e+00 7.900000e-01 0.000000e+00 2.100000e-01 0.000000e+00 0.000000e+00
3.082323e-01 4.203182e-02 1.443571e+03 5.815292e-05 1.989851e+04 0.000000e+00 0.000000e+00 0.000000e+00 0.000000e+00 0.000000e+00 0.000000e+00 0.000000e+00 7.900000e-01 0.000000e+00 2.100000e-01 0.000000e+00 0.000000e+00
3.114091e-01 4.212737e-02 1.443571e+03 5.815292e-05 1.989851e+04 0.000000e+00 0.000000e+00 0.000000e+00 0.000000e+00 0.000000e+00 0.000000e+00 0.000000e+00 7.900000e-01 0.000000e+00 2.100000e-01 0.000000e+00 0.000000e+00
3.145859e-01 4.222263e-02 1.443571e+03 5.815292e-05 1.989851e+04 0.000000e+00 0.000000e+00 0.000000e+00 0.000000e+00 0.000000e+00 0.000000e+00 0.000000e+00 7.900000e-01 0.000000e+00 2.100000e-01 0.000000e+00 0.000000e+00
3.177626e-01 4.231759e-02 1.443571e+03 5.815292e-05 1.989851e+04 0.000000e+00 0.000000e+00 0.000000e+00 0.000000e+00 0.000000e+00 0.000000e+00 0.000000e+00 7.900000e-01 0.000000e+00 2.100000e-01 0.000000e+00 0.000000e+00
3.209394e-01 4.241197e-02 1.443571e+03 5.815292e-05 1.989851e+04 0.000000e+00 0.000000e+00 0.000000e+00 0.000000e+00 0.000000e+00 0.000000e+00 0.000000e+00 7.900000e-01 0.000000e+00 2.100000e-01 0.000000e+00 0.000000e+00
3.241162e-01 4.250622e-02 1.443571e+03 5.815292e-05 1.989851e+04 0.000000e+00 0.000000e+00 0.000000e+00 0.000000e+00 0.000000e+00 0.000000e+00 0.000000e+00 7.900000e-01 0.000000e+00 2.100000e-01 0.000000e+00 0.000000e+00
3.272929e-01 4.260015e-02 1.443571e+03 5.815292e-05 1.989851e+04 0.000000e+00 0.000000e+00 0.000000e+00 0.000000e+00 0.000000e+00 0.000000e+00 0.000000e+00 7.900000e-01 0.000000e+00 2.100000e-01 0.000000e+00 0.000000e+00
3.304697e-01 4.269387e-02 1.443571e+03 5.815292e-05 1.989851e+04 0.000000e+00 0.000000e+00 0.000000e+00 0.000000e+00 0.000000e+00 0.000000e+00 0.000000e+00 7.900000e-01 0.000000e+00 2.100000e-01 0.000000e+00 0.000000e+00
3.336465e-01 4.278719e-02 1.443571e+03 5.815292e-05 1.989851e+04 0.000000e+00 0.000000e+00 0.000000e+00 0.000000e+00 0.000000e+00 0.000000e+00 0.000000e+00 7.900000e-01 0.000000e+00 2.100000e-01 0.000000e+00 0.000000e+00
3.368232e-01 4.288022e-02 1.443571e+03 5.815292e-05 1.989851e+04 0.000000e+00 0.000000e+00 0.000000e+00 0.000000e+00 0.000000e+00 0.000000e+00 0.000000e+00 7.900000e-01 0.000000e+00 2.100000e-01 0.000000e+00 0.000000e+00
3.400000e-01 4.297283e-02 1.443571e+03 5.815292e-05 1.989851e+04 0.000000e+00 0.000000e+00 0.000000e+00 0.000000e+00 0.000000e+00 0.000000e+00 0.000000e+00 7.900000e-01 0.000000e+00 2.100000e-01 0.000000e+00 0.000000e+00
