2.550000e-02 3.765351e-02 9.923764e+02 5.815292e-05 1.989851e+04 0.000000e+00 0.000000e+00 0.000000e+00 0.000000e+00 0.000000e+00 0.000000e+00 0.000000e+00 7.900000e-01 0.000000e+00 2.100000e-01 0.000000e+00 0.000000e+00
2.867677e-02 3.767751e-02 9.923764e+02 5.815292e-05 1.989851e+04 0.000000e+00 0.000000e+00 0.000000e+00 0.000000e+00 0.000000e+00 0.000000e+00 0.000000e+00 7.900000e-01 0.000000e+00 2.100000e-01 0.000000e+00 0.000000e+00
3.185354e-02 3.770458e-02 9.923764e+02 5.815292e-05 1.989851e+04 0.000000e+00 0.000000e+00 0.000000e+00 0.000000e+00 0.000000e+00 0.000000e+00 0.000000e+00 7.900000e-01 0.000000e+00 2.100000e-01 0.000000e+00 0.000000e+00
3.503030e-02 3.773492e-02 9.923764e+02 5.815292e-05 1.989851e+04 0.000000e+00 0.000000e+00 0.000000e+00 0.000000e+00 0.000000e+00 0.000000e+00 0.000000e+00 7.900000e-01 0.000000e+00 2.100000e-01 0.000000e+00 0.000000e+00
3.820707e-02 3.776846e-02 9.923764e+02 5.815292e-05 1.989851e+04 0.000000e+00 0.000000e+00 0.000000e+00 0.000000e+00 0.000000e+00 0.000000e+00 0.000000e+00 7.900000e-01 0.000000e+00 2.100000e-01 0.000000e+00 0.000000e+00
4.138384e-02 3.780503e-02 9.923764e+02 5.815292e-05 1.989851e+04 0.000000e+00 0.000000e+00 0.000000e+00 0.000000e+00 0.000000e+00 0.000000e+00 0.000000e+00 7.900000e-01 0.000000e+00 2.100000e-01 0.000000e+00 0.000000e+00
4.456061e-02 3.784446e-02 9.923764e+02 5.815292e-05 1.989851e+04 0.000000e+00 0.000000e+00 0.000000e+00 0.000000e+00 0.000000e+00 0.000000e+00 0.000000e+00 7.900000e-01 0.000000e+00 2.100000e-01 0.000000e+00 0.000000e+00
4.773737e-02 3.788696e-02 9.923764e+02 5.815292e-05 1.989851e+04 0.000000e+00 0.000000e+00 0.000000e+00 0.000000e+00 0.000000e+00 0.000000e+00 0.000000e+00 7.900000e-01 0.000000e+00 2.100000e-01 0.000000e+00 0.000000e+00
5.091414e-02 3.793216e-02 9.923764e+02 5.815292e-05 1.989851e+04 0.000000e+00 0.000000e+00 0.000000e+00 0.000000e+00 0.000000e+00 0.000000e+00 0.000000e+00 7.900000e-01 0.000000e+00 2.100000e-01 0.000000e+00 0.000000e+00
5.409091e-02 3.798041e-02 9.923764e+02 5.815292e-05 1.989851e+04 0.000000e+00 0.000000e+00 0.000000e+00 0.000000e+00 0.000000e+00 0.000000e+00 0.000000e+00 7.900000e-01 0.000000e+00 2.100000e-01 0.000000e+00 0.000000e+00
5.726768e-02 3.803128e-02 9.923764e+02 5.815292e-05 1.989851e+04 0.000000e+00 0.000000e+00 0.000000e+00 0.000000e+00 0.000000e+00 0.000000e+00 0.000000e+00 7.900000e-01 0.000000e+00 2.100000e-01 0.000000e+00 0.000000e+00
6.044444e-02 3.808447e-02 9.923764e+02 5.815292e-05 1.989851e+04 0.000000e+00 0.000000e+00 0.000000e+00 0.000000e+00 0.000000e+00 0.000000e+00 0.000000e+00 7.900000e-01 0.000000e+00 2.100000e-01 0.000000e+00 0.000000e+00
6.362121e-02 3.814020e-02 9.923764e+02 5.815292e-05 1.989851e+04 0.000000e+00 0.000000e+00 0.000000e+00 0.000000e+00 0.000000e+00 0.000000e+00 0.000000e+00 7.900000e-01 0.000000e+00 2.100000e-01 0.000000e+00 0.000000e+00
6.679798e-02 3.819797e-02 9.923764e+02 5.815292e-05 1.989851e+04 0.000000e+00 0.000000e+00 0.000000e+00 0.000000e+00 0.000000e+00 0.000000e+00 0.000000e+00 7.900000e-01 0.000000e+00 2.100000e-01 0.000000e+00 0.000000e+00
6.997475e-02 3.825813e-02 9.923764e+02 5.815292e-05 1.989851e+04 0.000000e+00 0.000000e+00 0.000000e+00 0.000000e+00 0.000000e+00 0.000000e+00 0.000000e+00 7.900000e-01 0.000000e+00 2.100000e-01 0.000000e+00 0.000000e+00
7.315152e-02 3.832051e-02 9.923764e+02 5.815292e-05 1.989851e+04 0.000000e+00 0.000000e+00 0.000000e+00 0.000000e+00 0.000000e+00 0.000000e+00 0.000000e+00 7.900000e-01 0.000000e+00 2.100000e-01 0.000000e+00 0.000000e+00
7.632828e-02 3.838518e-02 9.923764e+02 5.815292e-05 1.989851e+04 0.000000e+00 0.000000e+00 0.000000e+00 0.000000e+00 0.000000e+00 0.000000e+00 0.000000e+00 7.900000e-01 0.000000e+00 2.100000e-01 0.000000e+00 0.000000e+00
7.950505e-02 3.845190e-02 9.923764e+02 5.815292e-05 1.989851e+04 0.000000e+00 0.000000e+00 0.000000e+00 0.000000e+00 0.000000e+00 0.000000e+00 0.000000e+00 7.900000e-01 0.000000e+00 2.100000e-01 0.000000e+00 0.000000e+00
8.268182e-02 3.852065e-02 9.923764e+02 5.815292e-05 1.989851e+04 0.000000e+00 0.000000e+00 0.000000e+00 0.000000e+00 0.000000e+00 0.000000e+00 0.000000e+00 7.900000e-01 0.000000e+00 2.100000e-01 0.000000e+00 0.000000e+00
8.585859e-02 3.859164e-02 9.923764e+02 5.815292e-05 1.989851e+04 0.000000e+00 0.000000e+00 0.000000e+00 0.000000e+00 0.000000e+00 0.000000e+00 0.000000e+00 7.900000e-01 0.000000e+00 2.100000e-01 0.000000e+00 0.000000e+00
8.903535e-02 3.866426e-02 9.923764e+02 5.815292e-05 1.989851e+04 0.000000e+00 0.000000e+00 0.000000e+00 0.000000e+00 0.000000e+00 0.000000e+00 0.000000e+00 7.900000e-01 0.000000e+00 2.100000e-01 0.000000e+00 0.000000e+00
9.221212e-02 3.873873e-02 9.923764e+02 5.815292e-05 1.989851e+04 0.000000e+00 0.000000e+00 0.000000e+00 0.000000e+00 0.000000e+00 0.000000e+00 0.000000e+00 7.900000e-01 0.000000e+00 2.100000e-01 0.000000e+00 0.000000e+00
9.538889e-02 3.881483e-02 9.923764e+02 5.815292e-05 1.989851e+04 0.000000e+00 0.000000e+00 0.000000e+00 0.000000e+00 0.000000e+00 0.000000e+00 0.000000e+00 7.900000e-01 0.000000e+00 2.100000e-01 0.000000e+00 0.000000e+00
9.856566e-02 3.889267e-02 9.923764e+02 5.815292e-05 1.989851e+04 0.000000e+00 0.000000e+00 0.000000e+00 0.000000e+00 0.000000e+00 0.000000e+00 0.000000e+00 7.900000e-01 0.000000e+00 2.100000e-01 0.000000e+00 0.000000e+00
1.017424e-01 3.897204e-02 9.923764e+02 5.815292e-05 1.989851e+04 0.000000e+00 0.000000e+00 0.000000e+00 0.000000e+00 0.000000e+00 0.000000e+00 0.000000e+00 7.900000e-01 0.000000e+00 2.100000e-01 0.000000e+00 0.000000e+00
1.049192e-01 3.905284e-02 9.923764e+02 5.815292e-05 1.989851e+04 0.000000e+00 0.000000e+00 0.000000e+00 0.000000e+00 0.000000e+00 0.000000e+00 0.000000e+00 7.900000e-01 0.000000e+00 2.100000e-01 0.000000e+00 0.000000e+00
1.080960e-01 3.913492e-02 9.923764e+02 5.815292e-05 1.989851e+04 0.000000e+00 0.000000e+00 0.000000e+00 0.000000e+00 0.000000e+00 0.000000e+00 0.000000e+00 7.900000e-01 0.000000e+00 2.100000e-01 0.000000e+00 0.000000e+00
1.112727e-01 3.921875e-02 9.923764e+02 5.815292e-05 1.989851e+04 0.000000e+00 0.000000e+00 0.000000e+00 0.000000e+00 0.000000e+00 0.000000e+00 0.000000e+00 7.900000e-01 0.000000e+00 2.100000e-01 0.000000e+00 0.000000e+00
1.144495e-01 3.930398e-02 9.923764e+02 5.815292e-05 1.989851e+04 0.000000e+00 0.000000e+00 0.000000e+00 0.000000e+00 0.000000e+00 0.000000e+00 0.000000e+00 7.900000e-01 0.000000e+00 2.100000e-01 0.000000e+00 0.000000e+00
1.176263e-01 3.939062e-02 9.923764e+02 5.815292e-05 1.989851e+04 0.000000e+00 0.000000e+00 0.000000e+00 0.000000e+00 0.000000e+00 0.000000e+00 0.000000e+00 7.900000e-01 0.000000e+00 2.100000e-01 0.000000e+00 0.000000e+00
1.208030e-01 3.947848e-02 9.923764e+02 5.815292e-05 1.989851e+04 0.000000e+00 0.000000e+00 0.000000e+00 0.000000e+00 0.000000e+00 0.000000e+00 0.000000e+00 7.900000e-01 0.000000e+00 2.100000e-01 0.000000e+00 0.000000e+00
1.239798e-01 3.956719e-02 9.923764e+02 5.815292e-05 1.989851e+04 0.000000e+00 0.000000e+00 0.000000e+00 0.000000e+00 0.000000e+00 0.000000e+00 0.000000e+00 7.900000e-01 0.000000e+00 2.100000e-01 0.000000e+00 0.000000e+00
1.271566e-01 3.965693e-02 9.923764e+02 5.815292e-05 1.989851e+04 0.000000e+00 0.000000e+00 0.000000e+00 0.000000e+00 0.000000e+00 0.000000e+00 0.000000e+00 7.900000e-01 0.000000e+00 2.100000e-01 0.000000e+00 0.000000e+00
1.303333e-01 3.974774e-02 9.923764e+02 5.815292e-05 1.989851e+04 0.000000e+00 0.000000e+00 0.000000e+00 0.000000e+00 0.000000e+00 0.000000e+00 0.000000e+00 7.900000e-01 0.000000e+00 2.100000e-01 0.000000e+00 0.000000e+00
1.335101e-01 3.983966e-02 9.923764e+02 5.815292e-05 1.989851e+04 0.000000e+00 0.000000e+00 0.000000e+00 0.000000e+00 0.000000e+00 0.000000e+00 0.000000e+00 7.900000e-01 0.000000e+00 2.100000e-01 0.000000e+00 0.000000e+00
1.366869e-01 3.993259e-02 9.923764e+02 5.815292e-05 1.989851e+04 0.000000e+00 0.000000e+00 0.000000e+00 0.000000e+00 0.000000e+00 0.000000e+00 0.000000e+00 7.900000e-01 0.000000e+00 2.100000e-01 0.000000e+00 0.000000e+00
1.398636e-01 4.002657e-02 9.923764e+02 5.815292e-05 1.989851e+04 0.000000e+00 0.000000e+00 0.000000e+00 0.000000e+00 0.000000e+00 0.000000e+00 0.000000e+00 7.900000e-01 0.000000e+00 2.100000e-01 0.000000e+00 0.000000e+00
1.430404e-01 4.012126e-02 9.923764e+02 5.815292e-05 1.989851e+04 0.000000e+00 0.000000e+00 0.000000e+00 0.000000e+00 0.000000e+00 0.000000e+00 0.000000e+00 7.900000e-01 0.000000e+00 2.100000e-01 0.000000e+00 0.000000e+00
1.462172e-01 4.021667e-02 9.923764e+02 5.815292e-05 1.989851e+04 0.000000e+00 0.000000e+00 0.000000e+00 0.000000e+00 0.000000e+00 0.000000e+00 0.000000e+00 7.900000e-01 0.000000e+00 2.100000e-01 0.000000e+00 0.000000e+00
1.493939e-01 4.031292e-02 9.923764e+02 5.815292e-05 1.989851e+04 0.000000e+00 0.000000e+00 0.000000e+00 0.000000e+00 0.000000e+00 0.000000e+00 0.000000e+00 7.900000e-01 0.000000e+00 2.100000e-01 0.000000e+00 0.000000e+00
1.525707e-01 4.040992e-02 9.923764e+02 5.815292e-05 1.989851e+04 0.000000e+00 0.000000e+00 0.000000e+00 0.000000e+00 0.000000e+00 0.000000e+00 0.000000e+00 7.900000e-01 0.000000e+00 2.100000e-01 0.000000e+00 0.000000e+00
1.557475e-01 4.050755e-02 9.923764e+02 5.815292e-05 1.989851e+04 0.000000e+00 0.000000e+00 0.000000e+00 0.000000e+00 0.000000e+00 0.000000e+00 0.000000e+00 7.900000e-01 0.000000e+00 2.100000e-01 0.000000e+00 0.000000e+00
1.589242e-01 4.060580e-02 9.923764e+02 5.815292e-05 1.989851e+04 0.000000e+00 0.000000e+00 0.000000e+00 0.000000e+00 0.000000e+00 0.000000e+00 0.000000e+00 7.900000e-01 0.000000e+00 2.100000e-01 0.000000e+00 0.000000e+00
1.621010e-01 4.070452e-02 9.923764e+02 5.815292e-05 1.989851e+04 0.000000e+00 0.000000e+00 0.000000e+00 0.000000e+00 0.000000e+00 0.000000e+00 0.000000e+00 7.900000e-01 0.000000e+00 2.100000e-01 0.000000e+00 0.000000e+00
1.652778e-01 4.080365e-02 9.923764e+02 5.815292e-05 1.989851e+04 0.000000e+00 0.000000e+00 0.000000e+00 0.000000e+00 0.000000e+00 0.000000e+00 0.000000e+00 7.900000e-01 0.000000e+00 2.100000e-01 0.000000e+00 0.000000e+00
1.684545e-01 4.090347e-02 9.923764e+02 5.815292e-05 1.989851e+04 0.000000e+00 0.000000e+00 0.000000e+00 0.000000e+00 0.000000e+00 0.000000e+00 0.000000e+00 7.900000e-01 0.000000e+00 2.100000e-01 0.000000e+00 0.000000e+00
1.716313e-01 4.100358e-02 9.923764e+02 5.815292e-05 1.989851e+04 0.000000e+00 0.000000e+00 0.000000e+00 0.000000e+00 0.000000e+00 0.000000e+00 0.000000e+00 7.900000e-01 0.000000e+00 2.100000e-01 0.000000e+00 0.000000e+00
1.748081e-01 4.110418e-02 9.923764e+02 5.815292e-05 1.989851e+04 0.000000e+00 0.000000e+00 0.000000e+00 0.000000e+00 0.000000e+00 0.000000e+00 0.000000e+00 7.900000e-01 0.000000e+00 2.100000e-01 0.000000e+00 0.000000e+00
1.779848e-01 4.120535e-02 9.923764e+02 5.815292e-05 1.989851e+04 0.000000e+00 0.000000e+00 0.000000e+00 0.000000e+00 0.000000e+00 0.000000e+00 0.000000e+00 7.900000e-01 0.000000e+00 2.100000e-01 0.000000e+00 0.000000e+00
1.811616e-01 4.130658e-02 9.923764e+02 5.815292e-05 1.989851e+04 0.000000e+00 0.000000e+00 0.000000e+00 0.000000e+00 0.000000e+00 0.000000e+00 0.000000e+00 7.900000e-01 0.000000e+00 2.100000e-01 0.000000e+00 0.000000e+00
1.843384e-01 4.140818e-02 9.923764e+02 5.815292e-05 1.989851e+04 0.000000e+00 0.000000e+00 0.000000e+00 0.000000e+00 0.000000e+00 0.000000e+00 0.000000e+00 7.900000e-01 0.000000e+00 2.100000e-01 0.000000e+00 0.000000e+00
1.875152e-01 4.151008e-02 9.923764e+02 5.815292e-05 1.989851e+04 0.000000e+00 0.000000e+00 0.000000e+00 0.000000e+00 0.000000e+00 0.000000e+00 0.000000e+00 7.900000e-01 0.000000e+00 2.100000e-01 0.000000e+00 0.000000e+00
1.906919e-01 4.161216e-02 9.923764e+02 5.815292e-05 1.989851e+04 0.000000e+00 0.000000e+00 0.000000e+00 0.000000e+00 0.000000e+00 0.000000e+00 0.000000e+00 7.900000e-01 0.000000e+00 2.100000e-01 0.000000e+00 0.000000e+00
1.938687e-01 4.171441e-02 9.923764e+02 5.815292e-05 1.989851e+04 0.000000e+00 0.000000e+00 0.000000e+00 0.000000e+00 0.000000e+00 0.000000e+00 0.000000e+00 7.900000e-01 0.000000e+00 2.100000e-01 0.000000e+00 0.000000e+00
1.970455e-01 4.181681e-02 9.923764e+02 5.815292e-05 1.989851e+04 0.000000e+00 0.000000e+00 0.000000e+00 0.000000e+00 0.000000e+00 0.000000e+00 0.000000e+00 7.900000e-01 0.000000e+00 2.100000e-01 0.000000e+00 0.000000e+00
2.002222e-01 4.191939e-02 9.923764e+02 5.815292e-05 1.989851e+04 0.000000e+00 0.000000e+00 0.000000e+00 0.000000e+00 0.000000e+00 0.000000e+00 0.000000e+00 7.900000e-01 0.000000e+00 2.100000e-01 0.000000e+00 0.000000e+00
2.033990e-01 4.202216e-02 9.923764e+02 5.815292e-05 1.989851e+04 0.000000e+00 0.000000e+00 0.000000e+00 0.000000e+00 0.000000e+00 0.000000e+00 0.000000e+00 7.900000e-01 0.000000e+00 2.100000e-01 0.000000e+00 0.000000e+00
2.065758e-01 4.212472e-02 9.923764e+02 5.815292e-05 1.989851e+04 0.000000e+00 0.000000e+00 0.000000e+00 0.000000e+00 0.000000e+00 0.000000e+00 0.000000e+00 7.900000e-01 0.000000e+00 2.100000e-01 0.000000e+00 0.000000e+00
2.097525e-01 4.222740e-02 9.923764e+02 5.815292e-05 1.989851e+04 0.000000e+00 0.000000e+00 0.000000e+00 0.000000e+00 0.000000e+00 0.000000e+00 0.000000e+00 7.900000e-01 0.000000e+00 2.100000e-01 0.000000e+00 0.000000e+00
2.129293e-01 4.233007e-02 9.923764e+02 5.815292e-05 1.989851e+04 0.000000e+00 0.000000e+00 0.000000e+00 0.000000e+00 0.000000e+00 0.000000e+00 0.000000e+00 7.900000e-01 0.000000e+00 2.100000e-01 0.000000e+00 0.000000e+00
2.161061e-01 4.243285e-02 9.923764e+02 5.815292e-05 1.989851e+04 0.000000e+00 0.000000e+00 0.000000e+00 0.000000e+00 0.000000e+00 0.000000e+00 0.000000e+00 7.900000e-01 0.000000e+00 2.100000e-01 0.000000e+00 0.000000e+00
2.192828e-01 4.253563e-02 9.923764e+02 5.815292e-05 1.989851e+04 0.000000e+00 0.000000e+00 0.000000e+00 0.000000e+00 0.000000e+00 0.000000e+00 0.000000e+00 7.900000e-01 0.000000e+00 2.100000e-01 0.000000e+00 0.000000e+00
2.224596e-01 4.263830e-02 9.923764e+02 5.815292e-05 1.989851e+04 0.000000e+00 0.000000e+00 0.000000e+00 0.000000e+00 0.000000e+00 0.000000e+00 0.000000e+00 7.900000e-01 0.000000e+00 2.100000e-01 0.000000e+00 0.000000e+00
2.256364e-01 4.274086e-02 9.923764e+02 5.815292e-05 1.989851e+04 0.000000e+00 0.000000e+00 0.000000e+00 0.000000e+00 0.000000e+00 0.000000e+00 0.000000e+00 7.900000e-01 0.000000e+00 2.100000e-01 0.000000e+00 0.000000e+00
2.288131e-01 4.284326e-02 9.923764e+02 5.815292e-05 1.989851e+04 0.000000e+00 0.000000e+00 0.000000e+00 0.000000e+00 0.000000e+00 0.000000e+00 0.000000e+00 7.900000e-01 0.000000e+00 2.100000e-01 0.000000e+00 0.000000e+00
2.319899e-01 4.294552e-02 9.923764e+02 5.815292e-05 1.989851e+04 0.000000e+00 0.000000e+00 0.000000e+00 0.000000e+00 0.000000e+00 0.000000e+00 0.000000e+00 7.900000e-01 0.000000e+00 2.100000e-01 0.000000e+00 0.000000e+00
2.351667e-01 4.304811e-02 9.923764e+02 5.815292e-05 1.989851e+04 0.000000e+00 0.000000e+00 0.000000e+00 0.000000e+00 0.000000e+00 0.000000e+00 0.000000e+00 7.900000e-01 0.000000e+00 2.100000e-01 0.000000e+00 0.000000e+00
2.383434e-01 4.315036e-02 9.923764e+02 5.815292e-05 1.989851e+04 0.000000e+00 0.000000e+00 0.000000e+00 0.000000e+00 0.000000e+00 0.000000e+00 0.000000e+00 7.900000e-01 0.000000e+00 2.100000e-01 0.000000e+00 0.000000e+00
2.415202e-01 4.325245e-02 9.923764e+02 5.815292e-05 1.989851e+04 0.000000e+00 0.000000e+00 0.000000e+00 0.000000e+00 0.000000e+00 0.000000e+00 0.000000e+00 7.900000e-01 0.000000e+00 2.100000e-01 0.000000e+00 0.000000e+00
2.446970e-01 4.335428e-02 9.923764e+02 5.815292e-05 1.989851e+04 0.000000e+00 0.000000e+00 0.000000e+00 0.000000e+00 0.000000e+00 0.000000e+00 0.000000e+00 7.900000e-01 0.000000e+00 2.100000e-01 0.000000e+00 0.000000e+00
2.478737e-01 4.345579e-02 9.923764e+02 5.815292e-05 1.989851e+04 0.000000e+00 0.000000e+00 0.000000e+00 0.000000e+00 0.000000e+00 0.000000e+00 0.000000e+00 7.900000e-01 0.000000e+00 2.100000e-01 0.000000e+00 0.000000e+00
2.510505e-01 4.355727e-02 9.923764e+02 5.815292e-05 1.989851e+04 0.000000e+00 0.000000e+00 0.000000e+00 0.000000e+00 0.000000e+00 0.000000e+00 0.000000e+00 7.900000e-01 0.000000e+00 2.100000e-01 0.000000e+00 0.000000e+00
2.542273e-01 4.365861e-02 9.923764e+02 5.815292e-05 1.989851e+04 0.000000e+00 0.000000e+00 0.000000e+00 0.000000e+00 0.000000e+00 0.000000e+00 0.000000e+00 7.900000e-01 0.000000e+00 2.100000e-01 0.000000e+00 0.000000e+00
2.574040e-01 4.375942e-02 9.923764e+02 5.815292e-05 1.989851e+04 0.000000e+00 0.000000e+00 0.000000e+00 0.000000e+00 0.000000e+00 0.000000e+00 0.000000e+00 7.900000e-01 0.000000e+00 2.100000e-01 0.000000e+00 0.000000e+00
2.605808e-01 4.386003e-02 9.923764e+02 5.815292e-05 1.989851e+04 0.000000e+00 0.000000e+00 0.000000e+00 0.000000e+00 0.000000e+00 0.000000e+00 0.000000e+00 7.900000e-01 0.000000e+00 2.100000e-01 0.000000e+00 0.000000e+00
2.637576e-01 4.396050e-02 9.923764e+02 5.815292e-05 1.989851e+04 0.000000e+00 0.000000e+00 0.000000e+00 0.000000e+00 0.000000e+00 0.000000e+00 0.000000e+00 7.900000e-01 0.000000e+00 2.100000e-01 0.000000e+00 0.000000e+00
2.669343e-01 4.406041e-02 9.923764e+02 5.815292e-05 1.989851e+04 0.000000e+00 0.000000e+00 0.000000e+00 0.000000e+00 0.000000e+00 0.000000e+00 0.000000e+00 7.900000e-01 0.000000e+00 2.100000e-01 0.000000e+00 0.000000e+00
2.701111e-01 4.415992e-02 9.923764e+02 5.815292e-05 1.989851e+04 0.000000e+00 0.000000e+00 0.000000e+00 0.000000e+00 0.000000e+00 0.000000e+00 0.000000e+00 7.900000e-01 0.000000e+00 2.100000e-01 0.000000e+00 0.000000e+00
2.732879e-01 4.425917e-02 9.923764e+02 5.815292e-05 1.989851e+04 0.000000e+00 0.000000e+00 0.000000e+00 0.000000e+00 0.000000e+00 0.000000e+00 0.000000e+00 7.900000e-01 0.000000e+00 2.100000e-01 0.000000e+00 0.000000e+00
2.764646e-01 4.435822e-02 9.923764e+02 5.815292e-05 1.989851e+04 0.000000e+00 0.000000e+00 0.000000e+00 0.000000e+00 0.000000e+00 0.000000e+00 0.000000e+00 7.900000e-01 0.000000e+00 2.100000e-01 0.000000e+00 0.000000e+00
2.796414e-01 4.445693e-02 9.923764e+02 5.815292e-05 1.989851e+04 0.000000e+00 0.000000e+00 0.000000e+00 0.000000e+00 0.000000e+00 0.000000e+00 0.000000e+00 7.900000e-01 0.000000e+00 2.100000e-01 0.000000e+00 0.000000e+00
2.828182e-01 4.455547e-02 9.923764e+02 5.815292e-05 1.989851e+04 0.000000e+00 0.000000e+00 0.000000e+00 0.000000e+00 0.000000e+00 0.000000e+00 0.000000e+00 7.900000e-01 0.000000e+00 2.100000e-01 0.000000e+00 0.000000e+00
2.859949e-01 4.465360e-02 9.923764e+02 5.815292e-05 1.989851e+04 0.000000e+00 0.000000e+00 0.000000e+00 0.000000e+00 0.000000e+00 0.000000e+00 0.000000e+00 7.900000e-01 0.000000e+00 2.100000e-01 0.000000e+00 0.000000e+00
2.891717e-01 4.475152e-02 9.923764e+02 5.815292e-05 1.989851e+04 0.000000e+00 0.000000e+00 0.000000e+00 0.000000e+00 0.000000e+00 0.000000e+00 0.000000e+00 7.900000e-01 0.000000e+00 2.100000e-01 0.000000e+00 0.000000e+00
2.923485e-01 4.484890e-02 9.923764e+02 5.815292e-05 1.989851e+04 0.000000e+00 0.000000e+00 0.000000e+00 0.000000e+00 0.000000e+00 0.000000e+00 0.000000e+00 7.900000e-01 0.000000e+00 2.100000e-01 0.000000e+00 0.000000e+00
2.955253e-01 4.494600e-02 9.923764e+02 5.815292e-05 1.989851e+04 0.000000e+00 0.000000e+00 0.000000e+00 0.000000e+00 0.000000e+00 0.000000e+00 0.000000e+00 7.900000e-01 0.000000e+00 2.100000e-01 0.000000e+00 0.000000e+00
2.987020e-01 4.504304e-02 9.923764e+02 5.815292e-05 1.989851e+04 0.000000e+00 0.000000e+00 0.000000e+00 0.000000e+00 0.000000e+00 0.000000e+00 0.000000e+00 7.900000e-01 0.000000e+00 2.100000e-01 0.000000e+00 0.000000e+00
3.018788e-01 4.513979e-02 9.923764e+02 5.815292e-05 1.989851e+04 0.000000e+00 0.000000e+00 0.000000e+00 0.000000e+00 0.000000e+00 0.000000e+00 0.000000e+00 7.900000e-01 0.000000e+00 2.100000e-01 0.000000e+00 0.000000e+00
3.050556e-01 4.523595e-02 9.923764e+02 5.815292e-05 1.989851e+04 0.000000e+00 0.000000e+00 0.000000e+00 0.000000e+00 0.000000e+00 0.000000e+00 0.000000e+00 7.900000e-01 0.000000e+00 2.100000e-01 0.000000e+00 0.000000e+00
3.082323e-01 4.533182e-02 9.923764e+02 5.815292e-05 1.989851e+04 0.000000e+00 0.000000e+00 0.000000e+00 0.000000e+00 0.000000e+00 0.000000e+00 0.000000e+00 7.900000e-01 0.000000e+00 2.100000e-01 0.000000e+00 0.000000e+00
3.114091e-01 4.542737e-02 9.923764e+02 5.815292e-05 1.989851e+04 0.000000e+00 0.000000e+00 0.000000e+00 0.000000e+00 0.000000e+00 0.000000e+00 0.000000e+00 7.900000e-01 0.000000e+00 2.100000e-01 0.000000e+00 0.000000e+00
3.145859e-01 4.552263e-02 9.923764e+02 5.815292e-05 1.989851e+04 0.000000e+00 0.000000e+00 0.000000e+00 0.000000e+00 0.000000e+00 0.000000e+00 0.000000e+00 7.900000e-01 0.000000e+00 2.100000e-01 0.000000e+00 0.000000e+00
3.177626e-01 4.561759e-02 9.923764e+02 5.815292e-05 1.989851e+04 0.000000e+00 0.000000e+00 0.000000e+00 0.000000e+00 0.000000e+00 0.000000e+00 0.000000e+00 7.900000e-01 0.000000e+00 2.100000e-01 0.000000e+00 0.000000e+00
3.209394e-01 4.571197e-02 9.923764e+02 5.815292e-05 1.989851e+04 0.000000e+00 0.000000e+00 0.000000e+00 0.000000e+00 0.000000e+00 0.000000e+00 0.000000e+00 7.900000e-01 0.000000e+00 2.100000e-01 0.000000e+00 0.000000e+00
3.241162e-01 4.580622e-02 9.923764e+02 5.815292e-05 1.989851e+04 0.000000e+00 0.000000e+00 0.000000e+00 0.000000e+00 0.000000e+00 0.000000e+00 0.000000e+00 7.900000e-01 0.000000e+00 2.100000e-01 0.000000e+00 0.000000e+00
3.272929e-01 4.590015e-02 9.923764e+02 5.815292e-05 1.989851e+04 0.000000e+00 0.000000e+00 0.000000e+00 0.000000e+00 0.000000e+00 0.000000e+00 0.000000e+00 7.900000e-01 0.000000e+00 2.100000e-01 0.000000e+00 0.000000e+00
3.304697e-01 4.599387e-02 9.923764e+02 5.815292e-05 1.989851e+04 0.000000e+00 0.000000e+00 0.000000e+00 0.000000e+00 0.000000e+00 0.000000e+00 0.000000e+00 7.900000e-01 0.000000e+00 2.100000e-01 0.000000e+00 0.000000e+00
3.336465e-01 4.608719e-02 9.923764e+02 5.815292e-05 1.989851e+04 0.000000e+00 0.000000e+00 0.000000e+00 0.000000e+00 0.000000e+00 0.000000e+00 0.000000e+00 7.900000e-01 0.000000e+00 2.100000e-01 0.000000e+00 0.000000e+00
3.368232e-01 4.618022e-02 9.923764e+02 5.815292e-05 1.989851e+04 0.000000e+00 0.000000e+00 0.000000e+00 0.000000e+00 0.000000e+00 0.000000e+00 0.000000e+00 7.900000e-01 0.000000e+00 2.100000e-01 0.000000e+00 0.000000e+00
3.400000e-01 4.627283e-02 9.923764e+02 5.815292e-05 1.989851e+04 0.000000e+00 0.000000e+00 0.000000e+00 0.000000e+00 0.000000e+00 0.000000e+00 0.000000e+00 7.900000e-01 0.000000e+00 2.100000e-01 0.000000e+00 0.000000e+00
