2.550000e-02 7.235351e-02 2.261334e+02 5.815292e-05 1.989851e+04 0.000000e+00 0.000000e+00 0.000000e+00 0.000000e+00 0.000000e+00 0.000000e+00 0.000000e+00 7.900000e-01 0.000000e+00 2.100000e-01 0.000000e+00 0.000000e+00
2.867677e-02 7.237751e-02 2.261334e+02 5.815292e-05 1.989851e+04 0.000000e+00 0.000000e+00 0.000000e+00 0.000000e+00 0.000000e+00 0.000000e+00 0.000000e+00 7.900000e-01 0.000000e+00 2.100000e-01 0.000000e+00 0.000000e+00
3.185354e-02 7.240458e-02 2.261334e+02 5.815292e-05 1.989851e+04 0.000000e+00 0.000000e+00 0.000000e+00 0.000000e+00 0.000000e+00 0.000000e+00 0.000000e+00 7.900000e-01 0.000000e+00 2.100000e-01 0.000000e+00 0.000000e+00
3.503030e-02 7.243492e-02 2.261334e+02 5.815292e-05 1.989851e+04 0.000000e+00 0.000000e+00 0.000000e+00 0.000000e+00 0.000000e+00 0.000000e+00 0.000000e+00 7.900000e-01 0.000000e+00 2.100000e-01 0.000000e+00 0.000000e+00
3.820707e-02 7.246846e-02 2.261334e+02 5.815292e-05 1.989851e+04 0.000000e+00 0.000000e+00 0.000000e+00 0.000000e+00 0.000000e+00 0.000000e+00 0.000000e+00 7.900000e-01 0.000000e+00 2.100000e-01 0.000000e+00 0.000000e+00
4.138384e-02 7.250503e-02 2.261334e+02 5.815292e-05 1.989851e+04 0.000000e+00 0.000000e+00 0.000000e+00 0.000000e+00 0.000000e+00 0.000000e+00 0.000000e+00 7.900000e-01 0.000000e+00 2.100000e-01 0.000000e+00 0.000000e+00
4.456061e-02 7.254446e-02 2.261334e+02 5.815292e-05 1.989851e+04 0.000000e+00 0.000000e+00 0.000000e+00 0.000000e+00 0.000000e+00 0.000000e+00 0.000000e+00 7.900000e-01 0.000000e+00 2.100000e-01 0.000000e+00 0.000000e+00
4.773737e-02 7.258696e-02 2.261334e+02 5.815292e-05 1.989851e+04 0.000000e+00 0.000000e+00 0.000000e+00 0.000000e+00 0.000000e+00 0.000000e+00 0.000000e+00 7.900000e-01 0.000000e+00 2.100000e-01 0.000000e+00 0.000000e+00
5.091414e-02 7.263216e-02 2.261334e+02 5.815292e-05 1.989851e+04 0.000000e+00 0.000000e+00 0.000000e+00 0.000000e+00 0.000000e+00 0.000000e+00 0.000000e+00 7.900000e-01 0.000000e+00 2.100000e-01 0.000000e+00 0.000000e+00
5.409091e-02 7.268041e-02 2.261334e+02 5.815292e-05 1.989851e+04 0.000000e+00 0.000000e+00 0.000000e+00 0.000000e+00 0.000000e+00 0.000000e+00 0.000000e+00 7.900000e-01 0.000000e+00 2.100000e-01 0.000000e+00 0.000000e+00
5.726768e-02 7.273128e-02 2.261334e+02 5.815292e-05 1.989851e+04 0.000000e+00 0.000000e+00 0.000000e+00 0.000000e+00 0.000000e+00 0.000000e+00 0.000000e+00 7.900000e-01 0.000000e+00 2.100000e-01 0.000000e+00 0.000000e+00
6.044444e-02 7.278447e-02 2.261334e+02 5.815292e-05 1.989851e+04 0.000000e+00 0.000000e+00 0.000000e+00 0.000000e+00 0.000000e+00 0.000000e+00 0.000000e+00 7.900000e-01 0.000000e+00 2.100000e-01 0.000000e+00 0.000000e+00
6.362121e-02 7.284020e-02 2.261334e+02 5.815292e-05 1.989851e+04 0.000000e+00 0.000000e+00 0.000000e+00 0.000000e+00 0.000000e+00 0.000000e+00 0.000000e+00 7.900000e-01 0.000000e+00 2.100000e-01 0.000000e+00 0.000000e+00
6.679798e-02 7.289797e-02 2.261334e+02 5.815292e-05 1.989851e+04 0.000000e+00 0.000000e+00 0.000000e+00 0.000000e+00 0.000000e+00 0.000000e+00 0.000000e+00 7.900000e-01 0.000000e+00 2.100000e-01 0.000000e+00 0.000000e+00
6.997475e-02 7.295813e-02 2.261334e+02 5.815292e-05 1.989851e+04 0.000000e+00 0.000000e+00 0.000000e+00 0.000000e+00 0.000000e+00 0.000000e+00 0.000000e+00 7.900000e-01 0.000000e+00 2.100000e-01 0.000000e+00 0.000000e+00
7.315152e-02 7.302051e-02 2.261334e+02 5.815292e-05 1.989851e+04 0.000000e+00 0.000000e+00 0.000000e+00 0.000000e+00 0.000000e+00 0.000000e+00 0.000000e+00 7.900000e-01 0.000000e+00 2.100000e-01 0.000000e+00 0.000000e+00
7.632828e-02 7.308518e-02 2.261334e+02 5.815292e-05 1.989851e+04 0.000000e+00 0.000000e+00 0.000000e+00 0.000000e+00 0.000000e+00 0.000000e+00 0.000000e+00 7.900000e-01 0.000000e+00 2.100000e-01 0.000000e+00 0.000000e+00
7.950505e-02 7.315190e-02 2.261334e+02 5.815292e-05 1.989851e+04 0.000000e+00 0.000000e+00 0.000000e+00 0.000000e+00 0.000000e+00 0.000000e+00 0.000000e+00 7.900000e-01 0.000000e+00 2.100000e-01 0.000000e+00 0.000000e+00
8.268182e-02 7.322065e-02 2.261334e+02 5.815292e-05 1.989851e+04 0.000000e+00 0.000000e+00 0.000000e+00 0.000000e+00 0.000000e+00 0.000000e+00 0.000000e+00 7.900000e-01 0.000000e+00 2.100000e-01 0.000000e+00 0.000000e+00
8.585859e-02 7.329164e-02 2.261334e+02 5.815292e-05 1.989851e+04 0.000000e+00 0.000000e+00 0.000000e+00 0.000000e+00 0.000000e+00 0.000000e+00 0.000000e+00 7.900000e-01 0.000000e+00 2.100000e-01 0.000000e+00 0.000000e+00
8.903535e-02 7.336426e-02 2.261334e+02 5.815292e-05 1.989851e+04 0.000000e+00 0.000000e+00 0.000000e+00 0.000000e+00 0.000000e+00 0.000000e+00 0.000000e+00 7.900000e-01 0.000000e+00 2.100000e-01 0.000000e+00 0.000000e+00
9.221212e-02 7.343873e-02 2.261334e+02 5.815292e-05 1.989851e+04 0.000000e+00 0.000000e+00 0.000000e+00 0.000000e+00 0.000000e+00 0.000000e+00 0.000000e+00 7.900000e-01 0.000000e+00 2.100000e-01 0.000000e+00 0.000000e+00
9.538889e-02 7.351483e-02 2.261334e+02 5.815292e-05 1.989851e+04 0.000000e+00 0.000000e+00 0.000000e+00 0.000000e+00 0.000000e+00 0.000000e+00 0.000000e+00 7.900000e-01 0.000000e+00 2.100000e-01 0.000000e+00 0.000000e+00
9.856566e-02 7.359267e-02 2.261334e+02 5.815292e-05 1.989851e+04 0.000000e+00 0.000000e+00 0.000000e+00 0.000000e+00 0.000000e+00 0.000000e+00 0.000000e+00 7.900000e-01 0.000000e+00 2.100000e-01 0.000000e+00 0.000000e+00
1.017424e-01 7.367204e-02 2.261334e+02 5.815292e-05 1.989851e+04 0.000000e+00 0.000000e+00 0.000000e+00 0.000000e+00 0.000000e+00 0.000000e+00 0.000000e+00 7.900000e-01 0.000000e+00 2.100000e-01 0.000000e+00 0.000000e+00
1.049192e-01 7.375284e-02 2.261334e+02 5.815292e-05 1.989851e+04 0.000000e+00 0.000000e+00 0.000000e+00 0.000000e+00 0.000000e+00 0.000000e+00 0.000000e+00 7.900000e-01 0.000000e+00 2.100000e-01 0.000000e+00 0.000000e+00
1.080960e-01 7.383492e-02 2.261334e+02 5.815292e-05 1.989851e+04 0.000000e+00 0.000000e+00 0.000000e+00 0.000000e+00 0.000000e+00 0.000000e+00 0.000000e+00 7.900000e-01 0.000000e+00 2.100000e-01 0.000000e+00 0.000000e+00
1.112727e-01 7.391875e-02 2.261334e+02 5.815292e-05 1.989851e+04 0.000000e+00 0.000000e+00 0.000000e+00 0.000000e+00 0.000000e+00 0.000000e+00 0.000000e+00 7.900000e-01 0.000000e+00 2.100000e-01 0.000000e+00 0.000000e+00
1.144495e-01 7.400398e-02 2.261334e+02 5.815292e-05 1.989851e+04 0.000000e+00 0.000000e+00 0.000000e+00 0.000000e+00 0.000000e+00 0.000000e+00 0.000000e+00 7.900000e-01 0.000000e+00 2.100000e-01 0.000000e+00 0.000000e+00
1.176263e-01 7.409062e-02 2.261334e+02 5.815292e-05 1.989851e+04 0.000000e+00 0.000000e+00 0.000000e+00 0.000000e+00 0.000000e+00 0.000000e+00 0.000000e+00 7.900000e-01 0.000000e+00 2.100000e-01 0.000000e+00 0.000000e+00
1.208030e-01 7.417848e-02 2.261334e+02 5.815292e-05 1.989851e+04 0.000000e+00 0.000000e+00 0.000000e+00 0.000000e+00 0.000000e+00 0.000000e+00 0.000000e+00 7.900000e-01 0.000000e+00 2.100000e-01 0.000000e+00 0.000000e+00
1.239798e-01 7.426719e-02 2.261334e+02 5.815292e-05 1.989851e+04 0.000000e+00 0.000000e+00 0.000000e+00 0.000000e+00 0.000000e+00 0.000000e+00 0.000000e+00 7.900000e-01 0.000000e+00 2.100000e-01 0.000000e+00 0.000000e+00
1.271566e-01 7.435693e-02 2.261334e+02 5.815292e-05 1.989851e+04 0.000000e+00 0.000000e+00 0.000000e+00 0.000000e+00 0.000000e+00 0.000000e+00 0.000000e+00 7.900000e-01 0.000000e+00 2.100000e-01 0.000000e+00 0.000000e+00
1.303333e-01 7.444774e-02 2.261334e+02 5.815292e-05 1.989851e+04 0.000000e+00 0.000000e+00 0.000000e+00 0.000000e+00 0.000000e+00 0.000000e+00 0.000000e+00 7.900000e-01 0.000000e+00 2.100000e-01 0.000000e+00 0.000000e+00
1.335101e-01 7.453966e-02 2.261334e+02 5.815292e-05 1.989851e+04 0.000000e+00 0.000000e+00 0.000000e+00 0.000000e+00 0.000000e+00 0.000000e+00 0.000000e+00 7.900000e-01 0.000000e+00 2.100000e-01 0.000000e+00 0.000000e+00
1.366869e-01 7.463259e-02 2.261334e+02 5.815292e-05 1.989851e+04 0.000000e+00 0.000000e+00 0.000000e+00 0.000000e+00 0.000000e+00 0.000000e+00 0.000000e+00 7.900000e-01 0.000000e+00 2.100000e-01 0.000000e+00 0.000000e+00
1.398636e-01 7.472657e-02 2.261334e+02 5.815292e-05 1.989851e+04 0.000000e+00 0.000000e+00 0.000000e+00 0.000000e+00 0.000000e+00 0.000000e+00 0.000000e+00 7.900000e-01 0.000000e+00 2.100000e-01 0.000000e+00 0.000000e+00
1.430404e-01 7.482126e-02 2.261334e+02 5.815292e-05 1.989851e+04 0.000000e+00 0.000000e+00 0.000000e+00 0.000000e+00 0.000000e+00 0.000000e+00 0.000000e+00 7.900000e-01 0.000000e+00 2.100000e-01 0.000000e+00 0.000000e+00
1.462172e-01 7.491667e-02 2.261334e+02 5.815292e-05 1.989851e+04 0.000000e+00 0.000000e+00 0.000000e+00 0.000000e+00 0.000000e+00 0.000000e+00 0.000000e+00 7.900000e-01 0.000000e+00 2.100000e-01 0.000000e+00 0.000000e+00
1.493939e-01 7.501292e-02 2.261334e+02 5.815292e-05 1.989851e+04 0.000000e+00 0.000000e+00 0.000000e+00 0.000000e+00 0.000000e+00 0.000000e+00 0.000000e+00 7.900000e-01 0.000000e+00 2.100000e-01 0.000000e+00 0.000000e+00
1.525707e-01 7.510992e-02 2.261334e+02 5.815292e-05 1.989851e+04 0.000000e+00 0.000000e+00 0.000000e+00 0.000000e+00 0.000000e+00 0.000000e+00 0.000000e+00 7.900000e-01 0.000000e+00 2.100000e-01 0.000000e+00 0.000000e+00
1.557475e-01 7.520755e-02 2.261334e+02 5.815292e-05 1.989851e+04 0.000000e+00 0.000000e+00 0.000000e+00 0.000000e+00 0.000000e+00 0.000000e+00 0.000000e+00 7.900000e-01 0.000000e+00 2.100000e-01 0.000000e+00 0.000000e+00
1.589242e-01 7.530580e-02 2.261334e+02 5.815292e-05 1.989851e+04 0.000000e+00 0.000000e+00 0.000000e+00 0.000000e+00 0.000000e+00 0.000000e+00 0.000000e+00 7.900000e-01 0.000000e+00 2.100000e-01 0.000000e+00 0.000000e+00
1.621010e-01 7.540452e-02 2.261334e+02 5.815292e-05 1.989851e+04 0.000000e+00 0.000000e+00 0.000000e+00 0.000000e+00 0.000000e+00 0.000000e+00 0.000000e+00 7.900000e-01 0.000000e+00 2.100000e-01 0.000000e+00 0.000000e+00
1.652778e-01 7.550365e-02 2.261334e+02 5.815292e-05 1.989851e+04 0.000000e+00 0.000000e+00 0.000000e+00 0.000000e+00 0.000000e+00 0.000000e+00 0.000000e+00 7.900000e-01 0.000000e+00 2.100000e-01 0.000000e+00 0.000000e+00
1.684545e-01 7.560347e-02 2.261334e+02 5.815292e-05 1.989851e+04 0.000000e+00 0.000000e+00 0.000000e+00 0.000000e+00 0.000000e+00 0.000000e+00 0.000000e+00 7.900000e-01 0.000000e+00 2.100000e-01 0.000000e+00 0.000000e+00
1.716313e-01 7.570358e-02 2.261334e+02 5.815292e-05 1.989851e+04 0.000000e+00 0.000000e+00 0.000000e+00 0.000000e+00 0.000000e+00 0.000000e+00 0.000000e+00 7.900000e-01 0.000000e+00 2.100000e-01 0.000000e+00 0.000000e+00
1.748081e-01 7.580418e-02 2.261334e+02 5.815292e-05 1.989851e+04 0.000000e+00 0.000000e+00 0.000000e+00 0.000000e+00 0.000000e+00 0.000000e+00 0.000000e+00 7.900000e-01 0.000000e+00 2.100000e-01 0.000000e+00 0.000000e+00
1.779848e-01 7.590535e-02 2.261334e+02 5.815292e-05 1.989851e+04 0.000000e+00 0.000000e+00 0.000000e+00 0.000000e+00 0.000000e+00 0.000000e+00 0.000000e+00 7.900000e-01 0.000000e+00 2.100000e-01 0.000000e+00 0.000000e+00
1.811616e-01 7.600658e-02 2.261334e+02 5.815292e-05 1.989851e+04 0.000000e+00 0.000000e+00 0.000000e+00 0.000000e+00 0.000000e+00 0.000000e+00 0.000000e+00 7.900000e-01 0.000000e+00 2.100000e-01 0.000000e+00 0.000000e+00
1.843384e-01 7.610818e-02 2.261334e+02 5.815292e-05 1.989851e+04 0.000000e+00 0.000000e+00 0.000000e+00 0.000000e+00 0.000000e+00 0.000000e+00 0.000000e+00 7.900000e-01 0.000000e+00 2.100000e-01 0.000000e+00 0.000000e+00
1.875152e-01 7.621008e-02 2.261334e+02 5.815292e-05 1.989851e+04 0.000000e+00 0.000000e+00 0.000000e+00 0.000000e+00 0.000000e+00 0.000000e+00 0.000000e+00 7.900000e-01 0.000000e+00 2.100000e-01 0.000000e+00 0.000000e+00
1.906919e-01 7.631216e-02 2.261334e+02 5.815292e-05 1.989851e+04 0.000000e+00 0.000000e+00 0.000000e+00 0.000000e+00 0.000000e+00 0.000000e+00 0.000000e+00 7.900000e-01 0.000000e+00 2.100000e-01 0.000000e+00 0.000000e+00
1.938687e-01 7.641441e-02 2.261334e+02 5.815292e-05 1.989851e+04 0.000000e+00 0.000000e+00 0.000000e+00 0.000000e+00 0.000000e+00 0.000000e+00 0.000000e+00 7.900000e-01 0.000000e+00 2.100000e-01 0.000000e+00 0.000000e+00
1.970455e-01 7.651681e-02 2.261334e+02 5.815292e-05 1.989851e+04 0.000000e+00 0.000000e+00 0.000000e+00 0.000000e+00 0.000000e+00 0.000000e+00 0.000000e+00 7.900000e-01 0.000000e+00 2.100000e-01 0.000000e+00 0.000000e+00
2.002222e-01 7.661939e-02 2.261334e+02 5.815292e-05 1.989851e+04 0.000000e+00 0.000000e+00 0.000000e+00 0.000000e+00 0.000000e+00 0.000000e+00 0.000000e+00 7.900000e-01 0.000000e+00 2.100000e-01 0.000000e+00 0.000000e+00
2.033990e-01 7.672216e-02 2.261334e+02 5.815292e-05 1.989851e+04 0.000000e+00 0.000000e+00 0.000000e+00 0.000000e+00 0.000000e+00 0.000000e+00 0.000000e+00 7.900000e-01 0.000000e+00 2.100000e-01 0.000000e+00 0.000000e+00
2.065758e-01 7.682472e-02 2.261334e+02 5.815292e-05 1.989851e+04 0.000000e+00 0.000000e+00 0.000000e+00 0.000000e+00 0.000000e+00 0.000000e+00 0.000000e+00 7.900000e-01 0.000000e+00 2.100000e-01 0.000000e+00 0.000000e+00
2.097525e-01 7.692740e-02 2.261334e+02 5.815292e-05 1.989851e+04 0.000000e+00 0.000000e+00 0.000000e+00 0.000000e+00 0.000000e+00 0.000000e+00 0.000000e+00 7.900000e-01 0.000000e+00 2.100000e-01 0.000000e+00 0.000000e+00
2.129293e-01 7.703007e-02 2.261334e+02 5.815292e-05 1.989851e+04 0.000000e+00 0.000000e+00 0.000000e+00 0.000000e+00 0.000000e+00 0.000000e+00 0.000000e+00 7.900000e-01 0.000000e+00 2.100000e-01 0.000000e+00 0.000000e+00
2.161061e-01 7.713285e-02 2.261334e+02 5.815292e-05 1.989851e+04 0.000000e+00 0.000000e+00 0.000000e+00 0.000000e+00 0.000000e+00 0.000000e+00 0.000000e+00 7.900000e-01 0.000000e+00 2.100000e-01 0.000000e+00 0.000000e+00
2.192828e-01 7.723563e-02 2.261334e+02 5.815292e-05 1.989851e+04 0.000000e+00 0.000000e+00 0.000000e+00 0.000000e+00 0.000000e+00 0.000000e+00 0.000000e+00 7.900000e-01 0.000000e+00 2.100000e-01 0.000000e+00 0.000000e+00
2.224596e-01 7.733830e-02 2.261334e+02 5.815292e-05 1.989851e+04 0.000000e+00 0.000000e+00 0.000000e+00 0.000000e+00 0.000000e+00 0.000000e+00 0.000000e+00 7.900000e-01 0.000000e+00 2.100000e-01 0.000000e+00 0.000000e+00
2.256364e-01 7.744086e-02 2.261334e+02 5.815292e-05 1.989851e+04 0.000000e+00 0.000000e+00 0.000000e+00 0.000000e+00 0.000000e+00 0.000000e+00 0.000000e+00 7.900000e-01 0.000000e+00 2.100000e-01 0.000000e+00 0.000000e+00
2.288131e-01 7.754326e-02 2.261334e+02 5.815292e-05 1.989851e+04 0.000000e+00 0.000000e+00 0.000000e+00 0.000000e+00 0.000000e+00 0.000000e+00 0.000000e+00 7.900000e-01 0.000000e+00 2.100000e-01 0.000000e+00 0.000000e+00
2.319899e-01 7.764552e-02 2.261334e+02 5.815292e-05 1.989851e+04 0.000000e+00 0.000000e+00 0.000000e+00 0.000000e+00 0.000000e+00 0.000000e+00 0.000000e+00 7.900000e-01 0.000000e+00 2.100000e-01 0.000000e+00 0.000000e+00
2.351667e-01 7.774811e-02 2.261334e+02 5.815292e-05 1.989851e+04 0.000000e+00 0.000000e+00 0.000000e+00 0.000000e+00 0.000000e+00 0.000000e+00 0.000000e+00 7.900000e-01 0.000000e+00 2.100000e-01 0.000000e+00 0.000000e+00
2.383434e-01 7.785036e-02 2.261334e+02 5.815292e-05 1.989851e+04 0.000000e+00 0.000000e+00 0.000000e+00 0.000000e+00 0.000000e+00 0.000000e+00 0.000000e+00 7.900000e-01 0.000000e+00 2.100000e-01 0.000000e+00 0.000000e+00
2.415202e-01 7.795245e-02 2.261334e+02 5.815292e-05 1.989851e+04 0.000000e+00 0.000000e+00 0.000000e+00 0.000000e+00 0.000000e+00 0.000000e+00 0.000000e+00 7.900000e-01 0.000000e+00 2.100000e-01 0.000000e+00 0.000000e+00
2.446970e-01 7.805428e-02 2.261334e+02 5.815292e-05 1.989851e+04 0.000000e+00 0.000000e+00 0.000000e+00 0.000000e+00 0.000000e+00 0.000000e+00 0.000000e+00 7.900000e-01 0.000000e+00 2.100000e-01 0.000000e+00 0.000000e+00
2.478737e-01 7.815579e-02 2.261334e+02 5.815292e-05 1.989851e+04 0.000000e+00 0.000000e+00 0.000000e+00 0.000000e+00 0.000000e+00 0.000000e+00 0.000000e+00 7.900000e-01 0.000000e+00 2.100000e-01 0.000000e+00 0.000000e+00
2.510505e-01 7.825727e-02 2.261334e+02 5.815292e-05 1.989851e+04 0.000000e+00 0.000000e+00 0.000000e+00 0.000000e+00 0.000000e+00 0.000000e+00 0.000000e+00 7.900000e-01 0.000000e+00 2.100000e-01 0.000000e+00 0.000000e+00
2.542273e-01 7.835861e-02 2.261334e+02 5.815292e-05 1.989851e+04 0.000000e+00 0.000000e+00 0.000000e+00 0.000000e+00 0.000000e+00 0.000000e+00 0.000000e+00 7.900000e-01 0.000000e+00 2.100000e-01 0.000000e+00 0.000000e+00
2.574040e-01 7.845942e-02 2.261334e+02 5.815292e-05 1.989851e+04 0.000000e+00 0.000000e+00 0.000000e+00 0.000000e+00 0.000000e+00 0.000000e+00 0.000000e+00 7.900000e-01 0.000000e+00 2.100000e-01 0.000000e+00 0.000000e+00
2.605808e-01 7.856003e-02 2.261334e+02 5.815292e-05 1.989851e+04 0.000000e+00 0.000000e+00 0.000000e+00 0.000000e+00 0.000000e+00 0.000000e+00 0.000000e+00 7.900000e-01 0.000000e+00 2.100000e-01 0.000000e+00 0.000000e+00
2.637576e-01 7.866050e-02 2.261334e+02 5.815292e-05 1.989851e+04 0.000000e+00 0.000000e+00 0.000000e+00 0.000000e+00 0.000000e+00 0.000000e+00 0.000000e+00 7.900000e-01 0.000000e+00 2.100000e-01 0.000000e+00 0.000000e+00
2.669343e-01 7.876041e-02 2.261334e+02 5.815292e-05 1.989851e+04 0.000000e+00 0.000000e+00 0.000000e+00 0.000000e+00 0.000000e+00 0.000000e+00 0.000000e+00 7.900000e-01 0.000000e+00 2.100000e-01 0.000000e+00 0.000000e+00
2.701111e-01 7.885992e-02 2.261334e+02 5.815292e-05 1.989851e+04 0.000000e+00 0.000000e+00 0.000000e+00 0.000000e+00 0.000000e+00 0.000000e+00 0.000000e+00 7.900000e-01 0.000000e+00 2.100000e-01 0.000000e+00 0.000000e+00
2.732879e-01 7.895917e-02 2.261334e+02 5.815292e-05 1.989851e+04 0.000000e+00 0.000000e+00 0.000000e+00 0.000000e+00 0.000000e+00 0.000000e+00 0.000000e+00 7.900000e-01 0.000000e+00 2.100000e-01 0.000000e+00 0.000000e+00
2.764646e-01 7.905822e-02 2.261334e+02 5.815292e-05 1.989851e+04 0.000000e+00 0.000000e+00 0.000000e+00 0.000000e+00 0.000000e+00 0.000000e+00 0.000000e+00 7.900000e-01 0.000000e+00 2.100000e-01 0.000000e+00 0.000000e+00
2.796414e-01 7.915693e-02 2.261334e+02 5.815292e-05 1.989851e+04 0.000000e+00 0.000000e+00 0.000000e+00 0.000000e+00 0.000000e+00 0.000000e+00 0.000000e+00 7.900000e-01 0.000000e+00 2.100000e-01 0.000000e+00 0.000000e+00
2.828182e-01 7.925547e-02 2.261334e+02 5.815292e-05 1.989851e+04 0.000000e+00 0.000000e+00 0.000000e+00 0.000000e+00 0.000000e+00 0.000000e+00 0.000000e+00 7.900000e-01 0.000000e+00 2.100000e-01 0.000000e+00 0.000000e+00
2.859949e-01 7.935360e-02 2.261334e+02 5.815292e-05 1.989851e+04 0.000000e+00 0.000000e+00 0.000000e+00 0.000000e+00 0.000000e+00 0.000000e+00 0.000000e+00 7.900000e-01 0.000000e+00 2.100000e-01 0.000000e+00 0.000000e+00
2.891717e-01 7.945152e-02 2.261334e+02 5.815292e-05 1.989851e+04 0.000000e+00 0.000000e+00 0.000000e+00 0.000000e+00 0.000000e+00 0.000000e+00 0.000000e+00 7.900000e-01 0.000000e+00 2.100000e-01 0.000000e+00 0.000000e+00
2.923485e-01 7.954890e-02 2.261334e+02 5.815292e-05 1.989851e+04 0.000000e+00 0.000000e+00 0.000000e+00 0.000000e+00 0.000000e+00 0.000000e+00 0.000000e+00 7.900000e-01 0.000000e+00 2.100000e-01 0.000000e+00 0.000000e+00
2.955253e-01 7.964600e-02 2.261334e+02 5.815292e-05 1.989851e+04 0.000000e+00 0.000000e+00 0.000000e+00 0.000000e+00 0.000000e+00 0.000000e+00 0.000000e+00 7.900000e-01 0.000000e+00 2.100000e-01 0.000000e+00 0.000000e+00
2.987020e-01 7.974304e-02 2.261334e+02 5.815292e-05 1.989851e+04 0.000000e+00 0.000000e+00 0.000000e+00 0.000000e+00 0.000000e+00 0.000000e+00 0.000000e+00 7.900000e-01 0.000000e+00 2.100000e-01 0.000000e+00 0.000000e+00
3.018788e-01 7.983979e-02 2.261334e+02 5.815292e-05 1.989851e+04 0.000000e+00 0.000000e+00 0.000000e+00 0.000000e+00 0.000000e+00 0.000000e+00 0.000000e+00 7.900000e-01 0.000000e+00 2.100000e-01 0.000000e+00 0.000000e+00
3.050556e-01 7.993595e-02 2.261334e+02 5.815292e-05 1.989851e+04 0.000000e+00 0.000000e+00 0.000000e+00 0.000000e+00 0.000000e+00 0.000000e+00 0.000000e+00 7.900000e-01 0.000000e+00 2.100000e-01 0.000000e+00 0.000000e+00
3.082323e-01 8.003182e-02 2.261334e+02 5.815292e-05 1.989851e+04 0.000000e+00 0.000000e+00 0.000000e+00 0.000000e+00 0.000000e+00 0.000000e+00 0.000000e+00 7.900000e-01 0.000000e+00 2.100000e-01 0.000000e+00 0.000000e+00
3.114091e-01 8.012737e-02 2.261334e+02 5.815292e-05 1.989851e+04 0.000000e+00 0.000000e+00 0.000000e+00 0.000000e+00 0.000000e+00 0.000000e+00 0.000000e+00 7.900000e-01 0.000000e+00 2.100000e-01 0.000000e+00 0.000000e+00
3.145859e-01 8.022263e-02 2.261334e+02 5.815292e-05 1.989851e+04 0.000000e+00 0.000000e+00 0.000000e+00 0.000000e+00 0.000000e+00 0.000000e+00 0.000000e+00 7.900000e-01 0.000000e+00 2.100000e-01 0.000000e+00 0.000000e+00
3.177626e-01 8.031759e-02 2.261334e+02 5.815292e-05 1.989851e+04 0.000000e+00 0.000000e+00 0.000000e+00 0.000000e+00 0.000000e+00 0.000000e+00 0.000000e+00 7.900000e-01 0.000000e+00 2.100000e-01 0.000000e+00 0.000000e+00
3.209394e-01 8.041197e-02 2.261334e+02 5.815292e-05 1.989851e+04 0.000000e+00 0.000000e+00 0.000000e+00 0.000000e+00 0.000000e+00 0.000000e+00 0.000000e+00 7.900000e-01 0.000000e+00 2.100000e-01 0.000000e+00 0.000000e+00
3.241162e-01 8.050622e-02 2.261334e+02 5.815292e-05 1.989851e+04 0.000000e+00 0.000000e+00 0.000000e+00 0.000000e+00 0.000000e+00 0.000000e+00 0.000000e+00 7.900000e-01 0.000000e+00 2.100000e-01 0.000000e+00 0.000000e+00
3.272929e-01 8.060015e-02 2.261334e+02 5.815292e-05 1.989851e+04 0.000000e+00 0.000000e+00 0.000000e+00 0.000000e+00 0.000000e+00 0.000000e+00 0.000000e+00 7.900000e-01 0.000000e+00 2.100000e-01 0.000000e+00 0.000000e+00
3.304697e-01 8.069387e-02 2.261334e+02 5.815292e-05 1.989851e+04 0.000000e+00 0.000000e+00 0.000000e+00 0.000000e+00 0.000000e+00 0.000000e+00 0.000000e+00 7.900000e-01 0.000000e+00 2.100000e-01 0.000000e+00 0.000000e+00
3.336465e-01 8.078719e-02 2.261334e+02 5.815292e-05 1.989851e+04 0.000000e+00 0.000000e+00 0.000000e+00 0.000000e+00 0.000000e+00 0.000000e+00 0.000000e+00 7.900000e-01 0.000000e+00 2.100000e-01 0.000000e+00 0.000000e+00
3.368232e-01 8.088022e-02 2.261334e+02 5.815292e-05 1.989851e+04 0.000000e+00 0.000000e+00 0.000000e+00 0.000000e+00 0.000000e+00 0.000000e+00 0.000000e+00 7.900000e-01 0.000000e+00 2.100000e-01 0.000000e+00 0.000000e+00
3.400000e-01 8.097283e-02 2.261334e+02 5.815292e-05 1.989851e+04 0.000000e+00 0.000000e+00 0.000000e+00 0.000000e+00 0.000000e+00 0.000000e+00 0.000000e+00 7.900000e-01 0.000000e+00 2.100000e-01 0.000000e+00 0.000000e+00
