2.550000e-02 5.702224e-03 2.290602e+04 2.500378e-05 1.675444e+04 -1.201638e+02 3.394265e-03 2.288246e-01 4.581509e-04 1.237423e-01 6.226433e-04 1.611063e-03 5.242233e-01 1.792804e-03 1.148102e-01 2.658416e-04 2.548269e-04 
2.867677e-02 5.679106e-03 2.172096e+04 2.418190e-05 1.687497e+04 -1.217981e+02 3.587977e-03 2.202103e-01 5.112694e-04 1.233990e-01 5.571434e-04 1.623443e-03 5.315473e-01 1.933047e-03 1.160440e-01 3.085144e-04 2.780066e-04 
3.185354e-02 5.658548e-03 2.046431e+04 2.358603e-05 1.700920e+04 -1.050521e+02 3.557434e-03 2.191995e-01 5.235444e-04 1.234507e-01 4.825038e-04 1.663639e-03 5.344468e-01 2.096216e-03 1.141245e-01 2.671303e-04 1.880288e-04 
3.503030e-02 5.640567e-03 1.938272e+04 2.273097e-05 1.710850e+04 -9.214199e+01 3.087372e-03 2.118791e-01 4.115797e-04 1.233795e-01 5.333421e-04 1.796368e-03 5.408617e-01 1.698314e-03 1.159086e-01 2.469939e-04 1.971526e-04 
3.820707e-02 5.622467e-03 1.843179e+04 2.237138e-05 1.722296e+04 -9.429117e+01 3.171018e-03 2.125317e-01 4.524646e-04 1.219033e-01 4.461735e-04 2.079257e-03 5.411709e-01 1.822099e-03 1.159728e-01 2.578720e-04 1.924093e-04 
4.138384e-02 5.606078e-03 1.765611e+04 2.185108e-05 1.728626e+04 -8.851629e+01 3.257883e-03 2.072563e-01 4.490015e-04 1.201375e-01 5.755300e-04 1.713395e-03 5.471675e-01 1.786799e-03 1.172095e-01 2.182626e-04 2.282895e-04 
4.456061e-02 5.588930e-03 1.664291e+04 2.170078e-05 1.740584e+04 -1.013787e+02 2.950560e-03 1.989012e-01 5.496206e-04 1.219953e-01 5.679070e-04 2.229318e-03 5.531125e-01 1.549705e-03 1.178605e-01 1.729417e-04 1.103854e-04 
4.773737e-02 5.571656e-03 1.612194e+04 2.127681e-05 1.746248e+04 -9.892288e+01 3.119014e-03 2.007245e-01 4.703745e-04 1.210074e-01 4.933210e-04 1.926114e-03 5.535806e-01 1.782780e-03 1.165233e-01 1.377925e-04 2.347411e-04 
5.091414e-02 5.555442e-03 1.542330e+04 2.075604e-05 1.753396e+04 -8.362155e+01 2.680258e-03 1.973151e-01 2.989841e-04 1.208396e-01 4.198418e-04 2.109005e-03 5.544945e-01 1.574745e-03 1.198813e-01 2.123561e-04 1.743288e-04 
5.409091e-02 5.538148e-03 1.486408e+04 2.078228e-05 1.761788e+04 -1.012654e+02 3.251037e-03 1.908550e-01 3.347743e-04 1.208587e-01 6.448291e-04 2.631783e-03 5.604490e-01 1.960341e-03 1.187034e-01 1.755326e-04 1.355593e-04 
5.726768e-02 5.519845e-03 1.422795e+04 2.023442e-05 1.767708e+04 -1.057303e+02 2.827956e-03 1.904137e-01 3.885029e-04 1.176712e-01 5.735358e-04 2.573781e-03 5.643720e-01 1.658240e-03 1.193133e-01 5.991746e-05 1.477660e-04 
6.044444e-02 5.501861e-03 1.376568e+04 2.009394e-05 1.773015e+04 -1.090973e+02 2.658832e-03 1.909717e-01 2.483310e-04 1.165906e-01 5.436903e-04 2.740577e-03 5.670722e-01 1.550811e-03 1.173072e-01 2.225872e-04 9.341203e-05 
6.362121e-02 5.484271e-03 1.340537e+04 2.018732e-05 1.779295e+04 -1.070743e+02 2.366500e-03 1.818883e-01 2.482660e-04 1.170230e-01 4.113063e-04 2.599836e-03 5.752122e-01 1.399293e-03 1.185436e-01 1.668320e-04 1.408097e-04 
6.679798e-02 5.467238e-03 1.299929e+04 1.980753e-05 1.783580e+04 -7.986243e+01 2.385021e-03 1.851035e-01 3.389947e-04 1.153979e-01 3.445313e-04 2.517978e-03 5.726436e-01 1.378771e-03 1.195670e-01 1.966391e-04 1.260855e-04 
6.997475e-02 5.450078e-03 1.238478e+04 1.979899e-05 1.790016e+04 -1.044890e+02 2.250669e-03 1.848073e-01 3.549283e-04 1.140412e-01 4.203901e-04 2.745980e-03 5.727567e-01 1.253702e-03 1.211475e-01 1.379380e-04 8.371496e-05 
7.315152e-02 5.433476e-03 1.209075e+04 1.965431e-05 1.794749e+04 -9.387435e+01 2.276275e-03 1.777779e-01 3.640480e-04 1.126901e-01 3.948489e-04 2.720250e-03 5.786040e-01 1.152253e-03 1.236552e-01 2.114985e-04 1.536249e-04 
7.632828e-02 5.417877e-03 1.178914e+04 1.955452e-05 1.799560e+04 -9.791475e+01 2.843380e-03 1.725316e-01 5.189804e-04 1.115998e-01 5.226390e-04 3.013458e-03 5.838531e-01 1.448097e-03 1.233154e-01 2.072289e-04 1.464432e-04 
7.950505e-02 5.401784e-03 1.144925e+04 1.934526e-05 1.802256e+04 -8.451209e+01 2.115098e-03 1.715928e-01 2.781740e-04 1.126753e-01 4.069453e-04 2.642903e-03 5.837488e-01 1.118961e-03 1.251101e-01 1.020180e-04 2.090026e-04 
8.268182e-02 5.387150e-03 1.117313e+04 1.938113e-05 1.806445e+04 -9.461963e+01 2.372050e-03 1.691249e-01 2.931249e-04 1.104335e-01 3.732851e-04 2.608726e-03 5.893054e-01 1.346945e-03 1.237833e-01 1.767894e-04 1.819107e-04 
8.585859e-02 5.372216e-03 1.092252e+04 1.903663e-05 1.810166e+04 -8.834392e+01 2.128045e-03 1.664021e-01 3.209464e-04 1.093391e-01 3.371629e-04 2.890685e-03 5.915996e-01 1.153647e-03 1.255125e-01 1.391321e-04 1.771522e-04 
8.903535e-02 5.357133e-03 1.061471e+04 1.922333e-05 1.815735e+04 -8.284943e+01 2.144313e-03 1.613316e-01 2.973551e-04 1.110138e-01 3.444956e-04 2.961245e-03 5.951134e-01 1.137664e-03 1.252913e-01 1.648250e-04 1.999698e-04 
9.221212e-02 5.343205e-03 1.042423e+04 1.887011e-05 1.817617e+04 -8.708177e+01 2.225607e-03 1.646495e-01 2.846413e-04 1.071150e-01 4.200016e-04 3.322104e-03 5.950371e-01 1.229255e-03 1.254251e-01 1.790199e-04 1.126931e-04 
9.538889e-02 5.328261e-03 1.012551e+04 1.893538e-05 1.822419e+04 -8.813207e+01 1.747291e-03 1.609785e-01 2.190392e-04 1.073712e-01 3.033795e-04 3.143945e-03 5.995398e-01 9.786028e-04 1.254720e-01 1.155546e-04 1.307149e-04 
9.856566e-02 5.313992e-03 9.966285e+03 1.902603e-05 1.823354e+04 -8.403615e+01 1.774033e-03 1.590255e-01 2.150913e-04 1.071637e-01 2.182770e-04 2.904468e-03 5.970826e-01 1.049435e-03 1.302756e-01 1.942233e-04 9.700507e-05 
1.017424e-01 5.299585e-03 9.723586e+03 1.892481e-05 1.826985e+04 -8.302675e+01 1.993387e-03 1.562003e-01 1.509632e-04 1.044650e-01 2.859702e-04 3.814459e-03 6.062099e-01 1.320767e-03 1.253237e-01 1.518821e-04 8.380230e-05 
1.049192e-01 5.285706e-03 9.532742e+03 1.890024e-05 1.830260e+04 -8.103385e+01 1.786936e-03 1.539334e-01 1.966054e-04 1.044040e-01 3.155146e-04 3.384047e-03 6.055146e-01 1.036788e-03 1.291900e-01 2.174435e-04 2.058591e-05 
1.080960e-01 5.272224e-03 9.335698e+03 1.870842e-05 1.832599e+04 -6.896593e+01 1.817701e-03 1.519939e-01 1.364441e-04 1.055458e-01 3.679985e-04 3.314788e-03 6.071809e-01 1.091531e-03 1.283293e-01 1.171777e-04 1.045482e-04 
1.112727e-01 5.259537e-03 9.099957e+03 1.870668e-05 1.835678e+04 -8.118719e+01 1.861804e-03 1.497533e-01 2.730818e-04 1.000358e-01 3.443111e-04 3.715928e-03 6.142781e-01 1.041309e-03 1.284932e-01 1.171294e-04 8.597283e-05 
1.144495e-01 5.246798e-03 8.867288e+03 1.874940e-05 1.838846e+04 -9.080686e+01 2.110115e-03 1.492315e-01 2.534023e-04 1.008978e-01 4.522256e-04 3.936842e-03 6.108547e-01 1.117108e-03 1.308589e-01 7.212652e-05 2.152531e-04 
1.176263e-01 5.232584e-03 8.699260e+03 1.873450e-05 1.842180e+04 -7.789646e+01 2.224141e-03 1.466397e-01 1.798183e-04 1.011728e-01 3.208626e-04 3.633449e-03 6.116676e-01 1.426403e-03 1.324381e-01 1.873406e-04 1.097199e-04 
1.208030e-01 5.220714e-03 8.596827e+03 1.864609e-05 1.843814e+04 -7.267232e+01 1.830567e-03 1.454659e-01 1.872792e-04 1.004727e-01 3.397446e-04 3.567379e-03 6.135690e-01 1.099773e-03 1.332638e-01 1.059973e-04 9.777536e-05 
1.239798e-01 5.208987e-03 8.418111e+03 1.864708e-05 1.845556e+04 -5.426703e+01 2.044885e-03 1.461741e-01 2.081401e-04 9.798972e-02 3.214902e-04 3.892911e-03 6.123910e-01 1.227367e-03 1.354625e-01 1.299453e-04 1.579436e-04 
1.271566e-01 5.198467e-03 8.278327e+03 1.854493e-05 1.849072e+04 -6.145013e+01 1.830165e-03 1.425620e-01 3.399664e-04 1.004121e-01 1.248169e-04 3.964531e-03 6.189059e-01 1.134718e-03 1.304952e-01 1.479446e-04 8.272006e-05 
1.303333e-01 5.188470e-03 8.109297e+03 1.847305e-05 1.851214e+04 -7.016873e+01 2.051208e-03 1.410714e-01 1.485215e-04 1.012835e-01 2.282786e-04 3.999208e-03 6.177500e-01 1.396851e-03 1.317936e-01 1.194050e-04 1.581524e-04 
1.335101e-01 5.179171e-03 8.027234e+03 1.857793e-05 1.852914e+04 -5.229835e+01 1.827329e-03 1.399783e-01 1.520658e-04 1.007379e-01 4.088064e-04 4.223803e-03 6.181885e-01 1.026393e-03 1.332168e-01 1.504435e-04 8.962262e-05 
1.366869e-01 5.169119e-03 7.860519e+03 1.847825e-05 1.856623e+04 -5.096740e+01 1.715512e-03 1.375783e-01 9.956670e-05 1.010983e-01 2.367722e-04 3.786214e-03 6.196631e-01 1.020438e-03 1.344431e-01 1.344160e-04 2.243197e-04 
1.398636e-01 5.159509e-03 7.753808e+03 1.854047e-05 1.856134e+04 -5.486404e+01 1.416802e-03 1.359636e-01 9.775609e-05 9.752736e-02 3.583116e-04 4.194068e-03 6.232501e-01 8.151182e-04 1.362313e-01 8.124487e-05 6.437187e-05 
1.430404e-01 5.149638e-03 7.618349e+03 1.862761e-05 1.858088e+04 -6.085086e+01 1.782882e-03 1.389838e-01 1.677480e-04 9.781877e-02 4.294102e-04 4.520612e-03 6.191115e-01 9.450917e-04 1.359996e-01 1.255224e-04 1.151099e-04 
1.462172e-01 5.140771e-03 7.512698e+03 1.855774e-05 1.859801e+04 -5.031029e+01 1.919114e-03 1.349621e-01 2.327695e-04 9.653577e-02 3.976379e-04 4.194288e-03 6.250139e-01 1.008828e-03 1.354558e-01 1.151513e-04 1.647292e-04 
1.493939e-01 5.132226e-03 7.389800e+03 1.843425e-05 1.862053e+04 -4.120943e+01 1.728795e-03 1.320394e-01 1.511329e-04 9.527572e-02 2.438825e-04 4.246785e-03 6.278613e-01 1.154422e-03 1.371192e-01 1.358163e-04 4.354097e-05 
1.525707e-01 5.124677e-03 7.327505e+03 1.854221e-05 1.862394e+04 -4.938983e+01 1.713112e-03 1.293366e-01 1.692068e-04 9.543203e-02 4.807517e-04 4.725162e-03 6.283272e-01 8.902501e-04 1.387528e-01 3.389003e-05 1.390145e-04 
1.557475e-01 5.117337e-03 7.218029e+03 1.858700e-05 1.863753e+04 -3.994787e+01 1.599563e-03 1.306019e-01 1.115333e-04 9.436535e-02 4.286386e-04 4.710680e-03 6.280006e-01 9.027876e-04 1.391223e-01 3.799443e-05 1.186096e-04 
1.589242e-01 5.110571e-03 7.136176e+03 1.845217e-05 1.865382e+04 -3.697197e+01 1.793526e-03 1.256924e-01 2.096838e-04 9.537056e-02 3.303375e-04 4.756345e-03 6.333398e-01 1.133655e-03 1.372538e-01 3.834567e-05 8.150290e-05 
1.621010e-01 5.104118e-03 7.004006e+03 1.856929e-05 1.869507e+04 -4.211208e+01 1.299000e-03 1.263187e-01 7.266122e-05 9.328387e-02 1.700326e-04 4.504126e-03 6.334811e-01 8.471567e-04 1.398142e-01 1.393693e-04 6.978088e-05 
1.652778e-01 5.096421e-03 6.928609e+03 1.847077e-05 1.870871e+04 -4.871869e+01 1.730902e-03 1.212896e-01 2.119817e-04 9.228565e-02 3.175864e-04 4.594624e-03 6.390467e-01 1.006460e-03 1.393216e-01 7.277529e-05 1.220974e-04 
1.684545e-01 5.090632e-03 6.835772e+03 1.844344e-05 1.869826e+04 -2.779600e+01 1.490256e-03 1.252316e-01 2.110502e-04 8.961568e-02 2.133662e-04 4.437609e-03 6.350218e-01 8.726207e-04 1.427128e-01 9.828075e-05 9.493967e-05 
1.716313e-01 5.085357e-03 6.756803e+03 1.845145e-05 1.872005e+04 -3.331078e+01 1.968407e-03 1.199187e-01 1.542543e-04 9.095110e-02 4.555297e-04 4.839540e-03 6.411121e-01 1.213696e-03 1.392417e-01 6.669022e-05 7.823767e-05 
1.748081e-01 5.080553e-03 6.657386e+03 1.834534e-05 1.874364e+04 -2.335082e+01 1.534813e-03 1.236068e-01 1.617535e-04 9.147363e-02 2.178719e-04 4.451807e-03 6.356280e-01 1.010794e-03 1.417702e-01 6.893367e-05 7.546121e-05 
1.779848e-01 5.075973e-03 6.607044e+03 1.829933e-05 1.873574e+04 -3.895167e+01 1.366011e-03 1.192563e-01 1.948046e-04 9.032755e-02 3.216403e-04 4.230518e-03 6.394540e-01 7.363340e-04 1.439996e-01 3.380086e-05 7.943315e-05 
1.811616e-01 5.071526e-03 6.547642e+03 1.843688e-05 1.876796e+04 -1.533045e+01 1.216030e-03 1.185836e-01 1.378024e-04 8.815486e-02 1.886136e-04 5.223627e-03 6.422027e-01 7.785995e-04 1.434031e-01 8.750742e-05 2.350813e-05 
1.843384e-01 5.066314e-03 6.427610e+03 1.842964e-05 1.876450e+04 -3.908302e+01 1.529385e-03 1.169528e-01 1.964089e-04 8.706709e-02 1.524354e-04 5.312653e-03 6.409408e-01 1.106776e-03 1.466679e-01 4.551757e-05 2.824738e-05 
1.875152e-01 5.060990e-03 6.373492e+03 1.850215e-05 1.878165e+04 -2.474013e+01 1.935603e-03 1.155515e-01 1.665753e-04 8.569666e-02 2.643742e-04 4.640333e-03 6.492251e-01 1.213893e-03 1.410152e-01 1.521757e-04 1.385861e-04 
1.906919e-01 5.055182e-03 6.261103e+03 1.846174e-05 1.877938e+04 -3.718769e+01 1.399317e-03 1.143758e-01 1.633563e-04 8.786300e-02 2.050420e-04 5.450248e-03 6.440242e-01 8.965729e-04 1.454881e-01 4.726473e-05 8.708150e-05 
1.938687e-01 5.050711e-03 6.216394e+03 1.828250e-05 1.880302e+04 -1.697802e+01 1.756021e-03 1.125848e-01 3.834899e-04 8.833376e-02 1.551881e-04 4.440919e-03 6.485193e-01 1.067357e-03 1.426092e-01 6.462028e-05 8.536470e-05 
1.970455e-01 5.046446e-03 6.151722e+03 1.843542e-05 1.882514e+04 -2.072409e+01 1.689511e-03 1.151268e-01 1.243936e-04 8.920561e-02 1.670448e-04 4.872211e-03 6.430730e-01 1.057969e-03 1.443434e-01 1.310486e-04 2.090540e-04 
2.002222e-01 5.043702e-03 6.041423e+03 1.824449e-05 1.881437e+04 -1.016726e+01 1.371203e-03 1.159772e-01 1.656227e-04 8.562505e-02 2.018200e-04 5.294726e-03 6.466732e-01 8.493396e-04 1.436874e-01 5.218411e-05 1.022371e-04 
2.033990e-01 5.040635e-03 5.954464e+03 1.813238e-05 1.884056e+04 -2.599646e+01 1.811272e-03 1.119315e-01 1.534692e-04 8.563215e-02 1.566977e-04 5.207446e-03 6.502513e-01 1.199810e-03 1.433551e-01 1.288979e-04 1.723966e-04 
2.065758e-01 5.036933e-03 5.921044e+03 1.831311e-05 1.884829e+04 -3.441238e+01 1.537341e-03 1.068158e-01 2.369625e-04 8.641003e-02 1.993319e-04 4.899601e-03 6.518753e-01 9.319838e-04 1.469246e-01 6.929222e-05 9.977084e-05 
2.097525e-01 5.033716e-03 5.858145e+03 1.824534e-05 1.885767e+04 -2.703747e+01 1.419278e-03 1.116109e-01 2.426230e-04 8.657148e-02 8.457213e-05 5.392758e-03 6.494039e-01 7.499251e-04 1.441824e-01 1.189525e-04 2.232038e-04 
2.129293e-01 5.030804e-03 5.810231e+03 1.820002e-05 1.886215e+04 -9.247373e+00 1.584807e-03 1.072954e-01 1.871122e-04 8.213050e-02 2.326164e-04 5.408944e-03 6.561969e-01 9.193332e-04 1.457986e-01 1.199428e-04 1.258022e-04 
2.161061e-01 5.028847e-03 5.746591e+03 1.828487e-05 1.887387e+04 -1.222912e+01 1.615754e-03 1.079595e-01 2.458980e-04 8.496205e-02 1.282550e-04 5.719576e-03 6.530690e-01 9.299586e-04 1.450584e-01 2.033799e-04 1.082628e-04 
2.192828e-01 5.026645e-03 5.689507e+03 1.834994e-05 1.888736e+04 -1.829481e+01 1.407766e-03 1.068309e-01 2.289926e-04 8.445098e-02 1.797487e-04 5.064041e-03 6.554405e-01 8.019643e-04 1.453980e-01 8.401550e-05 1.130433e-04 
2.224596e-01 5.024090e-03 5.690205e+03 1.822207e-05 1.889636e+04 -1.298631e+01 1.661257e-03 1.088087e-01 2.611860e-04 8.169865e-02 2.210660e-04 5.080794e-03 6.546123e-01 9.794341e-04 1.464771e-01 7.587606e-05 1.236952e-04 
2.256364e-01 5.021942e-03 5.609119e+03 1.823412e-05 1.890306e+04 -8.028659e+00 1.268431e-03 1.063857e-01 7.818932e-05 8.308160e-02 1.286443e-04 4.793556e-03 6.558707e-01 8.621766e-04 1.473316e-01 7.064024e-05 1.287816e-04 
2.288131e-01 5.020109e-03 5.579455e+03 1.809538e-05 1.889416e+04 -1.703110e+01 1.897992e-03 1.055899e-01 1.891863e-04 8.162403e-02 2.078516e-04 5.369061e-03 6.595365e-01 1.304256e-03 1.440845e-01 8.800994e-05 1.086898e-04 
2.319899e-01 5.018309e-03 5.523868e+03 1.819507e-05 1.891732e+04 -1.134634e+01 1.484410e-03 1.059508e-01 1.269826e-04 8.211850e-02 1.921522e-04 5.286263e-03 6.585649e-01 9.385982e-04 1.451107e-01 7.716898e-05 1.495067e-04 
2.351667e-01 5.016951e-03 5.458929e+03 1.826530e-05 1.892451e+04 -1.389872e+01 1.656156e-03 1.071037e-01 2.618574e-04 8.238228e-02 1.617322e-04 5.089039e-03 6.569542e-01 1.063776e-03 1.451584e-01 1.471582e-04 2.163239e-05 
2.383434e-01 5.015120e-03 5.398709e+03 1.811374e-05 1.892891e+04 2.206753e-01 1.456400e-03 1.032812e-01 1.429330e-04 8.413673e-02 3.979240e-04 5.304926e-03 6.577822e-01 7.732820e-04 1.465822e-01 6.043611e-05 8.182463e-05 
2.415202e-01 5.014271e-03 5.374859e+03 1.810894e-05 1.894047e+04 -6.129100e+00 1.063153e-03 1.032366e-01 1.354115e-04 7.816840e-02 9.434032e-05 5.443524e-03 6.626135e-01 5.972690e-04 1.484117e-01 1.618813e-04 7.424914e-05 
2.446970e-01 5.013302e-03 5.305533e+03 1.805490e-05 1.894844e+04 -5.674971e+00 1.464153e-03 9.922416e-02 1.687754e-04 8.075334e-02 2.556660e-04 5.221376e-03 6.631237e-01 8.720582e-04 1.487491e-01 4.708872e-05 1.205630e-04 
2.478737e-01 5.013160e-03 5.273558e+03 1.800539e-05 1.894720e+04 6.657427e-01 1.250276e-03 1.004251e-01 1.926293e-04 8.032001e-02 2.202074e-04 5.410479e-03 6.619937e-01 6.330428e-04 1.493501e-01 5.417888e-05 1.502182e-04 
2.510505e-01 5.012585e-03 5.273386e+03 1.815095e-05 1.896131e+04 -4.933455e+00 1.414384e-03 9.987673e-02 1.392008e-04 8.154739e-02 2.287467e-04 5.889023e-03 6.615314e-01 8.319870e-04 1.483267e-01 1.028454e-04 1.116054e-04 
2.542273e-01 5.012694e-03 5.176101e+03 1.796131e-05 1.897781e+04 -3.575345e+00 1.352962e-03 9.925394e-02 2.183261e-04 8.288915e-02 1.940792e-04 5.983435e-03 6.585331e-01 6.914251e-04 1.506345e-01 8.129866e-05 1.678315e-04 
2.574040e-01 5.012734e-03 5.117203e+03 1.814184e-05 1.897320e+04 -3.197724e+00 1.249052e-03 9.689308e-02 4.884160e-05 8.249114e-02 2.178816e-04 6.369977e-03 6.634692e-01 7.592050e-04 1.482785e-01 5.675732e-05 1.663665e-04 
2.605808e-01 5.012257e-03 5.131877e+03 1.802772e-05 1.899070e+04 -7.774607e+00 1.433847e-03 9.521115e-02 1.113768e-04 7.836563e-02 2.241107e-04 6.048563e-03 6.659313e-01 8.512667e-04 1.515757e-01 9.922065e-05 1.478734e-04 
2.637576e-01 5.011366e-03 5.076396e+03 1.810188e-05 1.898774e+04 -6.507144e+00 1.193879e-03 9.663582e-02 2.731544e-04 7.820840e-02 1.722335e-04 5.761251e-03 6.646360e-01 6.497019e-04 1.523708e-01 2.579383e-05 7.299284e-05 
2.669343e-01 5.010689e-03 5.018917e+03 1.810549e-05 1.899395e+04 -2.668295e+00 1.477125e-03 9.273100e-02 3.186431e-04 7.954550e-02 1.552397e-04 6.491041e-03 6.686927e-01 6.915665e-04 1.495855e-01 1.238821e-04 1.877950e-04 
2.701111e-01 5.010972e-03 5.031155e+03 1.797633e-05 1.899298e+04 3.975655e+00 1.146499e-03 9.476739e-02 1.571744e-04 7.760240e-02 1.412232e-04 5.773552e-03 6.717150e-01 6.429449e-04 1.478487e-01 9.543255e-05 1.097247e-04 
2.732879e-01 5.011438e-03 4.973744e+03 1.786831e-05 1.900498e+04 4.741144e+00 1.273497e-03 9.400332e-02 1.225859e-04 7.745670e-02 1.265720e-04 6.761866e-03 6.694306e-01 7.893586e-04 1.498005e-01 1.092731e-04 1.257099e-04 
2.764646e-01 5.011636e-03 4.902968e+03 1.818448e-05 1.900879e+04 5.218837e-01 1.187691e-03 9.276660e-02 1.833730e-04 7.776372e-02 1.724800e-04 5.995985e-03 6.688916e-01 6.624530e-04 1.522067e-01 4.188179e-05 1.275028e-04 
2.796414e-01 5.011915e-03 4.905291e+03 1.782807e-05 1.902127e+04 2.776996e+00 1.116525e-03 9.737008e-02 1.749749e-04 7.603126e-02 1.438053e-04 6.704951e-03 6.701848e-01 6.684200e-04 1.474759e-01 4.511282e-05 8.421272e-05 
2.828182e-01 5.013437e-03 4.890485e+03 1.787019e-05 1.902708e+04 7.094650e+00 1.456798e-03 9.467110e-02 2.056981e-04 7.686656e-02 1.823384e-04 6.496240e-03 6.665570e-01 7.911124e-04 1.524955e-01 8.990931e-05 1.877373e-04 
2.859949e-01 5.015043e-03 4.863669e+03 1.791810e-05 1.902254e+04 1.272432e+01 1.322929e-03 9.480539e-02 2.353671e-04 7.663274e-02 1.532497e-04 6.387179e-03 6.700220e-01 8.340763e-04 1.495068e-01 4.346910e-05 5.676657e-05 
2.891717e-01 5.017141e-03 4.781051e+03 1.786905e-05 1.904361e+04 1.350137e+01 1.331266e-03 9.015884e-02 1.149741e-04 7.914418e-02 2.408601e-04 6.176531e-03 6.682373e-01 7.470567e-04 1.536206e-01 1.210609e-04 1.073138e-04 
2.923485e-01 5.018370e-03 4.743308e+03 1.787932e-05 1.903851e+04 6.381240e-02 1.019261e-03 9.165960e-02 1.951352e-04 7.644375e-02 1.414885e-04 5.970290e-03 6.702088e-01 5.621182e-04 1.536790e-01 2.619599e-05 9.432343e-05 
2.955253e-01 5.019572e-03 4.776251e+03 1.773241e-05 1.905488e+04 1.957025e+01 1.546628e-03 8.998975e-02 3.370765e-04 7.591500e-02 2.629414e-04 5.587201e-03 6.731589e-01 7.920340e-04 1.522559e-01 9.795243e-05 5.662390e-05 
2.987020e-01 5.020627e-03 4.705998e+03 1.783787e-05 1.905783e+04 -1.212704e+00 1.115795e-03 8.928775e-02 1.255285e-04 7.920250e-02 9.924980e-05 6.999425e-03 6.698505e-01 8.060273e-04 1.524282e-01 2.995674e-05 5.503244e-05 
3.018788e-01 5.022771e-03 4.687164e+03 1.760194e-05 1.906013e+04 1.010049e+01 1.552191e-03 8.809342e-02 3.886919e-04 7.590068e-02 2.649699e-04 6.276859e-03 6.756505e-01 8.120568e-04 1.509742e-01 2.504279e-05 6.142525e-05 
3.050556e-01 5.024756e-03 4.645877e+03 1.775504e-05 1.906050e+04 2.191959e+01 1.451596e-03 8.920943e-02 1.880639e-04 7.657562e-02 2.931006e-04 6.638864e-03 6.720126e-01 7.669857e-04 1.526603e-01 5.484999e-05 1.485952e-04 
3.082323e-01 5.026425e-03 4.628128e+03 1.767962e-05 1.907544e+04 6.275146e+00 1.270381e-03 8.839468e-02 3.454645e-04 7.428337e-02 2.299281e-04 7.410596e-03 6.724447e-01 5.456753e-04 1.549259e-01 5.633646e-05 9.297684e-05 
3.114091e-01 5.027345e-03 4.531992e+03 1.767564e-05 1.908162e+04 1.604818e+01 1.564343e-03 8.550198e-02 7.889773e-05 7.501787e-02 4.030787e-04 6.771900e-03 6.802084e-01 8.697121e-04 1.493712e-01 4.578155e-05 1.668742e-04 
3.145859e-01 5.029093e-03 4.544457e+03 1.768429e-05 1.906658e+04 7.815637e+00 1.056280e-03 8.696883e-02 1.443266e-04 7.514105e-02 7.814067e-05 7.101711e-03 6.762577e-01 7.290866e-04 1.524181e-01 8.407392e-05 2.065357e-05 
3.177626e-01 5.030686e-03 4.515322e+03 1.763681e-05 1.908366e+04 4.869414e+00 1.372954e-03 8.603307e-02 1.581229e-04 7.431700e-02 2.220117e-04 7.286303e-03 6.744309e-01 7.300845e-04 1.551868e-01 8.751414e-05 1.752227e-04 
3.209394e-01 5.032866e-03 4.505771e+03 1.751665e-05 1.908512e+04 1.089749e+01 1.037329e-03 8.446624e-02 2.423685e-04 7.581481e-02 1.056436e-04 7.802576e-03 6.775235e-01 5.715333e-04 1.523182e-01 1.081059e-04 9.677050e-06 
3.241162e-01 5.034820e-03 4.494138e+03 1.758801e-05 1.908728e+04 1.389717e+01 1.094547e-03 8.634575e-02 1.108112e-04 7.457403e-02 1.774598e-04 6.649835e-03 6.757345e-01 6.982150e-04 1.545068e-01 8.297657e-05 2.508557e-05 
3.272929e-01 5.037064e-03 4.483377e+03 1.762125e-05 1.910422e+04 1.870216e+00 1.098951e-03 8.628714e-02 1.176581e-04 7.149075e-02 2.557178e-04 7.545206e-03 6.796812e-01 5.102044e-04 1.527978e-01 4.803032e-05 1.673380e-04 
3.304697e-01 5.039283e-03 4.457248e+03 1.760340e-05 1.909911e+04 2.335856e+01 1.186973e-03 8.738054e-02 2.215039e-04 7.378034e-02 1.679472e-04 5.945407e-03 6.805272e-01 6.419590e-04 1.499926e-01 6.905101e-05 8.651088e-05 
3.336465e-01 5.042034e-03 4.451088e+03 1.766527e-05 1.911171e+04 5.330831e+00 1.174659e-03 8.405102e-02 1.462147e-04 7.236531e-02 2.193724e-04 6.867194e-03 6.787824e-01 6.425262e-04 1.555848e-01 2.671082e-05 1.398345e-04 
3.368232e-01 5.044521e-03 4.357540e+03 1.748318e-05 1.910785e+04 2.670962e+01 1.430123e-03 8.586695e-02 2.054504e-04 7.447429e-02 2.443977e-04 7.303350e-03 6.733372e-01 7.755596e-04 1.561579e-01 1.419313e-04 6.278359e-05 
3.400000e-01 5.047351e-03 4.392953e+03 1.750878e-05 1.911790e+04 1.094336e+01 1.046644e-03 8.254537e-02 1.232600e-04 7.332732e-02 6.778592e-05 6.656154e-03 6.802459e-01 7.172451e-04 1.551320e-01 2.133057e-05 1.170229e-04 
