2.550000e-02 1.093278e-02 1.313324e+04 5.671114e-05 1.853511e+04 7.789201e+02 1.597092e-03 1.230706e-01 2.136598e-04 7.814979e-02 2.441495e-04 1.665556e-03 6.449843e-01 9.340165e-04 1.489356e-01 8.345385e-05 1.218146e-04 
2.867677e-02 1.105951e-02 1.236613e+04 5.484442e-05 1.857451e+04 7.127180e+02 1.661027e-03 1.188160e-01 1.852480e-04 7.849656e-02 2.571479e-04 1.794692e-03 6.471524e-01 9.911610e-04 1.504183e-01 1.441079e-04 8.336154e-05 
3.185354e-02 1.117690e-02 1.159157e+04 5.283753e-05 1.863822e+04 6.666590e+02 1.556772e-03 1.157439e-01 1.504513e-04 7.702679e-02 2.381820e-04 1.880646e-03 6.511876e-01 9.164837e-04 1.510475e-01 1.314583e-04 1.201955e-04 
3.503030e-02 1.128633e-02 1.102495e+04 5.171303e-05 1.868749e+04 6.166082e+02 1.385523e-03 1.138708e-01 1.426111e-04 7.600023e-02 2.209805e-04 1.598355e-03 6.530703e-01 7.985360e-04 1.526893e-01 1.146085e-04 1.087892e-04 
3.820707e-02 1.138958e-02 1.056482e+04 4.976036e-05 1.870963e+04 5.877463e+02 1.550168e-03 1.117520e-01 2.227722e-04 7.555572e-02 3.008550e-04 1.964566e-03 6.569253e-01 8.475522e-04 1.507020e-01 1.071502e-04 7.184175e-05 
4.138384e-02 1.148702e-02 1.016192e+04 4.878550e-05 1.873913e+04 5.574550e+02 1.453958e-03 1.087283e-01 1.674870e-04 7.568532e-02 2.453550e-04 2.016568e-03 6.580139e-01 8.821831e-04 1.526479e-01 1.024572e-04 5.647196e-05 
4.456061e-02 1.157936e-02 9.877812e+03 4.715704e-05 1.875363e+04 5.372376e+02 1.481800e-03 1.078476e-01 2.454344e-04 7.616290e-02 1.918700e-04 2.032619e-03 6.567279e-01 8.338238e-04 1.542653e-01 1.094190e-04 1.012523e-04 
4.773737e-02 1.166773e-02 9.488864e+03 4.622711e-05 1.879122e+04 5.047924e+02 1.518896e-03 1.074121e-01 1.862289e-04 7.417065e-02 2.533577e-04 2.277672e-03 6.594981e-01 8.951026e-04 1.536037e-01 5.377348e-05 1.304343e-04 
5.091414e-02 1.175126e-02 9.148170e+03 4.520156e-05 1.880972e+04 4.818304e+02 1.371967e-03 1.050648e-01 1.741538e-04 7.485942e-02 2.213770e-04 2.243924e-03 6.606159e-01 8.170717e-04 1.544720e-01 8.620141e-05 7.316024e-05 
5.409091e-02 1.183113e-02 8.905133e+03 4.407350e-05 1.881444e+04 4.669594e+02 1.395257e-03 1.036095e-01 1.491189e-04 7.432318e-02 2.252024e-04 2.153468e-03 6.620418e-01 8.599377e-04 1.550815e-01 7.616392e-05 8.483244e-05 
5.726768e-02 1.190717e-02 8.616794e+03 4.323281e-05 1.884015e+04 4.391817e+02 1.326432e-03 1.023996e-01 1.398612e-04 7.393073e-02 2.103528e-04 2.560245e-03 6.640758e-01 7.963287e-04 1.543809e-01 1.082313e-04 7.165246e-05 
6.044444e-02 1.197993e-02 8.357786e+03 4.233061e-05 1.886025e+04 4.194393e+02 1.366492e-03 1.022992e-01 1.037425e-04 7.443924e-02 2.736598e-04 2.436930e-03 6.628293e-01 8.235600e-04 1.552624e-01 1.120525e-04 5.347389e-05 
6.362121e-02 1.205039e-02 8.169120e+03 4.149283e-05 1.887243e+04 4.178603e+02 1.382585e-03 1.013502e-01 1.774320e-04 7.305940e-02 2.497347e-04 2.464878e-03 6.643347e-01 7.652504e-04 1.560257e-01 9.256743e-05 9.760133e-05 
6.679798e-02 1.211804e-02 7.948175e+03 4.063170e-05 1.889428e+04 3.948618e+02 1.427123e-03 1.008445e-01 9.331207e-05 7.293480e-02 1.856028e-04 2.743300e-03 6.632339e-01 9.423310e-04 1.573893e-01 9.767877e-05 1.081959e-04 
6.997475e-02 1.218269e-02 7.778555e+03 3.995766e-05 1.889698e+04 3.764982e+02 1.328609e-03 9.911781e-02 1.722318e-04 7.183791e-02 2.555813e-04 2.775113e-03 6.687881e-01 7.643805e-04 1.548239e-01 8.959226e-05 4.681876e-05 
7.315152e-02 1.224452e-02 7.600630e+03 3.925044e-05 1.891825e+04 3.580112e+02 1.461112e-03 9.856864e-02 1.684696e-04 7.134266e-02 1.734729e-04 3.033317e-03 6.676866e-01 9.201584e-04 1.564465e-01 1.272216e-04 7.178817e-05 
7.632828e-02 1.230406e-02 7.397978e+03 3.860037e-05 1.893172e+04 3.478316e+02 1.256099e-03 9.858909e-02 1.046974e-04 7.290150e-02 2.246509e-04 2.859809e-03 6.643154e-01 7.658661e-04 1.588220e-01 9.264892e-05 6.823936e-05 
7.950505e-02 1.236193e-02 7.256176e+03 3.787225e-05 1.893594e+04 3.397959e+02 1.283002e-03 9.536563e-02 1.297878e-04 7.160898e-02 1.812752e-04 3.070068e-03 6.711549e-01 8.038495e-04 1.562344e-01 7.492284e-05 9.316754e-05 
8.268182e-02 1.241786e-02 7.141551e+03 3.747109e-05 1.895156e+04 3.248100e+02 1.358957e-03 9.691281e-02 1.407365e-04 7.094402e-02 1.985249e-04 3.037163e-03 6.700821e-01 8.607718e-04 1.563060e-01 8.784445e-05 7.107676e-05 
8.585859e-02 1.247186e-02 7.019207e+03 3.652418e-05 1.895893e+04 3.163481e+02 1.212429e-03 9.549194e-02 1.498113e-04 7.154094e-02 1.824518e-04 3.224750e-03 6.689875e-01 7.028291e-04 1.583300e-01 1.085741e-04 6.876640e-05 
8.903535e-02 1.252401e-02 6.886681e+03 3.611079e-05 1.897382e+04 3.031379e+02 1.339066e-03 9.474985e-02 1.204751e-04 7.170051e-02 1.920176e-04 3.314649e-03 6.703887e-01 8.696649e-04 1.571682e-01 1.222007e-04 3.470265e-05 
9.221212e-02 1.257488e-02 6.816531e+03 3.566470e-05 1.898086e+04 3.027700e+02 1.426193e-03 9.580098e-02 1.412953e-04 7.175695e-02 1.833324e-04 3.013025e-03 6.671666e-01 8.622161e-04 1.594101e-01 1.685578e-04 7.078730e-05 
9.538889e-02 1.262403e-02 6.708699e+03 3.506219e-05 1.898510e+04 2.868325e+02 1.201859e-03 9.510977e-02 8.165426e-05 7.062466e-02 1.856618e-04 3.339793e-03 6.707450e-01 7.579752e-04 1.577770e-01 9.296381e-05 8.360287e-05 
9.856566e-02 1.267165e-02 6.565682e+03 3.479357e-05 1.899456e+04 2.758297e+02 1.305969e-03 9.243327e-02 9.210320e-05 7.107405e-02 3.430915e-04 3.283257e-03 6.711629e-01 6.678827e-04 1.594346e-01 1.167306e-04 8.616055e-05 
1.017424e-01 1.271773e-02 6.493626e+03 3.414376e-05 1.899644e+04 2.704973e+02 1.350719e-03 9.344834e-02 1.096010e-04 7.074861e-02 2.347841e-04 3.525592e-03 6.709246e-01 8.603374e-04 1.586514e-01 4.903680e-05 9.695945e-05 
1.049192e-01 1.276197e-02 6.379961e+03 3.365579e-05 1.900765e+04 2.600114e+02 1.209549e-03 9.204838e-02 1.357587e-04 7.085694e-02 2.079324e-04 3.313745e-03 6.717927e-01 6.855139e-04 1.595692e-01 8.605601e-05 9.428839e-05 
1.080960e-01 1.280509e-02 6.306716e+03 3.326321e-05 1.901072e+04 2.552056e+02 1.238615e-03 9.170927e-02 1.223456e-04 6.944855e-02 1.919622e-04 3.622253e-03 6.721957e-01 7.550002e-04 1.605470e-01 1.109299e-04 5.837659e-05 
1.112727e-01 1.284721e-02 6.191858e+03 3.299765e-05 1.903014e+04 2.435415e+02 1.189750e-03 9.102691e-02 9.343635e-05 7.005193e-02 2.050393e-04 3.541743e-03 6.757296e-01 7.697092e-04 1.572703e-01 7.553879e-05 4.602607e-05 
1.144495e-01 1.288784e-02 6.142819e+03 3.246172e-05 1.903528e+04 2.439970e+02 1.171290e-03 9.161665e-02 1.021441e-04 6.991680e-02 2.295796e-04 3.834287e-03 6.722574e-01 6.791939e-04 1.600322e-01 1.006472e-04 5.972531e-05 
1.176263e-01 1.292766e-02 6.042844e+03 3.213998e-05 1.902995e+04 2.391994e+02 1.143727e-03 9.073272e-02 1.157366e-04 6.952832e-02 1.895223e-04 3.852896e-03 6.727923e-01 6.669133e-04 1.608063e-01 6.265356e-05 1.089009e-04 
1.208030e-01 1.296587e-02 5.984203e+03 3.169238e-05 1.904412e+04 2.193532e+02 1.144964e-03 8.992691e-02 1.164187e-04 6.952903e-02 2.042992e-04 3.723281e-03 6.745534e-01 6.520226e-04 1.599775e-01 1.028623e-04 6.936135e-05 
1.239798e-01 1.300273e-02 5.862017e+03 3.149639e-05 1.906208e+04 2.161561e+02 1.283792e-03 8.967604e-02 1.220063e-04 6.996875e-02 1.995212e-04 3.773832e-03 6.738822e-01 7.753402e-04 1.601316e-01 9.169047e-05 9.523491e-05 
1.271566e-01 1.303876e-02 5.807723e+03 3.102202e-05 1.906208e+04 2.120722e+02 1.127559e-03 9.003695e-02 1.215316e-04 6.896096e-02 2.126845e-04 3.629007e-03 6.750518e-01 6.927384e-04 1.600662e-01 5.207550e-05 4.852787e-05 
1.303333e-01 1.307412e-02 5.789160e+03 3.066007e-05 1.907137e+04 2.095532e+02 1.367268e-03 8.874266e-02 1.887935e-04 6.867180e-02 1.803004e-04 3.928153e-03 6.761209e-01 7.979839e-04 1.598020e-01 1.206488e-04 7.954230e-05 
1.335101e-01 1.310877e-02 5.706995e+03 3.050793e-05 1.907179e+04 2.017744e+02 1.097287e-03 8.698194e-02 1.404781e-04 6.862016e-02 2.023445e-04 3.852926e-03 6.777632e-01 6.416383e-04 1.605872e-01 8.412832e-05 2.869768e-05 
1.366869e-01 1.314252e-02 5.637339e+03 3.002549e-05 1.907923e+04 1.987576e+02 1.246167e-03 8.722196e-02 1.400272e-04 6.891012e-02 2.278803e-04 4.214370e-03 6.756931e-01 6.797846e-04 1.614681e-01 7.921690e-05 1.192583e-04 
1.398636e-01 1.317598e-02 5.625712e+03 2.990449e-05 1.907870e+04 2.002280e+02 1.042744e-03 8.682633e-02 1.561666e-04 6.953886e-02 1.781058e-04 4.193883e-03 6.770042e-01 5.778361e-04 1.603512e-01 9.074376e-05 3.989265e-05 
1.430404e-01 1.320870e-02 5.540799e+03 2.946242e-05 1.908957e+04 1.941044e+02 1.051667e-03 8.750245e-02 9.385049e-05 6.762004e-02 1.141990e-04 3.924181e-03 6.786063e-01 6.943201e-04 1.602437e-01 7.623216e-05 7.306542e-05 
1.462172e-01 1.324058e-02 5.491379e+03 2.920705e-05 1.909526e+04 1.901904e+02 1.038287e-03 8.800298e-02 9.648424e-05 6.804165e-02 1.210316e-04 4.127934e-03 6.768369e-01 6.989844e-04 1.609140e-01 7.743417e-05 4.435394e-05 
1.493939e-01 1.327167e-02 5.429766e+03 2.895641e-05 1.909513e+04 1.915023e+02 1.094714e-03 8.606742e-02 1.691354e-04 6.857993e-02 1.739628e-04 4.322583e-03 6.798467e-01 6.084266e-04 1.589939e-01 5.870140e-05 8.448816e-05 
1.525707e-01 1.330212e-02 5.418091e+03 2.871929e-05 1.909991e+04 1.799333e+02 1.167777e-03 8.536203e-02 1.329701e-04 6.702468e-02 1.165449e-04 4.299868e-03 6.828305e-01 7.591607e-04 1.581473e-01 7.037237e-05 8.872870e-05 
1.557475e-01 1.333133e-02 5.324643e+03 2.835897e-05 1.910583e+04 1.718625e+02 1.046693e-03 8.703274e-02 1.139412e-04 6.831776e-02 1.850095e-04 4.501607e-03 6.789732e-01 6.277957e-04 1.590813e-01 5.172508e-05 6.822104e-05 
1.589242e-01 1.335998e-02 5.310704e+03 2.808992e-05 1.909823e+04 1.722302e+02 1.086259e-03 8.450850e-02 1.143820e-04 6.811977e-02 1.755656e-04 4.358451e-03 6.815666e-01 6.430903e-04 1.592741e-01 8.298629e-05 7.023469e-05 
1.621010e-01 1.338873e-02 5.269906e+03 2.789038e-05 1.911879e+04 1.729810e+02 9.889188e-04 8.618977e-02 1.006173e-04 6.847742e-02 1.740650e-04 4.294429e-03 6.788563e-01 6.159452e-04 1.602043e-01 5.898631e-05 3.930406e-05 
1.652778e-01 1.341708e-02 5.201028e+03 2.748733e-05 1.912115e+04 1.711179e+02 1.198048e-03 8.345790e-02 1.283061e-04 6.712929e-02 1.748693e-04 4.446301e-03 6.821447e-01 6.908655e-04 1.604257e-01 1.028497e-04 1.011586e-04 
1.684545e-01 1.344486e-02 5.149107e+03 2.745501e-05 1.912368e+04 1.613204e+02 1.297259e-03 8.405235e-02 1.442099e-04 6.763249e-02 1.708593e-04 4.355664e-03 6.804203e-01 7.416167e-04 1.609447e-01 1.615194e-04 7.905497e-05 
1.716313e-01 1.347188e-02 5.109544e+03 2.723673e-05 1.913746e+04 1.576810e+02 1.066023e-03 8.343106e-02 1.681707e-04 6.693302e-02 1.840917e-04 4.747391e-03 6.828567e-01 5.058581e-04 1.598997e-01 1.149305e-04 9.297050e-05 
1.748081e-01 1.349802e-02 5.041917e+03 2.720497e-05 1.913358e+04 1.541145e+02 1.041186e-03 8.350022e-02 1.280336e-04 6.868923e-02 7.283115e-05 4.714747e-03 6.820198e-01 6.828623e-04 1.589936e-01 8.625873e-05 7.119951e-05 
1.779848e-01 1.352400e-02 5.058956e+03 2.687937e-05 1.913042e+04 1.576338e+02 1.051952e-03 8.198128e-02 1.156464e-04 6.645499e-02 1.256064e-04 5.017980e-03 6.848674e-01 6.614230e-04 1.595744e-01 1.212214e-04 2.805501e-05 
1.811616e-01 1.354998e-02 4.997233e+03 2.663151e-05 1.914071e+04 1.524979e+02 1.132136e-03 8.315410e-02 1.574485e-04 6.629779e-02 1.474287e-04 4.191832e-03 6.839777e-01 6.777383e-04 1.601143e-01 8.738878e-05 6.213109e-05 
1.843384e-01 1.357556e-02 4.974143e+03 2.643514e-05 1.914512e+04 1.507870e+02 1.126438e-03 8.168756e-02 1.998192e-04 6.652188e-02 1.659477e-04 5.051119e-03 6.842119e-01 6.508310e-04 1.602747e-01 6.958932e-05 4.025018e-05 
1.875152e-01 1.360074e-02 4.943110e+03 2.634290e-05 1.914504e+04 1.607841e+02 1.101564e-03 8.229271e-02 1.725076e-04 6.784434e-02 1.250108e-04 4.937659e-03 6.840894e-01 6.582453e-04 1.586327e-01 7.645771e-05 6.934380e-05 
1.906919e-01 1.362548e-02 4.879915e+03 2.602600e-05 1.915309e+04 1.479620e+02 1.115504e-03 8.166092e-02 8.769895e-05 6.715258e-02 1.423420e-04 5.029316e-03 6.836835e-01 7.089653e-04 1.602427e-01 7.037551e-05 1.061228e-04 
1.938687e-01 1.365009e-02 4.877811e+03 2.588408e-05 1.915685e+04 1.442350e+02 9.555083e-04 7.981083e-02 1.006724e-04 6.571061e-02 1.574631e-04 4.688406e-03 6.878209e-01 5.350255e-04 1.600583e-01 1.098972e-04 5.244955e-05 
1.970455e-01 1.367380e-02 4.802936e+03 2.564642e-05 1.916189e+04 1.387397e+02 1.089451e-03 8.111680e-02 1.775648e-04 6.600638e-02 2.432225e-04 5.303050e-03 6.832594e-01 5.349239e-04 1.621355e-01 3.701268e-05 9.672650e-05 
2.002222e-01 1.369722e-02 4.778147e+03 2.549379e-05 1.915624e+04 1.379516e+02 1.054754e-03 7.995622e-02 1.887541e-04 6.601227e-02 1.178653e-04 4.986028e-03 6.874548e-01 5.915852e-04 1.594812e-01 7.036101e-05 8.618933e-05 
2.033990e-01 1.372001e-02 4.762221e+03 2.545453e-05 1.915798e+04 1.318618e+02 1.076144e-03 8.078617e-02 9.877031e-05 6.627963e-02 1.218993e-04 5.144686e-03 6.858962e-01 6.359574e-04 1.597410e-01 1.218709e-04 9.764605e-05 
2.065758e-01 1.374274e-02 4.746990e+03 2.522074e-05 1.916168e+04 1.409366e+02 1.078646e-03 8.007262e-02 1.017825e-04 6.646389e-02 1.109255e-04 4.949645e-03 6.843662e-01 7.053845e-04 1.619903e-01 3.633875e-05 1.242140e-04 
2.097525e-01 1.376506e-02 4.696452e+03 2.524351e-05 1.917286e+04 1.390169e+02 7.535449e-04 7.951633e-02 6.952577e-05 6.716718e-02 1.035713e-04 5.322537e-03 6.849183e-01 4.701520e-04 1.615685e-01 8.292818e-05 2.736763e-05 
2.129293e-01 1.378685e-02 4.673899e+03 2.498701e-05 1.917708e+04 1.277867e+02 1.176053e-03 7.992281e-02 1.640845e-04 6.689080e-02 1.920503e-04 5.360817e-03 6.867403e-01 6.780197e-04 1.587332e-01 6.552992e-05 7.637020e-05 
2.161061e-01 1.380820e-02 4.652728e+03 2.486445e-05 1.917802e+04 1.225591e+02 1.238321e-03 7.864433e-02 1.816228e-04 6.578788e-02 2.907064e-04 5.294001e-03 6.856271e-01 6.576323e-04 1.621701e-01 6.320611e-05 4.515326e-05 
2.192828e-01 1.382934e-02 4.604263e+03 2.450806e-05 1.918541e+04 1.296210e+02 9.342366e-04 7.837986e-02 1.259061e-04 6.572582e-02 1.062284e-04 5.568225e-03 6.874120e-01 6.085616e-04 1.610456e-01 4.699622e-05 4.654393e-05 
2.224596e-01 1.385046e-02 4.544423e+03 2.434862e-05 1.918541e+04 1.213130e+02 1.143034e-03 7.773501e-02 1.068654e-04 6.630614e-02 1.723112e-04 5.607750e-03 6.877865e-01 7.265116e-04 1.602785e-01 8.024161e-05 5.710389e-05 
2.256364e-01 1.387123e-02 4.541475e+03 2.433377e-05 1.919728e+04 1.250951e+02 9.372808e-04 7.997943e-02 1.444463e-04 6.625453e-02 1.514233e-04 5.271214e-03 6.854484e-01 5.446954e-04 1.611719e-01 6.239110e-05 3.432496e-05 
2.288131e-01 1.389221e-02 4.535253e+03 2.405726e-05 1.919131e+04 1.255291e+02 1.070899e-03 7.660100e-02 1.075336e-04 6.665096e-02 1.970977e-04 5.731397e-03 6.879339e-01 5.976183e-04 1.609410e-01 5.863308e-05 1.100151e-04 
2.319899e-01 1.391279e-02 4.487341e+03 2.408948e-05 1.919467e+04 1.197389e+02 1.043873e-03 7.797044e-02 1.610320e-04 6.307203e-02 1.568666e-04 5.630077e-03 6.910862e-01 6.240082e-04 1.601535e-01 5.091453e-05 5.105077e-05 
2.351667e-01 1.393336e-02 4.464357e+03 2.388189e-05 1.920309e+04 1.296390e+02 8.456412e-04 7.565238e-02 1.272842e-04 6.557422e-02 1.391784e-04 5.590445e-03 6.901423e-01 4.501494e-04 1.613494e-01 7.173799e-05 5.729054e-05 
2.383434e-01 1.395411e-02 4.449104e+03 2.368090e-05 1.920274e+04 1.229554e+02 1.009633e-03 7.718648e-02 1.429305e-04 6.427391e-02 1.545035e-04 5.255978e-03 6.907916e-01 5.374013e-04 1.604728e-01 7.720601e-05 9.759148e-05 
2.415202e-01 1.397412e-02 4.432355e+03 2.362690e-05 1.919884e+04 1.170388e+02 1.067241e-03 7.752266e-02 1.364382e-04 6.369683e-02 1.144916e-04 5.539243e-03 6.900679e-01 6.190084e-04 1.610389e-01 4.547310e-05 1.518286e-04 
2.446970e-01 1.399350e-02 4.429280e+03 2.366110e-05 1.920670e+04 1.238851e+02 1.150250e-03 7.685274e-02 6.342574e-05 6.417959e-02 2.124721e-04 6.477901e-03 6.886717e-01 6.687267e-04 1.615176e-01 1.712792e-04 3.434720e-05 
2.478737e-01 1.401308e-02 4.352666e+03 2.346006e-05 1.920846e+04 1.201415e+02 1.126729e-03 7.753861e-02 1.540494e-04 6.426334e-02 2.081375e-04 5.698031e-03 6.891382e-01 6.183290e-04 1.611084e-01 2.735678e-05 1.188568e-04 
2.510505e-01 1.403262e-02 4.345585e+03 2.328733e-05 1.921631e+04 1.155911e+02 9.797759e-04 7.562053e-02 1.284783e-04 6.548283e-02 1.671842e-04 5.754352e-03 6.903052e-01 5.095225e-04 1.608775e-01 1.109457e-04 6.364412e-05 
2.542273e-01 1.405213e-02 4.326280e+03 2.335287e-05 1.921005e+04 1.148761e+02 1.196010e-03 7.633360e-02 1.474644e-04 6.483826e-02 2.865987e-04 5.983216e-03 6.893684e-01 6.206934e-04 1.610845e-01 3.418463e-05 1.070686e-04 
2.574040e-01 1.407151e-02 4.284723e+03 2.298381e-05 1.921799e+04 1.157133e+02 8.788329e-04 7.522363e-02 2.043704e-04 6.468446e-02 1.415451e-04 5.769618e-03 6.903934e-01 4.454773e-04 1.621712e-01 5.305954e-05 3.438111e-05 
2.605808e-01 1.409068e-02 4.274796e+03 2.292931e-05 1.921948e+04 1.167571e+02 1.086602e-03 7.475119e-02 2.016047e-04 6.515230e-02 1.567630e-04 6.045614e-03 6.912118e-01 5.455613e-04 1.606659e-01 6.229710e-05 1.203751e-04 
2.637576e-01 1.410956e-02 4.238528e+03 2.292094e-05 1.922109e+04 1.148682e+02 9.683227e-04 7.585422e-02 1.245655e-04 6.478824e-02 1.295158e-04 5.867804e-03 6.898733e-01 6.129584e-04 1.616798e-01 5.691859e-05 4.436398e-05 
2.669343e-01 1.412797e-02 4.227433e+03 2.280715e-05 1.922393e+04 1.126392e+02 1.149372e-03 7.285757e-02 2.268395e-04 6.296563e-02 1.537369e-04 6.390231e-03 6.943291e-01 6.088832e-04 1.611587e-01 4.913741e-05 1.107739e-04 
2.701111e-01 1.414638e-02 4.207687e+03 2.282049e-05 1.922912e+04 1.084148e+02 1.078432e-03 7.323813e-02 9.813018e-05 6.427684e-02 1.928854e-04 6.017656e-03 6.930181e-01 6.872491e-04 1.612924e-01 4.156156e-05 5.860641e-05 
2.732879e-01 1.416429e-02 4.193667e+03 2.258251e-05 1.922405e+04 1.102894e+02 8.930153e-04 7.206138e-02 1.722860e-04 6.329935e-02 8.237099e-05 5.342657e-03 6.960570e-01 5.455262e-04 1.614536e-01 5.386182e-05 3.897010e-05 
2.764646e-01 1.418207e-02 4.170599e+03 2.243426e-05 1.923739e+04 1.110678e+02 1.100231e-03 7.379453e-02 1.276027e-04 6.511808e-02 1.726092e-04 6.070956e-03 6.914088e-01 6.854274e-04 1.614072e-01 4.052213e-05 7.406835e-05 
2.796414e-01 1.419970e-02 4.147920e+03 2.238499e-05 1.923057e+04 1.022988e+02 1.069254e-03 7.431648e-02 9.372854e-05 6.364388e-02 1.652651e-04 6.543858e-03 6.916516e-01 7.535375e-04 1.617057e-01 2.506247e-05 3.166048e-05 
2.828182e-01 1.421760e-02 4.148506e+03 2.234608e-05 1.924080e+04 1.010162e+02 1.154593e-03 7.210046e-02 1.568492e-04 6.290172e-02 2.252704e-04 6.290072e-03 6.938459e-01 6.994226e-04 1.625526e-01 2.550768e-05 4.754389e-05 
2.859949e-01 1.423513e-02 4.123879e+03 2.205157e-05 1.924016e+04 1.087029e+02 1.010668e-03 7.219595e-02 6.441981e-05 6.489855e-02 1.158591e-04 6.599295e-03 6.926528e-01 6.631804e-04 1.616321e-01 5.811051e-05 1.090994e-04 
2.891717e-01 1.425263e-02 4.084789e+03 2.215992e-05 1.924301e+04 1.058686e+02 1.000757e-03 7.432546e-02 1.092266e-04 6.334431e-02 1.675099e-04 6.663764e-03 6.929005e-01 6.188259e-04 1.607644e-01 6.549611e-05 3.969781e-05 
2.923485e-01 1.427013e-02 4.060830e+03 2.194226e-05 1.925480e+04 9.520861e+01 1.189504e-03 7.182648e-02 1.111924e-04 6.264747e-02 2.497413e-04 6.332308e-03 6.943499e-01 6.518218e-04 1.624648e-01 7.070280e-05 1.060478e-04 
2.955253e-01 1.428725e-02 4.044577e+03 2.194176e-05 1.925103e+04 1.017951e+02 9.736962e-04 7.236697e-02 1.369240e-04 6.379859e-02 1.561429e-04 6.666565e-03 6.926064e-01 5.934385e-04 1.626141e-01 2.135409e-05 6.583611e-05 
2.987020e-01 1.430461e-02 4.013574e+03 2.181095e-05 1.924891e+04 1.029038e+02 9.937897e-04 7.090519e-02 1.445699e-04 6.357558e-02 1.765273e-04 6.004998e-03 6.961522e-01 5.662970e-04 1.613744e-01 8.714454e-05 1.925143e-05 
3.018788e-01 1.432157e-02 4.029476e+03 2.187660e-05 1.925375e+04 1.087704e+02 1.092919e-03 6.937045e-02 7.238835e-05 6.250668e-02 2.841003e-04 6.676607e-03 6.951082e-01 5.981293e-04 1.641522e-01 6.690406e-05 7.139724e-05 
3.050556e-01 1.433898e-02 4.002046e+03 2.166253e-05 1.925847e+04 1.025516e+02 1.145859e-03 6.975099e-02 1.298444e-04 6.503114e-02 2.437003e-04 6.541968e-03 6.951195e-01 6.629444e-04 1.612647e-01 4.480674e-05 6.456323e-05 
3.082323e-01 1.435609e-02 3.959810e+03 2.157813e-05 1.925961e+04 1.031182e+02 9.687829e-04 7.283379e-02 1.312214e-04 6.371950e-02 1.853304e-04 6.911518e-03 6.938704e-01 5.604846e-04 1.607273e-01 3.290070e-05 5.884571e-05 
3.114091e-01 1.437328e-02 3.936430e+03 2.146290e-05 1.926297e+04 9.927596e+01 1.052459e-03 7.198022e-02 1.545557e-04 6.090452e-02 1.647045e-04 6.403764e-03 6.980622e-01 6.496179e-04 1.605444e-01 4.429872e-05 3.928347e-05 
3.145859e-01 1.439012e-02 3.927387e+03 2.138598e-05 1.926649e+04 9.969332e+01 8.616973e-04 6.942305e-02 1.637993e-04 6.477776e-02 1.597411e-04 6.692799e-03 6.948836e-01 4.305985e-04 1.624994e-01 2.559483e-05 8.196352e-05 
3.177626e-01 1.440676e-02 3.926389e+03 2.132744e-05 1.926127e+04 9.739336e+01 9.135664e-04 6.914856e-02 8.663959e-05 6.184793e-02 1.910944e-04 6.689243e-03 6.995104e-01 5.165614e-04 1.609767e-01 8.432997e-05 3.494008e-05 
3.209394e-01 1.442308e-02 3.907260e+03 2.124576e-05 1.926494e+04 9.406466e+01 9.352591e-04 6.871315e-02 1.339721e-04 6.286036e-02 1.991234e-04 6.617773e-03 6.960466e-01 5.330864e-04 1.638916e-01 9.217564e-06 5.985948e-05 
3.241162e-01 1.443895e-02 3.886600e+03 2.116833e-05 1.927659e+04 9.785610e+01 1.035622e-03 6.918647e-02 2.168579e-04 6.179895e-02 2.343172e-04 6.588164e-03 6.980779e-01 4.937591e-04 1.622773e-01 1.884029e-05 7.184614e-05 
3.272929e-01 1.445495e-02 3.884292e+03 2.110690e-05 1.927046e+04 1.054275e+02 1.050343e-03 7.079760e-02 1.622815e-04 6.146027e-02 1.748473e-04 7.183953e-03 6.966896e-01 6.072057e-04 1.617679e-01 5.490449e-05 5.110399e-05 
3.304697e-01 1.447113e-02 3.862628e+03 2.112849e-05 1.928067e+04 9.743608e+01 8.308432e-04 7.014382e-02 1.159356e-04 6.278368e-02 1.467676e-04 7.005276e-03 6.968745e-01 4.826794e-04 1.615310e-01 7.352801e-05 1.193356e-05 
3.336465e-01 1.448777e-02 3.836591e+03 2.087333e-05 1.928210e+04 1.088551e+02 7.641297e-04 6.873812e-02 9.501947e-05 6.207187e-02 1.066899e-04 6.603010e-03 6.982224e-01 4.784071e-04 1.628364e-01 2.087106e-05 6.314331e-05 
3.368232e-01 1.450441e-02 3.825264e+03 2.097268e-05 1.927381e+04 1.048608e+02 9.100007e-04 6.811465e-02 7.980463e-05 6.249123e-02 1.328669e-04 6.987094e-03 6.983009e-01 5.766311e-04 1.622862e-01 8.698374e-05 3.371300e-05 
3.400000e-01 1.452086e-02 3.808911e+03 2.085554e-05 1.928233e+04 9.966404e+01 8.723397e-04 6.892480e-02 1.389744e-04 6.144933e-02 8.496432e-05 6.947657e-03 6.991945e-01 5.371364e-04 1.617390e-01 5.571631e-05 5.554920e-05 
