2.550000e-02 3.000351e-02 2.363509e+03 5.815292e-05 1.989851e+04 1.391039e+02 4.002938e-05 7.756679e-03 1.506172e-05 4.392696e-03 1.694686e-05 5.886139e-05 7.831597e-01 6.914608e-06 2.045520e-01 1.106198e-06 0.000000e+00 
2.867677e-02 3.002751e-02 2.502301e+03 5.797905e-05 1.989209e+04 1.638065e+02 5.966223e-05 8.571353e-03 1.571004e-05 5.229631e-03 2.670339e-05 6.927602e-05 7.815603e-01 1.724883e-05 2.044501e-01 0.000000e+00 0.000000e+00 
3.185354e-02 3.005458e-02 2.566561e+03 5.844929e-05 1.988664e+04 1.809972e+02 5.057303e-05 9.537891e-03 7.187707e-06 6.054829e-03 1.666391e-05 5.799387e-05 7.808593e-01 1.937445e-05 2.033888e-01 5.595856e-06 1.751043e-06 
3.503030e-02 3.008492e-02 2.641739e+03 5.875477e-05 1.988111e+04 1.976789e+02 5.660376e-05 1.029243e-02 6.120097e-06 6.957059e-03 2.195999e-05 8.132387e-05 7.804667e-01 1.179097e-05 2.020893e-01 1.673263e-05 0.000000e+00 
3.820707e-02 3.011846e-02 2.763197e+03 5.886118e-05 1.987344e+04 2.220269e+02 3.522090e-05 1.068585e-02 7.114109e-06 7.203060e-03 1.154823e-05 7.658659e-05 7.799906e-01 1.443195e-05 2.019734e-01 2.126706e-06 0.000000e+00 
4.138384e-02 3.015503e-02 2.806723e+03 5.942631e-05 1.987041e+04 2.381985e+02 8.249812e-05 1.107959e-02 9.142445e-06 8.406885e-03 4.711703e-05 1.142869e-04 7.801032e-01 2.275014e-05 2.001311e-01 3.488786e-06 0.000000e+00 
4.456061e-02 3.019446e-02 2.902261e+03 5.956137e-05 1.986372e+04 2.636994e+02 8.149552e-05 1.125862e-02 1.350638e-06 8.961167e-03 5.009958e-05 2.215731e-04 7.778264e-01 2.671901e-05 2.015692e-01 2.805948e-06 5.206726e-07 
4.773737e-02 3.023696e-02 2.869678e+03 5.969779e-05 1.986045e+04 2.735842e+02 6.025755e-05 1.188514e-02 7.089222e-06 9.679266e-03 6.465960e-06 1.653059e-04 7.772306e-01 4.659296e-05 2.009192e-01 1.094404e-07 0.000000e+00 
5.091414e-02 3.028216e-02 2.930124e+03 6.014143e-05 1.986108e+04 2.903721e+02 5.348517e-05 1.207018e-02 5.832592e-06 1.015718e-02 1.442923e-05 2.119213e-04 7.767359e-01 3.172569e-05 2.007179e-01 1.497809e-06 0.000000e+00 
5.409091e-02 3.033041e-02 2.954140e+03 6.055612e-05 1.985400e+04 3.111357e+02 8.870974e-05 1.237409e-02 1.640278e-06 1.042662e-02 3.765616e-05 2.697195e-04 7.772455e-01 4.941346e-05 1.995067e-01 0.000000e+00 0.000000e+00 
5.726768e-02 3.038128e-02 2.965179e+03 6.070493e-05 1.984968e+04 3.236867e+02 7.117946e-05 1.269544e-02 4.183255e-06 1.086274e-02 3.507222e-05 2.070458e-04 7.775356e-01 1.749952e-05 1.985568e-01 1.059799e-05 3.826519e-06 
6.044444e-02 3.043447e-02 2.969811e+03 6.110446e-05 1.984568e+04 3.408999e+02 7.292706e-05 1.261126e-02 9.280514e-06 1.103876e-02 1.815632e-05 3.015091e-04 7.757970e-01 3.963668e-05 2.001056e-01 5.853505e-06 0.000000e+00 
6.362121e-02 3.049020e-02 2.963636e+03 6.151187e-05 1.984676e+04 3.516989e+02 8.575721e-05 1.295929e-02 8.544410e-06 1.157941e-02 3.773125e-05 3.024371e-04 7.756715e-01 3.285865e-05 1.993158e-01 0.000000e+00 6.623096e-06 
6.679798e-02 3.054797e-02 3.001580e+03 6.187895e-05 1.984441e+04 3.683104e+02 7.881042e-05 1.294773e-02 1.837289e-05 1.166917e-02 1.395823e-05 3.414070e-04 7.756201e-01 3.950037e-05 1.992640e-01 0.000000e+00 6.979137e-06 
6.997475e-02 3.060813e-02 3.008662e+03 6.209833e-05 1.984026e+04 3.859077e+02 7.703622e-05 1.351769e-02 6.002483e-06 1.227509e-02 1.664843e-05 3.656070e-04 7.764221e-01 5.008841e-05 1.972655e-01 0.000000e+00 4.297294e-06 
7.315152e-02 3.067051e-02 3.006419e+03 6.258554e-05 1.983777e+04 3.984122e+02 9.565482e-05 1.334491e-02 2.522648e-05 1.240446e-02 1.549331e-05 4.321694e-04 7.757683e-01 3.742986e-05 1.978589e-01 7.350930e-06 1.015427e-05 
7.632828e-02 3.073518e-02 2.980129e+03 6.262321e-05 1.983817e+04 4.092674e+02 7.370403e-05 1.332188e-02 5.836155e-06 1.214908e-02 1.858879e-05 4.674474e-04 7.754517e-01 4.234529e-05 1.984625e-01 6.931637e-06 2.063303e-09 
7.950505e-02 3.080190e-02 2.970375e+03 6.298011e-05 1.983894e+04 4.201694e+02 1.068599e-04 1.312887e-02 1.963034e-06 1.236836e-02 2.933952e-05 5.017908e-04 7.755816e-01 5.454486e-05 1.982057e-01 1.947085e-05 1.541942e-06 
8.268182e-02 3.087065e-02 2.968540e+03 6.345434e-05 1.983490e+04 4.328915e+02 1.016384e-04 1.348959e-02 8.228135e-06 1.261109e-02 4.775741e-05 4.574210e-04 7.746888e-01 3.243026e-05 1.985498e-01 4.160783e-06 9.061629e-06 
8.585859e-02 3.094164e-02 2.979622e+03 6.377715e-05 1.983160e+04 4.560177e+02 6.563563e-05 1.365993e-02 7.579907e-06 1.251543e-02 2.119015e-05 4.953264e-04 7.776952e-01 2.481394e-05 1.955028e-01 1.048293e-05 1.568761e-06 
8.903535e-02 3.101426e-02 2.936524e+03 6.407808e-05 1.983025e+04 4.573448e+02 8.854341e-05 1.394949e-02 9.524086e-06 1.292707e-02 2.083610e-05 5.248956e-04 7.746738e-01 5.668685e-05 1.977477e-01 1.496514e-06 0.000000e+00 
9.221212e-02 3.108873e-02 2.945300e+03 6.458760e-05 1.983184e+04 4.718756e+02 1.067365e-04 1.419641e-02 9.701932e-06 1.301340e-02 2.486242e-05 5.563422e-04 7.748920e-01 5.588439e-05 1.971284e-01 5.851055e-06 1.043688e-05 
9.538889e-02 3.116483e-02 2.929858e+03 6.485414e-05 1.982943e+04 4.829409e+02 1.139331e-04 1.407541e-02 1.250132e-05 1.316335e-02 4.118892e-05 5.678802e-04 7.752330e-01 4.758877e-05 1.967325e-01 1.066144e-05 1.992996e-06 
9.856566e-02 3.124267e-02 2.940117e+03 6.497580e-05 1.982593e+04 4.918548e+02 9.215330e-05 1.338192e-02 7.650285e-06 1.365820e-02 1.279649e-05 6.325322e-04 7.752310e-01 5.121649e-05 1.969120e-01 1.283983e-05 7.650285e-06 
1.017424e-01 3.132204e-02 2.898265e+03 6.534793e-05 1.982254e+04 5.014386e+02 9.766121e-05 1.364441e-02 1.019734e-05 1.332044e-02 2.016632e-05 6.115644e-04 7.750661e-01 4.773506e-05 1.971622e-01 8.770999e-06 1.079172e-05 
1.049192e-01 3.140284e-02 2.882987e+03 6.549788e-05 1.982319e+04 5.087538e+02 1.352349e-04 1.392232e-02 1.043181e-05 1.364802e-02 4.553024e-05 7.830111e-04 7.725570e-01 6.645114e-05 1.988192e-01 7.957141e-06 4.864819e-06 
1.080960e-01 3.148492e-02 2.873592e+03 6.603731e-05 1.982409e+04 5.153300e+02 1.294685e-04 1.428825e-02 2.004078e-05 1.334590e-02 2.204531e-05 7.407598e-04 7.744203e-01 7.274451e-05 1.969459e-01 6.983926e-06 7.654147e-06 
1.112727e-01 3.156875e-02 2.870269e+03 6.610599e-05 1.982431e+04 5.316624e+02 1.094296e-04 1.434918e-02 1.374952e-05 1.343642e-02 1.913517e-05 8.222558e-04 7.739053e-01 6.678872e-05 1.972680e-01 0.000000e+00 9.755809e-06 
1.144495e-01 3.165398e-02 2.855143e+03 6.638563e-05 1.982157e+04 5.351838e+02 9.940658e-05 1.388072e-02 1.276770e-05 1.319331e-02 4.218370e-05 8.426490e-04 7.757515e-01 3.709261e-05 1.961330e-01 2.284227e-07 7.134433e-06 
1.176263e-01 3.174062e-02 2.830138e+03 6.657218e-05 1.981938e+04 5.434015e+02 9.572676e-05 1.430517e-02 1.214396e-05 1.387349e-02 2.137908e-05 1.016132e-03 7.740062e-01 5.490768e-05 1.966076e-01 3.323805e-06 3.972060e-06 
1.208030e-01 3.182848e-02 2.829556e+03 6.686333e-05 1.981671e+04 5.545722e+02 1.032993e-04 1.423603e-02 1.627747e-05 1.408618e-02 1.894664e-05 8.187200e-04 7.734629e-01 5.715047e-05 1.971896e-01 6.017686e-06 4.907236e-06 
1.239798e-01 3.191719e-02 2.792950e+03 6.718428e-05 1.982002e+04 5.564278e+02 1.109922e-04 1.420916e-02 9.699863e-06 1.397868e-02 3.621415e-05 9.253743e-04 7.740688e-01 5.337163e-05 1.965960e-01 7.535947e-06 4.170665e-06 
1.271566e-01 3.200693e-02 2.782206e+03 6.753889e-05 1.981788e+04 5.620085e+02 1.409203e-04 1.440415e-02 1.276832e-05 1.335690e-02 3.173268e-05 9.587400e-04 7.755564e-01 8.816788e-05 1.954420e-01 3.215384e-06 5.036607e-06 
1.303333e-01 3.209774e-02 2.764913e+03 6.787617e-05 1.981656e+04 5.677767e+02 8.854722e-05 1.474027e-02 5.981867e-06 1.405939e-02 3.364608e-05 9.565383e-04 7.740018e-01 3.228611e-05 1.960649e-01 1.622361e-05 4.096753e-07 
1.335101e-01 3.218966e-02 2.751259e+03 6.813264e-05 1.981789e+04 5.774196e+02 1.291133e-04 1.431511e-02 9.011617e-06 1.394904e-02 3.444155e-05 1.044178e-03 7.727927e-01 6.155539e-05 1.976408e-01 1.244316e-05 1.166176e-05 
1.366869e-01 3.228259e-02 2.740433e+03 6.812467e-05 1.981696e+04 5.829729e+02 1.201714e-04 1.463853e-02 1.798187e-05 1.416388e-02 2.745423e-05 1.135814e-03 7.727420e-01 6.135635e-05 1.970794e-01 6.153202e-06 7.225832e-06 
1.398636e-01 3.237657e-02 2.722873e+03 6.827356e-05 1.981312e+04 5.891869e+02 1.040785e-04 1.435577e-02 1.174506e-05 1.432259e-02 2.891043e-05 1.078473e-03 7.732894e-01 5.060633e-05 1.967456e-01 5.575262e-06 7.241225e-06 
1.430404e-01 3.247126e-02 2.708199e+03 6.840535e-05 1.981720e+04 5.918305e+02 1.579053e-04 1.485247e-02 2.657265e-05 1.457256e-02 2.632735e-05 1.126319e-03 7.735289e-01 8.765165e-05 1.956039e-01 7.982788e-06 9.370632e-06 
1.462172e-01 3.256667e-02 2.690732e+03 6.876162e-05 1.981649e+04 5.976058e+02 1.358018e-04 1.445613e-02 1.654417e-05 1.439360e-02 6.025137e-05 1.043590e-03 7.740605e-01 5.269316e-05 1.957746e-01 2.277195e-06 4.035949e-06 
1.493939e-01 3.266292e-02 2.681125e+03 6.868492e-05 1.981558e+04 6.041995e+02 1.177836e-04 1.472804e-02 1.114786e-05 1.456578e-02 1.703915e-05 1.263106e-03 7.720792e-01 6.932475e-05 1.971283e-01 5.677601e-06 1.459477e-05 
1.525707e-01 3.275992e-02 2.661916e+03 6.892010e-05 1.981266e+04 6.083325e+02 1.385665e-04 1.452102e-02 1.354401e-05 1.492071e-02 4.896555e-05 1.267587e-03 7.716783e-01 5.595823e-05 1.973352e-01 1.265656e-05 7.442326e-06 
1.557475e-01 3.285755e-02 2.641898e+03 6.879945e-05 1.981391e+04 6.102251e+02 1.096646e-04 1.498952e-02 4.448406e-06 1.532421e-02 3.694496e-05 1.281039e-03 7.727638e-01 5.165584e-05 1.954221e-01 1.366088e-05 2.954532e-06 
1.589242e-01 3.295580e-02 2.632918e+03 6.916365e-05 1.981337e+04 6.180300e+02 7.755839e-05 1.492432e-02 2.586324e-06 1.472988e-02 2.735667e-05 1.328451e-03 7.721007e-01 3.854965e-05 1.967615e-01 4.152103e-06 4.913821e-06 
1.621010e-01 3.305452e-02 2.599620e+03 6.930419e-05 1.981179e+04 6.177879e+02 1.265318e-04 1.469794e-02 1.454428e-05 1.519377e-02 3.371920e-05 1.471984e-03 7.708746e-01 7.050453e-05 1.975087e-01 2.498078e-06 5.265821e-06 
1.652778e-01 3.315365e-02 2.603388e+03 6.926715e-05 1.981336e+04 6.206142e+02 1.115178e-04 1.498053e-02 1.274476e-05 1.471184e-02 3.757173e-05 1.532341e-03 7.719349e-01 5.034661e-05 1.966174e-01 4.795048e-06 6.059583e-06 
1.684545e-01 3.325347e-02 2.583720e+03 6.940221e-05 1.981143e+04 6.257183e+02 1.091320e-04 1.449905e-02 1.116485e-07 1.481526e-02 6.367097e-05 1.405418e-03 7.714113e-01 3.750175e-05 1.976507e-01 7.847644e-06 0.000000e+00 
1.716313e-01 3.335358e-02 2.564873e+03 6.916952e-05 1.981365e+04 6.241521e+02 1.179421e-04 1.463139e-02 1.327676e-05 1.510823e-02 2.515542e-05 1.465528e-03 7.708647e-01 6.718493e-05 1.976943e-01 6.395084e-06 5.929917e-06 
1.748081e-01 3.345418e-02 2.558352e+03 6.956803e-05 1.980913e+04 6.296030e+02 1.626954e-04 1.475781e-02 3.850720e-05 1.515172e-02 4.704442e-05 1.554936e-03 7.721314e-01 6.818543e-05 1.960788e-01 8.958738e-06 0.000000e+00 
1.779848e-01 3.355535e-02 2.537074e+03 6.962976e-05 1.981466e+04 6.302346e+02 1.021790e-04 1.473149e-02 3.619372e-06 1.515146e-02 3.107026e-05 1.597099e-03 7.727642e-01 5.942670e-05 1.955514e-01 2.691685e-06 5.370868e-06 
1.811616e-01 3.365658e-02 2.527608e+03 6.930338e-05 1.981578e+04 6.315557e+02 1.392148e-04 1.478452e-02 1.669995e-05 1.540053e-02 3.027762e-05 1.648042e-03 7.719635e-01 5.989436e-05 1.959249e-01 1.364598e-05 1.869704e-05 
1.843384e-01 3.375818e-02 2.515118e+03 6.951233e-05 1.980553e+04 6.366264e+02 1.237463e-04 1.510983e-02 2.531342e-05 1.544677e-02 2.002635e-05 1.797684e-03 7.723770e-01 5.343315e-05 1.950212e-01 1.258406e-05 1.238924e-05 
1.875152e-01 3.386008e-02 2.491134e+03 6.944510e-05 1.981266e+04 6.343618e+02 1.258955e-04 1.509621e-02 1.654599e-05 1.521976e-02 1.753998e-05 1.679980e-03 7.708040e-01 6.279564e-05 1.969482e-01 1.860345e-05 1.041016e-05 
1.906919e-01 3.396216e-02 2.479078e+03 6.977783e-05 1.981161e+04 6.354255e+02 1.591217e-04 1.432084e-02 1.758430e-05 1.563948e-02 3.362223e-05 1.813857e-03 7.716616e-01 9.963331e-05 1.962460e-01 2.876234e-06 5.405673e-06 
1.938687e-01 3.406441e-02 2.472141e+03 6.918723e-05 1.981069e+04 6.371384e+02 1.732533e-04 1.433375e-02 2.290148e-05 1.580148e-02 3.074429e-05 1.723775e-03 7.717667e-01 9.436232e-05 1.960278e-01 1.846335e-05 6.781923e-06 
1.970455e-01 3.416681e-02 2.455602e+03 6.915965e-05 1.981071e+04 6.368960e+02 1.751592e-04 1.416513e-02 1.827769e-05 1.536990e-02 3.797855e-05 1.658925e-03 7.716653e-01 9.402489e-05 1.967904e-01 1.264964e-05 1.222874e-05 
2.002222e-01 3.426939e-02 2.446849e+03 6.926693e-05 1.981239e+04 6.405963e+02 1.454549e-04 1.443148e-02 1.877253e-05 1.571776e-02 2.775114e-05 1.744643e-03 7.712427e-01 9.843694e-05 1.965725e-01 0.000000e+00 4.940471e-07 
2.033990e-01 3.437216e-02 2.432114e+03 6.895404e-05 1.981074e+04 6.389479e+02 2.097400e-04 1.426153e-02 2.742425e-05 1.561826e-02 3.346753e-05 1.926688e-03 7.717720e-01 1.032460e-04 1.960020e-01 3.404768e-05 1.155434e-05 
2.065758e-01 3.447472e-02 2.416211e+03 6.899168e-05 1.980939e+04 6.372238e+02 1.220191e-04 1.457396e-02 1.164011e-05 1.593052e-02 3.933858e-05 1.918372e-03 7.715241e-01 6.512563e-05 1.958090e-01 2.060962e-06 3.853950e-06 
2.097525e-01 3.457740e-02 2.412607e+03 6.892256e-05 1.981397e+04 6.420302e+02 1.357690e-04 1.467335e-02 2.814529e-05 1.548941e-02 1.868456e-05 1.967801e-03 7.716362e-01 8.115976e-05 1.959617e-01 6.953989e-06 8.259320e-07 
2.129293e-01 3.468007e-02 2.401394e+03 6.866094e-05 1.981126e+04 6.417033e+02 1.512056e-04 1.452134e-02 1.405922e-05 1.574666e-02 3.254090e-05 2.078792e-03 7.706296e-01 6.294866e-05 1.967212e-01 3.039950e-05 1.125752e-05 
2.161061e-01 3.478285e-02 2.381846e+03 6.868577e-05 1.980971e+04 6.406022e+02 1.544197e-04 1.459008e-02 1.921376e-05 1.589259e-02 4.109616e-05 1.966987e-03 7.718198e-01 7.930202e-05 1.954217e-01 6.648439e-06 8.159155e-06 
2.192828e-01 3.488563e-02 2.374244e+03 6.857872e-05 1.981056e+04 6.409474e+02 1.818271e-04 1.483930e-02 1.306059e-05 1.646926e-02 5.052764e-05 2.234635e-03 7.705165e-01 8.488516e-05 1.955766e-01 1.682601e-05 1.652790e-05 
2.224596e-01 3.498830e-02 2.364277e+03 6.847761e-05 1.980955e+04 6.402268e+02 1.522135e-04 1.413878e-02 2.137187e-05 1.598536e-02 4.985184e-05 2.114660e-03 7.717666e-01 6.523513e-05 1.956902e-01 1.485483e-05 8.999045e-07 
2.256364e-01 3.509086e-02 2.350571e+03 6.818002e-05 1.981184e+04 6.374183e+02 1.446053e-04 1.439021e-02 2.431043e-05 1.585934e-02 1.943056e-05 2.176555e-03 7.706135e-01 6.817889e-05 1.966712e-01 2.592419e-05 6.761530e-06 
2.288131e-01 3.519326e-02 2.332496e+03 6.817645e-05 1.981079e+04 6.416615e+02 1.352946e-04 1.435307e-02 2.058827e-05 1.621847e-02 3.892327e-05 2.264157e-03 7.708925e-01 6.175636e-05 1.960012e-01 7.711599e-06 6.315480e-06 
2.319899e-01 3.529552e-02 2.333547e+03 6.802183e-05 1.980775e+04 6.379268e+02 1.541781e-04 1.450610e-02 1.104626e-05 1.605053e-02 4.538672e-05 2.253713e-03 7.707712e-01 8.196736e-05 1.961101e-01 1.218923e-05 3.588589e-06 
2.351667e-01 3.539811e-02 2.313653e+03 6.771636e-05 1.980898e+04 6.379056e+02 1.568142e-04 1.418556e-02 2.258892e-05 1.594323e-02 3.011749e-05 2.386048e-03 7.708675e-01 7.837434e-05 1.963040e-01 1.269977e-05 1.303415e-05 
2.383434e-01 3.550036e-02 2.303405e+03 6.748621e-05 1.981039e+04 6.367031e+02 1.444017e-04 1.436922e-02 2.453307e-05 1.609739e-02 1.646029e-05 2.399364e-03 7.724987e-01 8.884665e-05 1.943465e-01 7.200026e-06 7.361540e-06 
2.415202e-01 3.560245e-02 2.287912e+03 6.717868e-05 1.980920e+04 6.342006e+02 1.610398e-04 1.447196e-02 1.476151e-05 1.588492e-02 3.512994e-05 2.268331e-03 7.702339e-01 7.450505e-05 1.968188e-01 2.963426e-05 7.009139e-06 
2.446970e-01 3.570428e-02 2.276860e+03 6.707943e-05 1.980937e+04 6.342033e+02 1.190842e-04 1.445413e-02 9.260827e-06 1.608698e-02 3.267796e-05 2.657493e-03 7.711470e-01 6.256431e-05 1.954162e-01 1.101509e-05 3.565950e-06 
2.478737e-01 3.580579e-02 2.268833e+03 6.684757e-05 1.981000e+04 6.319343e+02 1.371513e-04 1.415324e-02 2.857415e-05 1.625268e-02 2.965857e-05 2.414688e-03 7.712017e-01 4.806189e-05 1.957034e-01 8.112462e-06 2.274427e-05 
2.510505e-01 3.590727e-02 2.262033e+03 6.667302e-05 1.981153e+04 6.352819e+02 1.429462e-04 1.426758e-02 8.462097e-06 1.636962e-02 5.157463e-05 2.521460e-03 7.711262e-01 4.479338e-05 1.954292e-01 1.869901e-05 1.941720e-05 
2.542273e-01 3.600861e-02 2.243992e+03 6.640796e-05 1.981430e+04 6.299277e+02 1.422167e-04 1.429278e-02 2.701829e-05 1.632903e-02 3.594628e-05 2.537238e-03 7.704909e-01 4.691533e-05 1.960656e-01 1.207276e-05 2.026430e-05 
2.574040e-01 3.610942e-02 2.251256e+03 6.627998e-05 1.981274e+04 6.286637e+02 1.419406e-04 1.419182e-02 1.983490e-05 1.648784e-02 3.744256e-05 2.776009e-03 7.703428e-01 6.998362e-05 1.959176e-01 9.318663e-06 5.361102e-06 
2.605808e-01 3.621003e-02 2.228940e+03 6.603505e-05 1.981462e+04 6.260781e+02 1.280535e-04 1.396497e-02 5.618560e-06 1.700253e-02 3.188780e-05 2.741217e-03 7.706013e-01 5.838145e-05 1.954339e-01 1.955758e-05 1.260838e-05 
2.637576e-01 3.631050e-02 2.223034e+03 6.585531e-05 1.980967e+04 6.283078e+02 1.696641e-04 1.412952e-02 2.482585e-05 1.679187e-02 2.333096e-05 2.576812e-03 7.718041e-01 1.086918e-04 1.943584e-01 1.076504e-05 2.050557e-06 
2.669343e-01 3.641041e-02 2.219415e+03 6.547589e-05 1.981366e+04 6.225990e+02 1.203227e-04 1.411834e-02 9.803437e-06 1.655891e-02 3.302565e-05 2.704614e-03 7.698122e-01 6.593928e-05 1.965653e-01 5.784269e-06 5.769784e-06 
2.701111e-01 3.650992e-02 2.212310e+03 6.554378e-05 1.981260e+04 6.243735e+02 1.158033e-04 1.428481e-02 1.579937e-05 1.671375e-02 3.151781e-05 2.749758e-03 7.710137e-01 5.796005e-05 1.950063e-01 1.381722e-06 9.144518e-06 
2.732879e-01 3.660917e-02 2.198232e+03 6.499678e-05 1.981181e+04 6.188090e+02 1.412075e-04 1.457755e-02 1.208318e-05 1.684454e-02 3.295357e-05 2.909153e-03 7.699171e-01 8.608285e-05 1.954692e-01 4.079467e-06 6.008721e-06 
2.764646e-01 3.670822e-02 2.191463e+03 6.490527e-05 1.981040e+04 6.169099e+02 1.538267e-04 1.384488e-02 1.618920e-05 1.637310e-02 4.590139e-05 2.864114e-03 7.699270e-01 5.785812e-05 1.966833e-01 1.696224e-05 1.691621e-05 
2.796414e-01 3.680693e-02 2.175853e+03 6.464513e-05 1.981255e+04 6.157310e+02 1.070706e-04 1.422005e-02 1.107002e-05 1.676239e-02 1.951427e-05 2.714903e-03 7.706626e-01 5.457329e-05 1.954259e-01 6.653772e-06 1.525936e-05 
2.828182e-01 3.690547e-02 2.163772e+03 6.425540e-05 1.981322e+04 6.125980e+02 1.415130e-04 1.416261e-02 2.300870e-05 1.650387e-02 2.362680e-05 2.820096e-03 7.694934e-01 8.187033e-05 1.967370e-01 6.701636e-06 6.305353e-06 
2.859949e-01 3.700360e-02 2.153418e+03 6.396727e-05 1.981338e+04 6.114192e+02 1.048588e-04 1.408216e-02 6.986429e-06 1.730631e-02 1.489468e-05 2.942483e-03 7.703744e-01 6.197050e-05 1.950849e-01 1.314967e-05 7.857753e-06 
2.891717e-01 3.710152e-02 2.149231e+03 6.359200e-05 1.981163e+04 6.129694e+02 1.645595e-04 1.378370e-02 2.775161e-05 1.689533e-02 3.372322e-05 3.141061e-03 7.710883e-01 8.616285e-05 1.947625e-01 1.950660e-07 1.672689e-05 
2.923485e-01 3.719890e-02 2.141078e+03 6.345575e-05 1.981630e+04 6.037919e+02 1.619174e-04 1.394354e-02 6.007291e-06 1.711309e-02 2.766213e-05 3.073887e-03 7.704432e-01 1.096650e-04 1.951025e-01 1.202977e-05 6.553736e-06 
2.955253e-01 3.729600e-02 2.132327e+03 6.308258e-05 1.981400e+04 6.062515e+02 1.628099e-04 1.399770e-02 2.712250e-05 1.716401e-02 4.166357e-05 3.243589e-03 7.696251e-01 6.090039e-05 1.956440e-01 9.995078e-06 2.312852e-05 
2.987020e-01 3.739304e-02 2.122190e+03 6.273512e-05 1.981261e+04 6.050153e+02 1.758618e-04 1.380876e-02 9.317986e-06 1.687674e-02 4.162850e-05 2.940928e-03 7.705103e-01 1.047288e-04 1.955116e-01 1.633237e-07 2.002297e-05 
3.018788e-01 3.748979e-02 2.119958e+03 6.258700e-05 1.981176e+04 6.011289e+02 1.751722e-04 1.375177e-02 8.019697e-06 1.698127e-02 4.687854e-05 3.407474e-03 7.693636e-01 8.638350e-05 1.961455e-01 7.968769e-06 2.592181e-05 
3.050556e-01 3.758595e-02 2.103150e+03 6.245209e-05 1.981421e+04 5.981287e+02 2.326757e-04 1.436820e-02 2.692932e-05 1.699396e-02 4.591450e-05 3.259101e-03 7.702745e-01 1.347361e-04 1.946389e-01 1.819370e-05 6.902002e-06 
3.082323e-01 3.768182e-02 2.109577e+03 6.192754e-05 1.981306e+04 5.967022e+02 1.380542e-04 1.344211e-02 2.441816e-05 1.734488e-02 3.829806e-05 3.329739e-03 7.696925e-01 5.292878e-05 1.959147e-01 8.019090e-06 1.439029e-05 
3.114091e-01 3.777737e-02 2.087396e+03 6.166595e-05 1.981088e+04 5.943943e+02 1.908526e-04 1.386406e-02 2.394989e-05 1.684995e-02 3.395976e-05 3.215903e-03 7.697383e-01 1.138067e-04 1.959501e-01 4.801072e-06 1.433513e-05 
3.145859e-01 3.787263e-02 2.085946e+03 6.160209e-05 1.981509e+04 5.941917e+02 1.505126e-04 1.417182e-02 1.118369e-05 1.685932e-02 5.004643e-05 3.019218e-03 7.708520e-01 5.225118e-05 1.947967e-01 2.816844e-05 8.863102e-06 
3.177626e-01 3.796759e-02 2.079613e+03 6.115124e-05 1.981566e+04 5.888611e+02 2.173957e-04 1.379692e-02 3.064157e-05 1.733125e-02 3.899853e-05 3.135534e-03 7.693688e-01 1.216779e-04 1.959327e-01 1.303886e-05 1.303886e-05 
3.209394e-01 3.806197e-02 2.075903e+03 6.088756e-05 1.981066e+04 5.899750e+02 1.528640e-04 1.402103e-02 2.049753e-05 1.730166e-02 2.585482e-05 3.508437e-03 7.681711e-01 8.768702e-05 1.966920e-01 1.154592e-05 7.278830e-06 
3.241162e-01 3.815622e-02 2.064838e+03 6.045482e-05 1.981583e+04 5.866628e+02 1.716334e-04 1.377611e-02 1.449107e-05 1.684186e-02 3.502283e-05 3.376361e-03 7.711703e-01 8.728710e-05 1.944921e-01 1.929167e-05 1.554081e-05 
3.272929e-01 3.825015e-02 2.057020e+03 6.043564e-05 1.981449e+04 5.831163e+02 1.581867e-04 1.415025e-02 3.930008e-05 1.734225e-02 1.696897e-05 3.588319e-03 7.691018e-01 9.025140e-05 1.955010e-01 9.272385e-06 2.393823e-06 
3.304697e-01 3.834387e-02 2.048923e+03 5.999744e-05 1.981590e+04 5.834469e+02 1.950979e-04 1.431215e-02 2.656695e-05 1.739441e-02 5.491969e-05 3.462503e-03 7.687080e-01 9.946447e-05 1.957328e-01 3.053205e-06 1.109336e-05 
3.336465e-01 3.843719e-02 2.041766e+03 5.961066e-05 1.981463e+04 5.807431e+02 1.496950e-04 1.378236e-02 1.462810e-05 1.767311e-02 2.391156e-05 3.421868e-03 7.688465e-01 7.437999e-05 1.959768e-01 2.388867e-05 1.288664e-05 
3.368232e-01 3.853022e-02 2.035537e+03 5.935408e-05 1.981749e+04 5.790491e+02 1.396813e-04 1.368305e-02 7.201172e-06 1.720862e-02 2.814176e-05 3.291559e-03 7.699805e-01 7.205761e-05 1.955569e-01 2.576366e-05 6.517463e-06 
3.400000e-01 3.862283e-02 2.030880e+03 5.908769e-05 1.981453e+04 5.788937e+02 1.648039e-04 1.394421e-02 2.360771e-05 1.742528e-02 3.601166e-05 3.732733e-03 7.688826e-01 6.386614e-05 1.956856e-01 1.553275e-05 2.578572e-05 
