2.550000e-02 3.200351e-02 1.919009e+03 5.815292e-05 1.989851e+04 0.000000e+00 0.000000e+00 0.000000e+00 0.000000e+00 0.000000e+00 0.000000e+00 0.000000e+00 7.900000e-01 0.000000e+00 2.100000e-01 0.000000e+00 0.000000e+00
2.867677e-02 3.202751e-02 1.919009e+03 5.815292e-05 1.989851e+04 0.000000e+00 0.000000e+00 0.000000e+00 0.000000e+00 0.000000e+00 0.000000e+00 0.000000e+00 7.900000e-01 0.000000e+00 2.100000e-01 0.000000e+00 0.000000e+00
3.185354e-02 3.205458e-02 1.919009e+03 5.815292e-05 1.989851e+04 0.000000e+00 0.000000e+00 0.000000e+00 0.000000e+00 0.000000e+00 0.000000e+00 0.000000e+00 7.900000e-01 0.000000e+00 2.100000e-01 0.000000e+00 0.000000e+00
3.503030e-02 3.208492e-02 1.919009e+03 5.815292e-05 1.989851e+04 0.000000e+00 0.000000e+00 0.000000e+00 0.000000e+00 0.000000e+00 0.000000e+00 0.000000e+00 7.900000e-01 0.000000e+00 2.100000e-01 0.000000e+00 0.000000e+00
3.820707e-02 3.211846e-02 1.919009e+03 5.815292e-05 1.989851e+04 0.000000e+00 0.000000e+00 0.000000e+00 0.000000e+00 0.000000e+00 0.000000e+00 0.000000e+00 7.900000e-01 0.000000e+00 2.100000e-01 0.000000e+00 0.000000e+00
4.138384e-02 3.215503e-02 1.919009e+03 5.815292e-05 1.989851e+04 0.000000e+00 0.000000e+00 0.000000e+00 0.000000e+00 0.000000e+00 0.000000e+00 0.000000e+00 7.900000e-01 0.000000e+00 2.100000e-01 0.000000e+00 0.000000e+00
4.456061e-02 3.219446e-02 1.919009e+03 5.815292e-05 1.989851e+04 0.000000e+00 0.000000e+00 0.000000e+00 0.000000e+00 0.000000e+00 0.000000e+00 0.000000e+00 7.900000e-01 0.000000e+00 2.100000e-01 0.000000e+00 0.000000e+00
4.773737e-02 3.223696e-02 1.919009e+03 5.815292e-05 1.989851e+04 0.000000e+00 0.000000e+00 0.000000e+00 0.000000e+00 0.000000e+00 0.000000e+00 0.000000e+00 7.900000e-01 0.000000e+00 2.100000e-01 0.000000e+00 0.000000e+00
5.091414e-02 3.228216e-02 1.919009e+03 5.815292e-05 1.989851e+04 0.000000e+00 0.000000e+00 0.000000e+00 0.000000e+00 0.000000e+00 0.000000e+00 0.000000e+00 7.900000e-01 0.000000e+00 2.100000e-01 0.000000e+00 0.000000e+00
5.409091e-02 3.233041e-02 1.919009e+03 5.815292e-05 1.989851e+04 0.000000e+00 0.000000e+00 0.000000e+00 0.000000e+00 0.000000e+00 0.000000e+00 0.000000e+00 7.900000e-01 0.000000e+00 2.100000e-01 0.000000e+00 0.000000e+00
5.726768e-02 3.238128e-02 1.919009e+03 5.815292e-05 1.989851e+04 0.000000e+00 0.000000e+00 0.000000e+00 0.000000e+00 0.000000e+00 0.000000e+00 0.000000e+00 7.900000e-01 0.000000e+00 2.100000e-01 0.000000e+00 0.000000e+00
6.044444e-02 3.243447e-02 1.919009e+03 5.815292e-05 1.989851e+04 0.000000e+00 0.000000e+00 0.000000e+00 0.000000e+00 0.000000e+00 0.000000e+00 0.000000e+00 7.900000e-01 0.000000e+00 2.100000e-01 0.000000e+00 0.000000e+00
6.362121e-02 3.249020e-02 1.919009e+03 5.815292e-05 1.989851e+04 0.000000e+00 0.000000e+00 0.000000e+00 0.000000e+00 0.000000e+00 0.000000e+00 0.000000e+00 7.900000e-01 0.000000e+00 2.100000e-01 0.000000e+00 0.000000e+00
6.679798e-02 3.254797e-02 1.919009e+03 5.815292e-05 1.989851e+04 0.000000e+00 0.000000e+00 0.000000e+00 0.000000e+00 0.000000e+00 0.000000e+00 0.000000e+00 7.900000e-01 0.000000e+00 2.100000e-01 0.000000e+00 0.000000e+00
6.997475e-02 3.260813e-02 1.919009e+03 5.815292e-05 1.989851e+04 0.000000e+00 0.000000e+00 0.000000e+00 0.000000e+00 0.000000e+00 0.000000e+00 0.000000e+00 7.900000e-01 0.000000e+00 2.100000e-01 0.000000e+00 0.000000e+00
7.315152e-02 3.267051e-02 1.919009e+03 5.815292e-05 1.989851e+04 0.000000e+00 0.000000e+00 0.000000e+00 0.000000e+00 0.000000e+00 0.000000e+00 0.000000e+00 7.900000e-01 0.000000e+00 2.100000e-01 0.000000e+00 0.000000e+00
7.632828e-02 3.273518e-02 1.919009e+03 5.815292e-05 1.989851e+04 0.000000e+00 0.000000e+00 0.000000e+00 0.000000e+00 0.000000e+00 0.000000e+00 0.000000e+00 7.900000e-01 0.000000e+00 2.100000e-01 0.000000e+00 0.000000e+00
7.950505e-02 3.280190e-02 1.919009e+03 5.815292e-05 1.989851e+04 0.000000e+00 0.000000e+00 0.000000e+00 0.000000e+00 0.000000e+00 0.000000e+00 0.000000e+00 7.900000e-01 0.000000e+00 2.100000e-01 0.000000e+00 0.000000e+00
8.268182e-02 3.287065e-02 1.919009e+03 5.815292e-05 1.989851e+04 0.000000e+00 0.000000e+00 0.000000e+00 0.000000e+00 0.000000e+00 0.000000e+00 0.000000e+00 7.900000e-01 0.000000e+00 2.100000e-01 0.000000e+00 0.000000e+00
8.585859e-02 3.294164e-02 1.919009e+03 5.815292e-05 1.989851e+04 0.000000e+00 0.000000e+00 0.000000e+00 0.000000e+00 0.000000e+00 0.000000e+00 0.000000e+00 7.900000e-01 0.000000e+00 2.100000e-01 0.000000e+00 0.000000e+00
8.903535e-02 3.301426e-02 1.919009e+03 5.815292e-05 1.989851e+04 0.000000e+00 0.000000e+00 0.000000e+00 0.000000e+00 0.000000e+00 0.000000e+00 0.000000e+00 7.900000e-01 0.000000e+00 2.100000e-01 0.000000e+00 0.000000e+00
9.221212e-02 3.308873e-02 1.919009e+03 5.815292e-05 1.989851e+04 0.000000e+00 0.000000e+00 0.000000e+00 0.000000e+00 0.000000e+00 0.000000e+00 0.000000e+00 7.900000e-01 0.000000e+00 2.100000e-01 0.000000e+00 0.000000e+00
9.538889e-02 3.316483e-02 1.919009e+03 5.815292e-05 1.989851e+04 0.000000e+00 0.000000e+00 0.000000e+00 0.000000e+00 0.000000e+00 0.000000e+00 0.000000e+00 7.900000e-01 0.000000e+00 2.100000e-01 0.000000e+00 0.000000e+00
9.856566e-02 3.324267e-02 1.919009e+03 5.815292e-05 1.989851e+04 0.000000e+00 0.000000e+00 0.000000e+00 0.000000e+00 0.000000e+00 0.000000e+00 0.000000e+00 7.900000e-01 0.000000e+00 2.100000e-01 0.000000e+00 0.000000e+00
1.017424e-01 3.332204e-02 1.919009e+03 5.815292e-05 1.989851e+04 0.000000e+00 0.000000e+00 0.000000e+00 0.000000e+00 0.000000e+00 0.000000e+00 0.000000e+00 7.900000e-01 0.000000e+00 2.100000e-01 0.000000e+00 0.000000e+00
1.049192e-01 3.340284e-02 1.919009e+03 5.815292e-05 1.989851e+04 0.000000e+00 0.000000e+00 0.000000e+00 0.000000e+00 0.000000e+00 0.000000e+00 0.000000e+00 7.900000e-01 0.000000e+00 2.100000e-01 0.000000e+00 0.000000e+00
1.080960e-01 3.348492e-02 1.919009e+03 5.815292e-05 1.989851e+04 0.000000e+00 0.000000e+00 0.000000e+00 0.000000e+00 0.000000e+00 0.000000e+00 0.000000e+00 7.900000e-01 0.000000e+00 2.100000e-01 0.000000e+00 0.000000e+00
1.112727e-01 3.356875e-02 1.919009e+03 5.815292e-05 1.989851e+04 0.000000e+00 0.000000e+00 0.000000e+00 0.000000e+00 0.000000e+00 0.000000e+00 0.000000e+00 7.900000e-01 0.000000e+00 2.100000e-01 0.000000e+00 0.000000e+00
1.144495e-01 3.365398e-02 1.919009e+03 5.815292e-05 1.989851e+04 0.000000e+00 0.000000e+00 0.000000e+00 0.000000e+00 0.000000e+00 0.000000e+00 0.000000e+00 7.900000e-01 0.000000e+00 2.100000e-01 0.000000e+00 0.000000e+00
1.176263e-01 3.374062e-02 1.919009e+03 5.815292e-05 1.989851e+04 0.000000e+00 0.000000e+00 0.000000e+00 0.000000e+00 0.000000e+00 0.000000e+00 0.000000e+00 7.900000e-01 0.000000e+00 2.100000e-01 0.000000e+00 0.000000e+00
1.208030e-01 3.382848e-02 1.919009e+03 5.815292e-05 1.989851e+04 0.000000e+00 0.000000e+00 0.000000e+00 0.000000e+00 0.000000e+00 0.000000e+00 0.000000e+00 7.900000e-01 0.000000e+00 2.100000e-01 0.000000e+00 0.000000e+00
1.239798e-01 3.391719e-02 1.919009e+03 5.815292e-05 1.989851e+04 0.000000e+00 0.000000e+00 0.000000e+00 0.000000e+00 0.000000e+00 0.000000e+00 0.000000e+00 7.900000e-01 0.000000e+00 2.100000e-01 0.000000e+00 0.000000e+00
1.271566e-01 3.400693e-02 1.919009e+03 5.815292e-05 1.989851e+04 0.000000e+00 0.000000e+00 0.000000e+00 0.000000e+00 0.000000e+00 0.000000e+00 0.000000e+00 7.900000e-01 0.000000e+00 2.100000e-01 0.000000e+00 0.000000e+00
1.303333e-01 3.409774e-02 1.919009e+03 5.815292e-05 1.989851e+04 0.000000e+00 0.000000e+00 0.000000e+00 0.000000e+00 0.000000e+00 0.000000e+00 0.000000e+00 7.900000e-01 0.000000e+00 2.100000e-01 0.000000e+00 0.000000e+00
1.335101e-01 3.418966e-02 1.919009e+03 5.815292e-05 1.989851e+04 0.000000e+00 0.000000e+00 0.000000e+00 0.000000e+00 0.000000e+00 0.000000e+00 0.000000e+00 7.900000e-01 0.000000e+00 2.100000e-01 0.000000e+00 0.000000e+00
1.366869e-01 3.428259e-02 1.919009e+03 5.815292e-05 1.989851e+04 0.000000e+00 0.000000e+00 0.000000e+00 0.000000e+00 0.000000e+00 0.000000e+00 0.000000e+00 7.900000e-01 0.000000e+00 2.100000e-01 0.000000e+00 0.000000e+00
1.398636e-01 3.437657e-02 1.919009e+03 5.815292e-05 1.989851e+04 0.000000e+00 0.000000e+00 0.000000e+00 0.000000e+00 0.000000e+00 0.000000e+00 0.000000e+00 7.900000e-01 0.000000e+00 2.100000e-01 0.000000e+00 0.000000e+00
1.430404e-01 3.447126e-02 1.919009e+03 5.815292e-05 1.989851e+04 0.000000e+00 0.000000e+00 0.000000e+00 0.000000e+00 0.000000e+00 0.000000e+00 0.000000e+00 7.900000e-01 0.000000e+00 2.100000e-01 0.000000e+00 0.000000e+00
1.462172e-01 3.456667e-02 1.919009e+03 5.815292e-05 1.989851e+04 0.000000e+00 0.000000e+00 0.000000e+00 0.000000e+00 0.000000e+00 0.000000e+00 0.000000e+00 7.900000e-01 0.000000e+00 2.100000e-01 0.000000e+00 0.000000e+00
1.493939e-01 3.466292e-02 1.919009e+03 5.815292e-05 1.989851e+04 0.000000e+00 0.000000e+00 0.000000e+00 0.000000e+00 0.000000e+00 0.000000e+00 0.000000e+00 7.900000e-01 0.000000e+00 2.100000e-01 0.000000e+00 0.000000e+00
1.525707e-01 3.475992e-02 1.919009e+03 5.815292e-05 1.989851e+04 0.000000e+00 0.000000e+00 0.000000e+00 0.000000e+00 0.000000e+00 0.000000e+00 0.000000e+00 7.900000e-01 0.000000e+00 2.100000e-01 0.000000e+00 0.000000e+00
1.557475e-01 3.485755e-02 1.919009e+03 5.815292e-05 1.989851e+04 0.000000e+00 0.000000e+00 0.000000e+00 0.000000e+00 0.000000e+00 0.000000e+00 0.000000e+00 7.900000e-01 0.000000e+00 2.100000e-01 0.000000e+00 0.000000e+00
1.589242e-01 3.495580e-02 1.919009e+03 5.815292e-05 1.989851e+04 0.000000e+00 0.000000e+00 0.000000e+00 0.000000e+00 0.000000e+00 0.000000e+00 0.000000e+00 7.900000e-01 0.000000e+00 2.100000e-01 0.000000e+00 0.000000e+00
1.621010e-01 3.505452e-02 1.919009e+03 5.815292e-05 1.989851e+04 0.000000e+00 0.000000e+00 0.000000e+00 0.000000e+00 0.000000e+00 0.000000e+00 0.000000e+00 7.900000e-01 0.000000e+00 2.100000e-01 0.000000e+00 0.000000e+00
1.652778e-01 3.515365e-02 1.919009e+03 5.815292e-05 1.989851e+04 0.000000e+00 0.000000e+00 0.000000e+00 0.000000e+00 0.000000e+00 0.000000e+00 0.000000e+00 7.900000e-01 0.000000e+00 2.100000e-01 0.000000e+00 0.000000e+00
1.684545e-01 3.525347e-02 1.919009e+03 5.815292e-05 1.989851e+04 0.000000e+00 0.000000e+00 0.000000e+00 0.000000e+00 0.000000e+00 0.000000e+00 0.000000e+00 7.900000e-01 0.000000e+00 2.100000e-01 0.000000e+00 0.000000e+00
1.716313e-01 3.535358e-02 1.919009e+03 5.815292e-05 1.989851e+04 0.000000e+00 0.000000e+00 0.000000e+00 0.000000e+00 0.000000e+00 0.000000e+00 0.000000e+00 7.900000e-01 0.000000e+00 2.100000e-01 0.000000e+00 0.000000e+00
1.748081e-01 3.545418e-02 1.919009e+03 5.815292e-05 1.989851e+04 0.000000e+00 0.000000e+00 0.000000e+00 0.000000e+00 0.000000e+00 0.000000e+00 0.000000e+00 7.900000e-01 0.000000e+00 2.100000e-01 0.000000e+00 0.000000e+00
1.779848e-01 3.555535e-02 1.919009e+03 5.815292e-05 1.989851e+04 0.000000e+00 0.000000e+00 0.000000e+00 0.000000e+00 0.000000e+00 0.000000e+00 0.000000e+00 7.900000e-01 0.000000e+00 2.100000e-01 0.000000e+00 0.000000e+00
1.811616e-01 3.565658e-02 1.919009e+03 5.815292e-05 1.989851e+04 0.000000e+00 0.000000e+00 0.000000e+00 0.000000e+00 0.000000e+00 0.000000e+00 0.000000e+00 7.900000e-01 0.000000e+00 2.100000e-01 0.000000e+00 0.000000e+00
1.843384e-01 3.575818e-02 1.919009e+03 5.815292e-05 1.989851e+04 0.000000e+00 0.000000e+00 0.000000e+00 0.000000e+00 0.000000e+00 0.000000e+00 0.000000e+00 7.900000e-01 0.000000e+00 2.100000e-01 0.000000e+00 0.000000e+00
1.875152e-01 3.586008e-02 1.919009e+03 5.815292e-05 1.989851e+04 0.000000e+00 0.000000e+00 0.000000e+00 0.000000e+00 0.000000e+00 0.000000e+00 0.000000e+00 7.900000e-01 0.000000e+00 2.100000e-01 0.000000e+00 0.000000e+00
1.906919e-01 3.596216e-02 1.919009e+03 5.815292e-05 1.989851e+04 0.000000e+00 0.000000e+00 0.000000e+00 0.000000e+00 0.000000e+00 0.000000e+00 0.000000e+00 7.900000e-01 0.000000e+00 2.100000e-01 0.000000e+00 0.000000e+00
1.938687e-01 3.606441e-02 1.919009e+03 5.815292e-05 1.989851e+04 0.000000e+00 0.000000e+00 0.000000e+00 0.000000e+00 0.000000e+00 0.000000e+00 0.000000e+00 7.900000e-01 0.000000e+00 2.100000e-01 0.000000e+00 0.000000e+00
1.970455e-01 3.616681e-02 1.919009e+03 5.815292e-05 1.989851e+04 0.000000e+00 0.000000e+00 0.000000e+00 0.000000e+00 0.000000e+00 0.000000e+00 0.000000e+00 7.900000e-01 0.000000e+00 2.100000e-01 0.000000e+00 0.000000e+00
2.002222e-01 3.626939e-02 1.919009e+03 5.815292e-05 1.989851e+04 0.000000e+00 0.000000e+00 0.000000e+00 0.000000e+00 0.000000e+00 0.000000e+00 0.000000e+00 7.900000e-01 0.000000e+00 2.100000e-01 0.000000e+00 0.000000e+00
2.033990e-01 3.637216e-02 1.919009e+03 5.815292e-05 1.989851e+04 0.000000e+00 0.000000e+00 0.000000e+00 0.000000e+00 0.000000e+00 0.000000e+00 0.000000e+00 7.900000e-01 0.000000e+00 2.100000e-01 0.000000e+00 0.000000e+00
2.065758e-01 3.647472e-02 1.919009e+03 5.815292e-05 1.989851e+04 0.000000e+00 0.000000e+00 0.000000e+00 0.000000e+00 0.000000e+00 0.000000e+00 0.000000e+00 7.900000e-01 0.000000e+00 2.100000e-01 0.000000e+00 0.000000e+00
2.097525e-01 3.657740e-02 1.919009e+03 5.815292e-05 1.989851e+04 0.000000e+00 0.000000e+00 0.000000e+00 0.000000e+00 0.000000e+00 0.000000e+00 0.000000e+00 7.900000e-01 0.000000e+00 2.100000e-01 0.000000e+00 0.000000e+00
2.129293e-01 3.668007e-02 1.919009e+03 5.815292e-05 1.989851e+04 0.000000e+00 0.000000e+00 0.000000e+00 0.000000e+00 0.000000e+00 0.000000e+00 0.000000e+00 7.900000e-01 0.000000e+00 2.100000e-01 0.000000e+00 0.000000e+00
2.161061e-01 3.678285e-02 1.919009e+03 5.815292e-05 1.989851e+04 0.000000e+00 0.000000e+00 0.000000e+00 0.000000e+00 0.000000e+00 0.000000e+00 0.000000e+00 7.900000e-01 0.000000e+00 2.100000e-01 0.000000e+00 0.000000e+00
2.192828e-01 3.688563e-02 1.919009e+03 5.815292e-05 1.989851e+04 0.000000e+00 0.000000e+00 0.000000e+00 0.000000e+00 0.000000e+00 0.000000e+00 0.000000e+00 7.900000e-01 0.000000e+00 2.100000e-01 0.000000e+00 0.000000e+00
2.224596e-01 3.698830e-02 1.919009e+03 5.815292e-05 1.989851e+04 0.000000e+00 0.000000e+00 0.000000e+00 0.000000e+00 0.000000e+00 0.000000e+00 0.000000e+00 7.900000e-01 0.000000e+00 2.100000e-01 0.000000e+00 0.000000e+00
2.256364e-01 3.709086e-02 1.919009e+03 5.815292e-05 1.989851e+04 0.000000e+00 0.000000e+00 0.000000e+00 0.000000e+00 0.000000e+00 0.000000e+00 0.000000e+00 7.900000e-01 0.000000e+00 2.100000e-01 0.000000e+00 0.000000e+00
2.288131e-01 3.719326e-02 1.919009e+03 5.815292e-05 1.989851e+04 0.000000e+00 0.000000e+00 0.000000e+00 0.000000e+00 0.000000e+00 0.000000e+00 0.000000e+00 7.900000e-01 0.000000e+00 2.100000e-01 0.000000e+00 0.000000e+00
2.319899e-01 3.729552e-02 1.919009e+03 5.815292e-05 1.989851e+04 0.000000e+00 0.000000e+00 0.000000e+00 0.000000e+00 0.000000e+00 0.000000e+00 0.000000e+00 7.900000e-01 0.000000e+00 2.100000e-01 0.000000e+00 0.000000e+00
2.351667e-01 3.739811e-02 1.919009e+03 5.815292e-05 1.989851e+04 0.000000e+00 0.000000e+00 0.000000e+00 0.000000e+00 0.000000e+00 0.000000e+00 0.000000e+00 7.900000e-01 0.000000e+00 2.100000e-01 0.000000e+00 0.000000e+00
2.383434e-01 3.750036e-02 1.919009e+03 5.815292e-05 1.989851e+04 0.000000e+00 0.000000e+00 0.000000e+00 0.000000e+00 0.000000e+00 0.000000e+00 0.000000e+00 7.900000e-01 0.000000e+00 2.100000e-01 0.000000e+00 0.000000e+00
2.415202e-01 3.760245e-02 1.919009e+03 5.815292e-05 1.989851e+04 0.000000e+00 0.000000e+00 0.000000e+00 0.000000e+00 0.000000e+00 0.000000e+00 0.000000e+00 7.900000e-01 0.000000e+00 2.100000e-01 0.000000e+00 0.000000e+00
2.446970e-01 3.770428e-02 1.919009e+03 5.815292e-05 1.989851e+04 0.000000e+00 0.000000e+00 0.000000e+00 0.000000e+00 0.000000e+00 0.000000e+00 0.000000e+00 7.900000e-01 0.000000e+00 2.100000e-01 0.000000e+00 0.000000e+00
2.478737e-01 3.780579e-02 1.919009e+03 5.815292e-05 1.989851e+04 0.000000e+00 0.000000e+00 0.000000e+00 0.000000e+00 0.000000e+00 0.000000e+00 0.000000e+00 7.900000e-01 0.000000e+00 2.100000e-01 0.000000e+00 0.000000e+00
2.510505e-01 3.790727e-02 1.919009e+03 5.815292e-05 1.989851e+04 0.000000e+00 0.000000e+00 0.000000e+00 0.000000e+00 0.000000e+00 0.000000e+00 0.000000e+00 7.900000e-01 0.000000e+00 2.100000e-01 0.000000e+00 0.000000e+00
2.542273e-01 3.800861e-02 1.919009e+03 5.815292e-05 1.989851e+04 0.000000e+00 0.000000e+00 0.000000e+00 0.000000e+00 0.000000e+00 0.000000e+00 0.000000e+00 7.900000e-01 0.000000e+00 2.100000e-01 0.000000e+00 0.000000e+00
2.574040e-01 3.810942e-02 1.919009e+03 5.815292e-05 1.989851e+04 0.000000e+00 0.000000e+00 0.000000e+00 0.000000e+00 0.000000e+00 0.000000e+00 0.000000e+00 7.900000e-01 0.000000e+00 2.100000e-01 0.000000e+00 0.000000e+00
2.605808e-01 3.821003e-02 1.919009e+03 5.815292e-05 1.989851e+04 0.000000e+00 0.000000e+00 0.000000e+00 0.000000e+00 0.000000e+00 0.000000e+00 0.000000e+00 7.900000e-01 0.000000e+00 2.100000e-01 0.000000e+00 0.000000e+00
2.637576e-01 3.831050e-02 1.919009e+03 5.815292e-05 1.989851e+04 0.000000e+00 0.000000e+00 0.000000e+00 0.000000e+00 0.000000e+00 0.000000e+00 0.000000e+00 7.900000e-01 0.000000e+00 2.100000e-01 0.000000e+00 0.000000e+00
2.669343e-01 3.841041e-02 1.919009e+03 5.815292e-05 1.989851e+04 0.000000e+00 0.000000e+00 0.000000e+00 0.000000e+00 0.000000e+00 0.000000e+00 0.000000e+00 7.900000e-01 0.000000e+00 2.100000e-01 0.000000e+00 0.000000e+00
2.701111e-01 3.850992e-02 1.919009e+03 5.815292e-05 1.989851e+04 0.000000e+00 0.000000e+00 0.000000e+00 0.000000e+00 0.000000e+00 0.000000e+00 0.000000e+00 7.900000e-01 0.000000e+00 2.100000e-01 0.000000e+00 0.000000e+00
2.732879e-01 3.860917e-02 1.919009e+03 5.815292e-05 1.989851e+04 0.000000e+00 0.000000e+00 0.000000e+00 0.000000e+00 0.000000e+00 0.000000e+00 0.000000e+00 7.900000e-01 0.000000e+00 2.100000e-01 0.000000e+00 0.000000e+00
2.764646e-01 3.870822e-02 1.919009e+03 5.815292e-05 1.989851e+04 0.000000e+00 0.000000e+00 0.000000e+00 0.000000e+00 0.000000e+00 0.000000e+00 0.000000e+00 7.900000e-01 0.000000e+00 2.100000e-01 0.000000e+00 0.000000e+00
2.796414e-01 3.880693e-02 1.919009e+03 5.815292e-05 1.989851e+04 0.000000e+00 0.000000e+00 0.000000e+00 0.000000e+00 0.000000e+00 0.000000e+00 0.000000e+00 7.900000e-01 0.000000e+00 2.100000e-01 0.000000e+00 0.000000e+00
2.828182e-01 3.890547e-02 1.919009e+03 5.815292e-05 1.989851e+04 0.000000e+00 0.000000e+00 0.000000e+00 0.000000e+00 0.000000e+00 0.000000e+00 0.000000e+00 7.900000e-01 0.000000e+00 2.100000e-01 0.000000e+00 0.000000e+00
2.859949e-01 3.900360e-02 1.919009e+03 5.815292e-05 1.989851e+04 0.000000e+00 0.000000e+00 0.000000e+00 0.000000e+00 0.000000e+00 0.000000e+00 0.000000e+00 7.900000e-01 0.000000e+00 2.100000e-01 0.000000e+00 0.000000e+00
2.891717e-01 3.910152e-02 1.919009e+03 5.815292e-05 1.989851e+04 0.000000e+00 0.000000e+00 0.000000e+00 0.000000e+00 0.000000e+00 0.000000e+00 0.000000e+00 7.900000e-01 0.000000e+00 2.100000e-01 0.000000e+00 0.000000e+00
2.923485e-01 3.919890e-02 1.919009e+03 5.815292e-05 1.989851e+04 0.000000e+00 0.000000e+00 0.000000e+00 0.000000e+00 0.000000e+00 0.000000e+00 0.000000e+00 7.900000e-01 0.000000e+00 2.100000e-01 0.000000e+00 0.000000e+00
2.955253e-01 3.929600e-02 1.919009e+03 5.815292e-05 1.989851e+04 0.000000e+00 0.000000e+00 0.000000e+00 0.000000e+00 0.000000e+00 0.000000e+00 0.000000e+00 7.900000e-01 0.000000e+00 2.100000e-01 0.000000e+00 0.000000e+00
2.987020e-01 3.939304e-02 1.919009e+03 5.815292e-05 1.989851e+04 0.000000e+00 0.000000e+00 0.000000e+00 0.000000e+00 0.000000e+00 0.000000e+00 0.000000e+00 7.900000e-01 0.000000e+00 2.100000e-01 0.000000e+00 0.000000e+00
3.018788e-01 3.948979e-02 1.919009e+03 5.815292e-05 1.989851e+04 0.000000e+00 0.000000e+00 0.000000e+00 0.000000e+00 0.000000e+00 0.000000e+00 0.000000e+00 7.900000e-01 0.000000e+00 2.100000e-01 0.000000e+00 0.000000e+00
3.050556e-01 3.958595e-02 1.919009e+03 5.815292e-05 1.989851e+04 0.000000e+00 0.000000e+00 0.000000e+00 0.000000e+00 0.000000e+00 0.000000e+00 0.000000e+00 7.900000e-01 0.000000e+00 2.100000e-01 0.000000e+00 0.000000e+00
3.082323e-01 3.968182e-02 1.919009e+03 5.815292e-05 1.989851e+04 0.000000e+00 0.000000e+00 0.000000e+00 0.000000e+00 0.000000e+00 0.000000e+00 0.000000e+00 7.900000e-01 0.000000e+00 2.100000e-01 0.000000e+00 0.000000e+00
3.114091e-01 3.977737e-02 1.919009e+03 5.815292e-05 1.989851e+04 0.000000e+00 0.000000e+00 0.000000e+00 0.000000e+00 0.000000e+00 0.000000e+00 0.000000e+00 7.900000e-01 0.000000e+00 2.100000e-01 0.000000e+00 0.000000e+00
3.145859e-01 3.987263e-02 1.919009e+03 5.815292e-05 1.989851e+04 0.000000e+00 0.000000e+00 0.000000e+00 0.000000e+00 0.000000e+00 0.000000e+00 0.000000e+00 7.900000e-01 0.000000e+00 2.100000e-01 0.000000e+00 0.000000e+00
3.177626e-01 3.996759e-02 1.919009e+03 5.815292e-05 1.989851e+04 0.000000e+00 0.000000e+00 0.000000e+00 0.000000e+00 0.000000e+00 0.000000e+00 0.000000e+00 7.900000e-01 0.000000e+00 2.100000e-01 0.000000e+00 0.000000e+00
3.209394e-01 4.006197e-02 1.919009e+03 5.815292e-05 1.989851e+04 0.000000e+00 0.000000e+00 0.000000e+00 0.000000e+00 0.000000e+00 0.000000e+00 0.000000e+00 7.900000e-01 0.000000e+00 2.100000e-01 0.000000e+00 0.000000e+00
3.241162e-01 4.015622e-02 1.919009e+03 5.815292e-05 1.989851e+04 0.000000e+00 0.000000e+00 0.000000e+00 0.000000e+00 0.000000e+00 0.000000e+00 0.000000e+00 7.900000e-01 0.000000e+00 2.100000e-01 0.000000e+00 0.000000e+00
3.272929e-01 4.025015e-02 1.919009e+03 5.815292e-05 1.989851e+04 0.000000e+00 0.000000e+00 0.000000e+00 0.000000e+00 0.000000e+00 0.000000e+00 0.000000e+00 7.900000e-01 0.000000e+00 2.100000e-01 0.000000e+00 0.000000e+00
3.304697e-01 4.034387e-02 1.919009e+03 5.815292e-05 1.989851e+04 0.000000e+00 0.000000e+00 0.000000e+00 0.000000e+00 0.000000e+00 0.000000e+00 0.000000e+00 7.900000e-01 0.000000e+00 2.100000e-01 0.000000e+00 0.000000e+00
3.336465e-01 4.043719e-02 1.919009e+03 5.815292e-05 1.989851e+04 0.000000e+00 0.000000e+00 0.000000e+00 0.000000e+00 0.000000e+00 0.000000e+00 0.000000e+00 7.900000e-01 0.000000e+00 2.100000e-01 0.000000e+00 0.000000e+00
3.368232e-01 4.053022e-02 1.919009e+03 5.815292e-05 1.989851e+04 0.000000e+00 0.000000e+00 0.000000e+00 0.000000e+00 0.000000e+00 0.000000e+00 0.000000e+00 7.900000e-01 0.000000e+00 2.100000e-01 0.000000e+00 0.000000e+00
3.400000e-01 4.062283e-02 1.919009e+03 5.815292e-05 1.989851e+04 0.000000e+00 0.000000e+00 0.000000e+00 0.000000e+00 0.000000e+00 0.000000e+00 0.000000e+00 7.900000e-01 0.000000e+00 2.100000e-01 0.000000e+00 0.000000e+00
