2.500000e-01 5.164386e-01 9.062132e+03 1.983165e-03 5.693666e+03 1.180708e+03 1.000000e+00 0.000000e+00 0.000000e+00 0.000000e+00 0.000000e+00
2.689655e-01 5.203575e-01 8.836921e+03 2.001236e-03 5.702635e+03 1.175867e+03 1.000000e+00 0.000000e+00 0.000000e+00 0.000000e+00 0.000000e+00
2.879310e-01 5.242664e-01 8.793880e+03 2.004942e-03 5.704210e+03 1.175070e+03 1.000000e+00 0.000000e+00 0.000000e+00 0.000000e+00 0.000000e+00
3.068966e-01 5.280628e-01 8.482679e+03 1.957179e-03 5.790058e+03 1.153400e+03 1.000000e+00 0.000000e+00 0.000000e+00 0.000000e+00 0.000000e+00
3.258621e-01 5.318102e-01 8.179327e+03 1.970690e-03 5.816700e+03 1.139240e+03 1.000000e+00 0.000000e+00 0.000000e+00 0.000000e+00 0.000000e+00
3.448276e-01 5.355220e-01 7.988600e+03 1.974674e-03 5.830810e+03 1.114020e+03 1.000000e+00 0.000000e+00 0.000000e+00 0.000000e+00 0.000000e+00
3.637931e-01 5.391460e-01 7.988600e+03 1.974674e-03 5.830810e+03 1.114020e+03 1.000000e+00 0.000000e+00 0.000000e+00 0.000000e+00 0.000000e+00
3.827586e-01 5.427240e-01 7.731100e+03 1.958289e-03 5.845030e+03 1.098380e+03 1.000000e+00 0.000000e+00 0.000000e+00 0.000000e+00 0.000000e+00
4.017241e-01 5.462663e-01 7.534259e+03 1.944815e-03 5.840351e+03 1.083361e+03 1.000000e+00 0.000000e+00 0.000000e+00 0.000000e+00 0.000000e+00
4.206897e-01 5.497789e-01 7.490470e+03 1.941818e-03 5.839310e+03 1.080020e+03 1.000000e+00 0.000000e+00 0.000000e+00 0.000000e+00 0.000000e+00
4.396552e-01 5.531818e-01 7.340999e+03 1.929772e-03 5.923285e+03 1.068500e+03 1.000000e+00 0.000000e+00 0.000000e+00 0.000000e+00 0.000000e+00
4.586207e-01 5.565946e-01 7.159230e+03 1.925340e-03 5.929170e+03 1.064440e+03 1.000000e+00 0.000000e+00 0.000000e+00 0.000000e+00 0.000000e+00
4.775862e-01 5.599731e-01 7.124804e+03 1.922415e-03 5.930244e+03 1.055217e+03 1.000000e+00 0.000000e+00 0.000000e+00 0.000000e+00 0.000000e+00
4.965517e-01 5.632376e-01 6.939749e+03 1.909220e-03 5.938461e+03 1.013558e+03 1.000000e+00 0.000000e+00 0.000000e+00 0.000000e+00 0.000000e+00
5.155172e-01 5.664386e-01 6.814850e+03 1.903980e-03 5.947550e+03 9.969100e+02 1.000000e+00 0.000000e+00 0.000000e+00 0.000000e+00 0.000000e+00
5.344828e-01 5.695954e-01 6.640580e+03 1.870600e-03 5.959700e+03 9.830630e+02 1.000000e+00 0.000000e+00 0.000000e+00 0.000000e+00 0.000000e+00
5.534483e-01 5.727187e-01 6.497470e+03 1.864225e-03 5.968830e+03 9.490740e+02 1.000000e+00 0.000000e+00 0.000000e+00 0.000000e+00 0.000000e+00
5.724138e-01 5.757325e-01 6.485372e+03 1.862389e-03 5.968889e+03 9.478427e+02 1.000000e+00 0.000000e+00 0.000000e+00 0.000000e+00 0.000000e+00
5.913793e-01 5.787251e-01 6.335534e+03 1.841702e-03 5.978061e+03 9.368277e+02 1.000000e+00 0.000000e+00 0.000000e+00 0.000000e+00 0.000000e+00
6.103448e-01 5.817349e-01 6.319209e+03 1.855525e-03 6.028644e+03 9.571589e+02 1.000000e+00 0.000000e+00 0.000000e+00 0.000000e+00 0.000000e+00
6.293103e-01 5.846939e-01 6.151746e+03 1.829915e-03 6.034850e+03 9.257614e+02 1.000000e+00 0.000000e+00 0.000000e+00 0.000000e+00 0.000000e+00
6.482759e-01 5.875869e-01 6.105630e+03 1.819827e-03 6.039940e+03 9.173650e+02 1.000000e+00 0.000000e+00 0.000000e+00 0.000000e+00 0.000000e+00
6.672414e-01 5.904448e-01 5.996226e+03 1.814699e-03 6.050909e+03 9.039761e+02 1.000000e+00 0.000000e+00 0.000000e+00 0.000000e+00 0.000000e+00
6.862069e-01 5.932575e-01 5.898227e+03 1.805169e-03 6.053509e+03 8.829770e+02 1.000000e+00 0.000000e+00 0.000000e+00 0.000000e+00 0.000000e+00
7.051724e-01 5.960206e-01 5.886980e+03 1.803927e-03 6.053590e+03 8.802960e+02 1.000000e+00 0.000000e+00 0.000000e+00 0.000000e+00 0.000000e+00
7.241379e-01 5.987235e-01 5.798279e+03 1.789766e-03 6.051416e+03 8.598966e+02 1.000000e+00 0.000000e+00 0.000000e+00 0.000000e+00 0.000000e+00
7.431034e-01 6.013854e-01 5.704160e+03 1.752636e-03 6.057890e+03 8.375380e+02 1.000000e+00 0.000000e+00 0.000000e+00 0.000000e+00 0.000000e+00
7.620690e-01 6.039962e-01 5.655579e+03 1.742085e-03 6.065448e+03 8.261960e+02 1.000000e+00 0.000000e+00 0.000000e+00 0.000000e+00 0.000000e+00
7.810345e-01 6.066292e-01 5.616425e+03 1.773844e-03 6.106666e+03 8.609149e+02 1.000000e+00 0.000000e+00 0.000000e+00 0.000000e+00 0.000000e+00
8.000000e-01 6.092629e-01 5.495510e+03 1.751582e-03 6.120400e+03 8.400870e+02 1.000000e+00 0.000000e+00 0.000000e+00 0.000000e+00 0.000000e+00
