2.500000e-01 6.412815e-02 7.896232e+03 3.259870e-04 2.394366e+03 -1.173471e+03 1.000000e+00 0.000000e+00 0.000000e+00 0.000000e+00 0.000000e+00
2.689655e-01 5.554142e-02 8.344950e+03 3.687840e-04 2.575840e+03 -1.117030e+03 1.000000e+00 0.000000e+00 0.000000e+00 0.000000e+00 0.000000e+00
2.879310e-01 4.835798e-02 8.906580e+03 3.544158e-04 2.427610e+03 -8.342270e+02 1.000000e+00 0.000000e+00 0.000000e+00 0.000000e+00 0.000000e+00
3.068966e-01 4.270045e-02 9.089481e+03 3.979515e-04 2.601932e+03 -6.607031e+02 1.000000e+00 0.000000e+00 0.000000e+00 0.000000e+00 0.000000e+00
3.258621e-01 3.832202e-02 9.540060e+03 3.779794e-04 2.688950e+03 -4.893150e+02 1.000000e+00 0.000000e+00 0.000000e+00 0.000000e+00 0.000000e+00
3.448276e-01 3.488223e-02 9.605740e+03 4.459890e-04 2.738470e+03 -4.513120e+02 1.000000e+00 0.000000e+00 0.000000e+00 0.000000e+00 0.000000e+00
3.637931e-01 3.201804e-02 9.546990e+03 4.352612e-04 2.806680e+03 -3.765240e+02 1.000000e+00 0.000000e+00 0.000000e+00 0.000000e+00 0.000000e+00
3.827586e-01 2.947405e-02 9.299970e+03 4.597827e-04 2.909920e+03 -3.450400e+02 1.000000e+00 0.000000e+00 0.000000e+00 0.000000e+00 0.000000e+00
4.017241e-01 2.727659e-02 9.398632e+03 4.570483e-04 3.002871e+03 -3.226012e+02 1.000000e+00 0.000000e+00 0.000000e+00 0.000000e+00 0.000000e+00
4.206897e-01 2.592044e-02 9.531711e+03 4.852799e-04 3.039872e+03 -9.243270e+01 1.000000e+00 0.000000e+00 0.000000e+00 0.000000e+00 0.000000e+00
4.396552e-01 2.540659e-02 9.553470e+03 4.940747e-04 3.047230e+03 -7.711260e+01 1.000000e+00 0.000000e+00 0.000000e+00 0.000000e+00 0.000000e+00
4.586207e-01 2.488234e-02 9.561274e+03 4.987277e-04 3.169225e+03 -9.294981e+01 1.000000e+00 0.000000e+00 0.000000e+00 0.000000e+00 0.000000e+00
4.775862e-01 2.432679e-02 9.513530e+03 5.076767e-04 3.277930e+03 -8.754750e+01 1.000000e+00 0.000000e+00 0.000000e+00 0.000000e+00 0.000000e+00
4.965517e-01 2.382023e-02 9.513530e+03 5.076767e-04 3.277930e+03 -8.754750e+01 1.000000e+00 0.000000e+00 0.000000e+00 0.000000e+00 0.000000e+00
5.155172e-01 2.327442e-02 9.333050e+03 5.277445e-04 3.327430e+03 -9.732020e+01 1.000000e+00 0.000000e+00 0.000000e+00 0.000000e+00 0.000000e+00
5.344828e-01 2.271831e-02 9.226250e+03 5.351680e-04 3.407030e+03 -1.002390e+02 1.000000e+00 0.000000e+00 0.000000e+00 0.000000e+00 0.000000e+00
5.534483e-01 2.217169e-02 9.185310e+03 5.484344e-04 3.473430e+03 -5.277440e+01 1.000000e+00 0.000000e+00 0.000000e+00 0.000000e+00 0.000000e+00
5.724138e-01 2.188358e-02 9.185310e+03 5.484344e-04 3.473430e+03 -5.277440e+01 1.000000e+00 0.000000e+00 0.000000e+00 0.000000e+00 0.000000e+00
5.913793e-01 2.162526e-02 9.001420e+03 5.561936e-04 3.548490e+03 -4.539450e+01 1.000000e+00 0.000000e+00 0.000000e+00 0.000000e+00 0.000000e+00
6.103448e-01 2.134894e-02 8.872810e+03 5.596418e-04 3.606400e+03 -7.010520e+01 1.000000e+00 0.000000e+00 0.000000e+00 0.000000e+00 0.000000e+00
6.293103e-01 2.098028e-02 8.872810e+03 5.596418e-04 3.606400e+03 -7.010520e+01 1.000000e+00 0.000000e+00 0.000000e+00 0.000000e+00 0.000000e+00
6.482759e-01 2.074716e-02 8.772640e+03 5.719503e-04 3.662070e+03 -4.151500e+01 1.000000e+00 0.000000e+00 0.000000e+00 0.000000e+00 0.000000e+00
6.672414e-01 2.054740e-02 8.718950e+03 5.840677e-04 3.710670e+03 -3.607680e+01 1.000000e+00 0.000000e+00 0.000000e+00 0.000000e+00 0.000000e+00
6.862069e-01 2.034249e-02 8.693068e+03 5.858966e-04 3.747303e+03 -4.599180e+01 1.000000e+00 0.000000e+00 0.000000e+00 0.000000e+00 0.000000e+00
7.051724e-01 2.009148e-02 8.650720e+03 5.915779e-04 3.788875e+03 -5.255459e+01 1.000000e+00 0.000000e+00 0.000000e+00 0.000000e+00 0.000000e+00
7.241379e-01 1.982841e-02 8.638350e+03 5.937905e-04 3.797240e+03 -5.248460e+01 1.000000e+00 0.000000e+00 0.000000e+00 0.000000e+00 0.000000e+00
7.431034e-01 1.965170e-02 8.526940e+03 5.937420e-04 3.855560e+03 -6.535740e-01 1.000000e+00 0.000000e+00 0.000000e+00 0.000000e+00 0.000000e+00
7.620690e-01 1.964847e-02 8.526940e+03 5.937420e-04 3.855560e+03 -6.535740e-01 1.000000e+00 0.000000e+00 0.000000e+00 0.000000e+00 0.000000e+00
7.810345e-01 1.952209e-02 8.456100e+03 5.943172e-04 3.903720e+03 -2.750900e+01 1.000000e+00 0.000000e+00 0.000000e+00 0.000000e+00 0.000000e+00
8.000000e-01 1.939439e-02 8.283420e+03 5.923052e-04 3.982590e+03 -2.582640e+01 1.000000e+00 0.000000e+00 0.000000e+00 0.000000e+00 0.000000e+00
