2.500000e-01 6.963603e-01 7.290080e+03 1.526141e-03 6.306390e+03 8.388680e+02 1.000000e+00 0.000000e+00 0.000000e+00 0.000000e+00 0.000000e+00
2.689655e-01 6.989111e-01 7.247320e+03 1.557325e-03 6.310540e+03 8.697200e+02 1.000000e+00 0.000000e+00 0.000000e+00 0.000000e+00 0.000000e+00
2.879310e-01 7.015396e-01 7.273468e+03 1.572682e-03 6.295624e+03 8.807007e+02 1.000000e+00 0.000000e+00 0.000000e+00 0.000000e+00 0.000000e+00
3.068966e-01 7.042236e-01 7.306030e+03 1.591807e-03 6.277050e+03 8.943750e+02 1.000000e+00 0.000000e+00 0.000000e+00 0.000000e+00 0.000000e+00
3.258621e-01 7.069424e-01 7.250582e+03 1.605623e-03 6.262659e+03 8.985304e+02 1.000000e+00 0.000000e+00 0.000000e+00 0.000000e+00 0.000000e+00
3.448276e-01 7.097100e-01 6.972872e+03 1.590221e-03 6.304166e+03 8.823416e+02 1.000000e+00 0.000000e+00 0.000000e+00 0.000000e+00 0.000000e+00
3.637931e-01 7.123821e-01 6.871673e+03 1.600357e-03 6.316683e+03 9.006399e+02 1.000000e+00 0.000000e+00 0.000000e+00 0.000000e+00 0.000000e+00
3.827586e-01 7.150872e-01 6.881180e+03 1.609863e-03 6.311300e+03 9.126800e+02 1.000000e+00 0.000000e+00 0.000000e+00 0.000000e+00 0.000000e+00
4.017241e-01 7.178607e-01 6.880563e+03 1.638658e-03 6.285408e+03 9.328399e+02 1.000000e+00 0.000000e+00 0.000000e+00 0.000000e+00 0.000000e+00
4.206897e-01 7.206817e-01 6.798190e+03 1.658626e-03 6.279686e+03 9.482007e+02 1.000000e+00 0.000000e+00 0.000000e+00 0.000000e+00 0.000000e+00
4.396552e-01 7.235450e-01 6.790680e+03 1.660052e-03 6.279520e+03 9.493250e+02 1.000000e+00 0.000000e+00 0.000000e+00 0.000000e+00 0.000000e+00
4.586207e-01 7.264196e-01 6.652708e+03 1.677056e-03 6.286141e+03 9.550393e+02 1.000000e+00 0.000000e+00 0.000000e+00 0.000000e+00 0.000000e+00
4.775862e-01 7.293198e-01 6.591890e+03 1.691429e-03 6.295100e+03 9.783330e+02 1.000000e+00 0.000000e+00 0.000000e+00 0.000000e+00 0.000000e+00
4.965517e-01 7.322674e-01 6.591890e+03 1.691429e-03 6.295100e+03 9.783330e+02 1.000000e+00 0.000000e+00 0.000000e+00 0.000000e+00 0.000000e+00
5.155172e-01 7.352606e-01 6.543060e+03 1.721983e-03 6.266150e+03 9.924230e+02 1.000000e+00 0.000000e+00 0.000000e+00 0.000000e+00 0.000000e+00
5.344828e-01 7.382023e-01 6.296730e+03 1.689605e-03 6.332900e+03 9.593150e+02 1.000000e+00 0.000000e+00 0.000000e+00 0.000000e+00 0.000000e+00
5.534483e-01 7.410761e-01 6.187800e+03 1.704550e-03 6.320880e+03 9.664050e+02 1.000000e+00 0.000000e+00 0.000000e+00 0.000000e+00 0.000000e+00
5.724138e-01 7.439774e-01 6.183978e+03 1.705583e-03 6.320506e+03 9.670299e+02 1.000000e+00 0.000000e+00 0.000000e+00 0.000000e+00 0.000000e+00
5.913793e-01 7.468941e-01 6.122324e+03 1.722771e-03 6.315037e+03 9.759313e+02 1.000000e+00 0.000000e+00 0.000000e+00 0.000000e+00 0.000000e+00
6.103448e-01 7.498251e-01 6.055280e+03 1.745784e-03 6.313700e+03 9.758870e+02 1.000000e+00 0.000000e+00 0.000000e+00 0.000000e+00 0.000000e+00
6.293103e-01 7.527563e-01 6.043108e+03 1.748517e-03 6.312273e+03 9.757338e+02 1.000000e+00 0.000000e+00 0.000000e+00 0.000000e+00 0.000000e+00
6.482759e-01 7.556915e-01 5.966972e+03 1.764402e-03 6.305046e+03 9.776197e+02 1.000000e+00 0.000000e+00 0.000000e+00 0.000000e+00 0.000000e+00
6.672414e-01 7.586426e-01 5.916270e+03 1.770640e-03 6.306300e+03 9.890500e+02 1.000000e+00 0.000000e+00 0.000000e+00 0.000000e+00 0.000000e+00
6.862069e-01 7.616093e-01 5.868756e+03 1.765547e-03 6.317188e+03 9.814898e+02 1.000000e+00 0.000000e+00 0.000000e+00 0.000000e+00 0.000000e+00
7.051724e-01 7.645320e-01 5.703387e+03 1.753631e-03 6.352341e+03 9.602021e+02 1.000000e+00 0.000000e+00 0.000000e+00 0.000000e+00 0.000000e+00
7.241379e-01 7.674003e-01 5.638990e+03 1.761300e-03 6.360220e+03 9.625600e+02 1.000000e+00 0.000000e+00 0.000000e+00 0.000000e+00 0.000000e+00
7.431034e-01 7.702736e-01 5.605860e+03 1.763176e-03 6.356608e+03 9.633077e+02 1.000000e+00 0.000000e+00 0.000000e+00 0.000000e+00 0.000000e+00
7.620690e-01 7.731469e-01 5.500514e+03 1.771686e-03 6.353247e+03 9.601629e+02 1.000000e+00 0.000000e+00 0.000000e+00 0.000000e+00 0.000000e+00
7.810345e-01 7.760028e-01 5.415943e+03 1.782584e-03 6.358285e+03 9.553189e+02 1.000000e+00 0.000000e+00 0.000000e+00 0.000000e+00 0.000000e+00
8.000000e-01 7.788563e-01 5.395910e+03 1.786494e-03 6.357350e+03 9.591840e+02 1.000000e+00 0.000000e+00 0.000000e+00 0.000000e+00 0.000000e+00
