2.500000e-01 4.247599e-01 8.842610e+03 2.111503e-03 5.438220e+03 1.151400e+03 1.000000e+00 0.000000e+00 0.000000e+00 0.000000e+00 0.000000e+00
2.689655e-01 4.287099e-01 8.690791e+03 2.097585e-03 5.452305e+03 1.132589e+03 1.000000e+00 0.000000e+00 0.000000e+00 0.000000e+00 0.000000e+00
2.879310e-01 4.324959e-01 8.337204e+03 2.060619e-03 5.492022e+03 1.077259e+03 1.000000e+00 0.000000e+00 0.000000e+00 0.000000e+00 0.000000e+00
3.068966e-01 4.361460e-01 8.012215e+03 2.007739e-03 5.526550e+03 1.018370e+03 1.000000e+00 0.000000e+00 0.000000e+00 0.000000e+00 0.000000e+00
3.258621e-01 4.396372e-01 7.829650e+03 1.971987e-03 5.538510e+03 9.915460e+02 1.000000e+00 0.000000e+00 0.000000e+00 0.000000e+00 0.000000e+00
3.448276e-01 4.429839e-01 7.717374e+03 1.949702e-03 5.555067e+03 9.649971e+02 1.000000e+00 0.000000e+00 0.000000e+00 0.000000e+00 0.000000e+00
3.637931e-01 4.462041e-01 7.571942e+03 1.944941e-03 5.612200e+03 9.567501e+02 1.000000e+00 0.000000e+00 0.000000e+00 0.000000e+00 0.000000e+00
3.827586e-01 4.494151e-01 7.534110e+03 1.954846e-03 5.643560e+03 9.666900e+02 1.000000e+00 0.000000e+00 0.000000e+00 0.000000e+00 0.000000e+00
4.017241e-01 4.525589e-01 7.382731e+03 1.920828e-03 5.657091e+03 9.331136e+02 1.000000e+00 0.000000e+00 0.000000e+00 0.000000e+00 0.000000e+00
4.206897e-01 4.556011e-01 7.144462e+03 1.877793e-03 5.682485e+03 8.889012e+02 1.000000e+00 0.000000e+00 0.000000e+00 0.000000e+00 0.000000e+00
4.396552e-01 4.585538e-01 7.071020e+03 1.866242e-03 5.690980e+03 8.766820e+02 1.000000e+00 0.000000e+00 0.000000e+00 0.000000e+00 0.000000e+00
4.586207e-01 4.613994e-01 6.940002e+03 1.831634e-03 5.703576e+03 8.526668e+02 1.000000e+00 0.000000e+00 0.000000e+00 0.000000e+00 0.000000e+00
4.775862e-01 4.641516e-01 6.782164e+03 1.786289e-03 5.710530e+03 8.096200e+02 1.000000e+00 0.000000e+00 0.000000e+00 0.000000e+00 0.000000e+00
4.965517e-01 4.668224e-01 6.748960e+03 1.776437e-03 5.711290e+03 7.993580e+02 1.000000e+00 0.000000e+00 0.000000e+00 0.000000e+00 0.000000e+00
5.155172e-01 4.693713e-01 6.603630e+03 1.749472e-03 5.723690e+03 7.623460e+02 1.000000e+00 0.000000e+00 0.000000e+00 0.000000e+00 0.000000e+00
5.344828e-01 4.718510e-01 6.465350e+03 1.717956e-03 5.738550e+03 7.311640e+02 1.000000e+00 0.000000e+00 0.000000e+00 0.000000e+00 0.000000e+00
5.534483e-01 4.742924e-01 6.468091e+03 1.768741e-03 5.791423e+03 7.932043e+02 1.000000e+00 0.000000e+00 0.000000e+00 0.000000e+00 0.000000e+00
5.724138e-01 4.767955e-01 6.320162e+03 1.738410e-03 5.803729e+03 7.562617e+02 1.000000e+00 0.000000e+00 0.000000e+00 0.000000e+00 0.000000e+00
5.913793e-01 4.792375e-01 6.242730e+03 1.718626e-03 5.818900e+03 7.287090e+02 1.000000e+00 0.000000e+00 0.000000e+00 0.000000e+00 0.000000e+00
6.103448e-01 4.815880e-01 6.212202e+03 1.709219e-03 5.821626e+03 7.204864e+02 1.000000e+00 0.000000e+00 0.000000e+00 0.000000e+00 0.000000e+00
6.293103e-01 4.838553e-01 6.110355e+03 1.671866e-03 5.832191e+03 6.881367e+02 1.000000e+00 0.000000e+00 0.000000e+00 0.000000e+00 0.000000e+00
6.482759e-01 4.860361e-01 6.009010e+03 1.629718e-03 5.841282e+03 6.502635e+02 1.000000e+00 0.000000e+00 0.000000e+00 0.000000e+00 0.000000e+00
6.672414e-01 4.881284e-01 5.942530e+03 1.611395e-03 5.841900e+03 6.312790e+02 1.000000e+00 0.000000e+00 0.000000e+00 0.000000e+00 0.000000e+00
6.862069e-01 4.901696e-01 5.910680e+03 1.591137e-03 5.850570e+03 6.081600e+02 1.000000e+00 0.000000e+00 0.000000e+00 0.000000e+00 0.000000e+00
7.051724e-01 4.921408e-01 5.910680e+03 1.591137e-03 5.850570e+03 6.081600e+02 1.000000e+00 0.000000e+00 0.000000e+00 0.000000e+00 0.000000e+00
7.241379e-01 4.940679e-01 5.794960e+03 1.562639e-03 5.850060e+03 5.888610e+02 1.000000e+00 0.000000e+00 0.000000e+00 0.000000e+00 0.000000e+00
7.431034e-01 4.959457e-01 5.692360e+03 1.521498e-03 5.854670e+03 5.605890e+02 1.000000e+00 0.000000e+00 0.000000e+00 0.000000e+00 0.000000e+00
7.620690e-01 4.977616e-01 5.692360e+03 1.521498e-03 5.854670e+03 5.605890e+02 1.000000e+00 0.000000e+00 0.000000e+00 0.000000e+00 0.000000e+00
7.810345e-01 4.995224e-01 5.656920e+03 1.503727e-03 5.863940e+03 5.431360e+02 1.000000e+00 0.000000e+00 0.000000e+00 0.000000e+00 0.000000e+00
8.000000e-01 5.014103e-01 5.577400e+03 1.522121e-03 5.934470e+03 5.974300e+02 1.000000e+00 0.000000e+00 0.000000e+00 0.000000e+00 0.000000e+00
