2.500000e-01 3.293756e-01 8.086917e+03 1.954569e-03 5.132126e+03 7.146614e+02 1.000000e+00 0.000000e+00 0.000000e+00 0.000000e+00 0.000000e+00
2.689655e-01 3.319929e-01 7.896270e+03 1.849287e-03 5.141710e+03 6.390740e+02 1.000000e+00 0.000000e+00 0.000000e+00 0.000000e+00 0.000000e+00
2.879310e-01 3.343009e-01 7.811733e+03 1.818993e-03 5.155991e+03 6.131842e+02 1.000000e+00 0.000000e+00 0.000000e+00 0.000000e+00 0.000000e+00
3.068966e-01 3.364275e-01 7.545266e+03 1.732526e-03 5.194488e+03 5.356185e+02 1.000000e+00 0.000000e+00 0.000000e+00 0.000000e+00 0.000000e+00
3.258621e-01 3.383284e-01 7.367450e+03 1.684430e-03 5.213240e+03 4.881600e+02 1.000000e+00 0.000000e+00 0.000000e+00 0.000000e+00 0.000000e+00
3.448276e-01 3.400339e-01 7.317218e+03 1.655264e-03 5.224221e+03 4.671428e+02 1.000000e+00 0.000000e+00 0.000000e+00 0.000000e+00 0.000000e+00
3.637931e-01 3.416665e-01 7.215557e+03 1.637967e-03 5.288029e+03 4.801744e+02 1.000000e+00 0.000000e+00 0.000000e+00 0.000000e+00 0.000000e+00
3.827586e-01 3.434411e-01 7.176240e+03 1.668961e-03 5.350260e+03 5.353930e+02 1.000000e+00 0.000000e+00 0.000000e+00 0.000000e+00 0.000000e+00
4.017241e-01 3.452487e-01 7.064524e+03 1.636981e-03 5.362850e+03 5.077215e+02 1.000000e+00 0.000000e+00 0.000000e+00 0.000000e+00 0.000000e+00
4.206897e-01 3.469111e-01 6.902695e+03 1.576990e-03 5.389816e+03 4.590857e+02 1.000000e+00 0.000000e+00 0.000000e+00 0.000000e+00 0.000000e+00
4.396552e-01 3.484915e-01 6.802726e+03 1.526731e-03 5.414907e+03 4.128922e+02 1.000000e+00 0.000000e+00 0.000000e+00 0.000000e+00 0.000000e+00
4.586207e-01 3.499360e-01 6.750980e+03 1.504496e-03 5.425480e+03 3.884380e+02 1.000000e+00 0.000000e+00 0.000000e+00 0.000000e+00 0.000000e+00
4.775862e-01 3.512688e-01 6.633703e+03 1.473631e-03 5.429533e+03 3.694874e+02 1.000000e+00 0.000000e+00 0.000000e+00 0.000000e+00 0.000000e+00
4.965517e-01 3.525462e-01 6.596470e+03 1.463833e-03 5.430820e+03 3.634710e+02 1.000000e+00 0.000000e+00 0.000000e+00 0.000000e+00 0.000000e+00
5.155172e-01 3.537269e-01 6.548078e+03 1.432845e-03 5.445990e+03 3.356008e+02 1.000000e+00 0.000000e+00 0.000000e+00 0.000000e+00 0.000000e+00
5.344828e-01 3.548409e-01 6.480720e+03 1.373935e-03 5.455930e+03 3.011030e+02 1.000000e+00 0.000000e+00 0.000000e+00 0.000000e+00 0.000000e+00
5.534483e-01 3.558869e-01 6.393108e+03 1.337739e-03 5.461571e+03 2.658477e+02 1.000000e+00 0.000000e+00 0.000000e+00 0.000000e+00 0.000000e+00
5.724138e-01 3.568094e-01 6.392235e+03 1.336498e-03 5.461768e+03 2.649513e+02 1.000000e+00 0.000000e+00 0.000000e+00 0.000000e+00 0.000000e+00
5.913793e-01 3.576791e-01 6.401870e+03 1.297019e-03 5.468060e+03 2.419390e+02 1.000000e+00 0.000000e+00 0.000000e+00 0.000000e+00 0.000000e+00
6.103448e-01 3.585044e-01 6.330910e+03 1.277524e-03 5.474360e+03 2.275680e+02 1.000000e+00 0.000000e+00 0.000000e+00 0.000000e+00 0.000000e+00
6.293103e-01 3.592934e-01 6.330910e+03 1.277524e-03 5.474360e+03 2.275680e+02 1.000000e+00 0.000000e+00 0.000000e+00 0.000000e+00 0.000000e+00
6.482759e-01 3.600192e-01 6.283520e+03 1.242465e-03 5.486780e+03 2.077620e+02 1.000000e+00 0.000000e+00 0.000000e+00 0.000000e+00 0.000000e+00
6.672414e-01 3.607154e-01 6.274070e+03 1.209848e-03 5.465480e+03 1.936930e+02 1.000000e+00 0.000000e+00 0.000000e+00 0.000000e+00 0.000000e+00
6.862069e-01 3.613666e-01 6.271398e+03 1.196961e-03 5.478310e+03 1.780429e+02 1.000000e+00 0.000000e+00 0.000000e+00 0.000000e+00 0.000000e+00
7.051724e-01 3.619643e-01 6.269980e+03 1.190120e-03 5.485120e+03 1.697360e+02 1.000000e+00 0.000000e+00 0.000000e+00 0.000000e+00 0.000000e+00
7.241379e-01 3.625189e-01 6.181454e+03 1.168234e-03 5.483063e+03 1.590439e+02 1.000000e+00 0.000000e+00 0.000000e+00 0.000000e+00 0.000000e+00
7.431034e-01 3.630396e-01 6.162990e+03 1.151602e-03 5.479122e+03 1.443263e+02 1.000000e+00 0.000000e+00 0.000000e+00 0.000000e+00 0.000000e+00
7.620690e-01 3.635339e-01 6.116361e+03 1.126013e-03 5.481605e+03 1.418768e+02 1.000000e+00 0.000000e+00 0.000000e+00 0.000000e+00 0.000000e+00
7.810345e-01 3.640250e-01 6.105140e+03 1.120720e-03 5.482380e+03 1.420100e+02 1.000000e+00 0.000000e+00 0.000000e+00 0.000000e+00 0.000000e+00
8.000000e-01 3.644500e-01 6.155669e+03 1.101394e-03 5.481333e+03 1.202650e+02 1.000000e+00 0.000000e+00 0.000000e+00 0.000000e+00 0.000000e+00
