2.500000e-01 5.616312e-01 8.867553e+03 1.849656e-03 5.876833e+03 1.138422e+03 1.000000e+00 0.000000e+00 0.000000e+00 0.000000e+00 0.000000e+00
2.689655e-01 5.653104e-01 8.662096e+03 1.874717e-03 5.871229e+03 1.138918e+03 1.000000e+00 0.000000e+00 0.000000e+00 0.000000e+00 0.000000e+00
2.879310e-01 5.689891e-01 8.408786e+03 1.899553e-03 5.869041e+03 1.135299e+03 1.000000e+00 0.000000e+00 0.000000e+00 0.000000e+00 0.000000e+00
3.068966e-01 5.726577e-01 8.360300e+03 1.903980e-03 5.868850e+03 1.134560e+03 1.000000e+00 0.000000e+00 0.000000e+00 0.000000e+00 0.000000e+00
3.258621e-01 5.763179e-01 8.234223e+03 1.916330e-03 5.872806e+03 1.131155e+03 1.000000e+00 0.000000e+00 0.000000e+00 0.000000e+00 0.000000e+00
3.448276e-01 5.799309e-01 7.879653e+03 1.891907e-03 5.948560e+03 1.101634e+03 1.000000e+00 0.000000e+00 0.000000e+00 0.000000e+00 0.000000e+00
3.637931e-01 5.834404e-01 7.852820e+03 1.889851e-03 5.954520e+03 1.099330e+03 1.000000e+00 0.000000e+00 0.000000e+00 0.000000e+00 0.000000e+00
3.827586e-01 5.869383e-01 7.713182e+03 1.902680e-03 5.960867e+03 1.099510e+03 1.000000e+00 0.000000e+00 0.000000e+00 0.000000e+00 0.000000e+00
4.017241e-01 5.904314e-01 7.576960e+03 1.909917e-03 5.950480e+03 1.091820e+03 1.000000e+00 0.000000e+00 0.000000e+00 0.000000e+00 0.000000e+00
4.206897e-01 5.939114e-01 7.576960e+03 1.909917e-03 5.950480e+03 1.091820e+03 1.000000e+00 0.000000e+00 0.000000e+00 0.000000e+00 0.000000e+00
4.396552e-01 5.973168e-01 7.296498e+03 1.912599e-03 5.978741e+03 1.073201e+03 1.000000e+00 0.000000e+00 0.000000e+00 0.000000e+00 0.000000e+00
4.586207e-01 6.006989e-01 7.166555e+03 1.913091e-03 5.982964e+03 1.059921e+03 1.000000e+00 0.000000e+00 0.000000e+00 0.000000e+00 0.000000e+00
4.775862e-01 6.040507e-01 7.008225e+03 1.916291e-03 5.990632e+03 1.052820e+03 1.000000e+00 0.000000e+00 0.000000e+00 0.000000e+00 0.000000e+00
4.965517e-01 6.073797e-01 6.956973e+03 1.876094e-03 6.040320e+03 1.059416e+03 1.000000e+00 0.000000e+00 0.000000e+00 0.000000e+00 0.000000e+00
5.155172e-01 6.106873e-01 6.816794e+03 1.890664e-03 6.037971e+03 1.046456e+03 1.000000e+00 0.000000e+00 0.000000e+00 0.000000e+00 0.000000e+00
5.344828e-01 6.139647e-01 6.681550e+03 1.894832e-03 6.044000e+03 1.037690e+03 1.000000e+00 0.000000e+00 0.000000e+00 0.000000e+00 0.000000e+00
5.534483e-01 6.172032e-01 6.641045e+03 1.893160e-03 6.047293e+03 1.031694e+03 1.000000e+00 0.000000e+00 0.000000e+00 0.000000e+00 0.000000e+00
5.724138e-01 6.203671e-01 6.457917e+03 1.884737e-03 6.062502e+03 1.005396e+03 1.000000e+00 0.000000e+00 0.000000e+00 0.000000e+00 0.000000e+00
5.913793e-01 6.234965e-01 6.366260e+03 1.878740e-03 6.070780e+03 9.939050e+02 1.000000e+00 0.000000e+00 0.000000e+00 0.000000e+00 0.000000e+00
6.103448e-01 6.265938e-01 6.332450e+03 1.863555e-03 6.074380e+03 9.853090e+02 1.000000e+00 0.000000e+00 0.000000e+00 0.000000e+00 0.000000e+00
6.293103e-01 6.296704e-01 6.332450e+03 1.863555e-03 6.074380e+03 9.853090e+02 1.000000e+00 0.000000e+00 0.000000e+00 0.000000e+00 0.000000e+00
6.482759e-01 6.326828e-01 6.115383e+03 1.857364e-03 6.131489e+03 9.785626e+02 1.000000e+00 0.000000e+00 0.000000e+00 0.000000e+00 0.000000e+00
6.672414e-01 6.357083e-01 5.999540e+03 1.846169e-03 6.145830e+03 9.679310e+02 1.000000e+00 0.000000e+00 0.000000e+00 0.000000e+00 0.000000e+00
6.862069e-01 6.386839e-01 5.970039e+03 1.843441e-03 6.143406e+03 9.597687e+02 1.000000e+00 0.000000e+00 0.000000e+00 0.000000e+00 0.000000e+00
7.051724e-01 6.416302e-01 5.860319e+03 1.834564e-03 6.145875e+03 9.383205e+02 1.000000e+00 0.000000e+00 0.000000e+00 0.000000e+00 0.000000e+00
7.241379e-01 6.445200e-01 5.803850e+03 1.830368e-03 6.150520e+03 9.299000e+02 1.000000e+00 0.000000e+00 0.000000e+00 0.000000e+00 0.000000e+00
7.431034e-01 6.473735e-01 5.766333e+03 1.810070e-03 6.153041e+03 9.207285e+02 1.000000e+00 0.000000e+00 0.000000e+00 0.000000e+00 0.000000e+00
7.620690e-01 6.501906e-01 5.647627e+03 1.798906e-03 6.157326e+03 9.010786e+02 1.000000e+00 0.000000e+00 0.000000e+00 0.000000e+00 0.000000e+00
7.810345e-01 6.529603e-01 5.608500e+03 1.798083e-03 6.158540e+03 8.951060e+02 1.000000e+00 0.000000e+00 0.000000e+00 0.000000e+00 0.000000e+00
8.000000e-01 6.557118e-01 5.575010e+03 1.773373e-03 6.165900e+03 8.932470e+02 1.000000e+00 0.000000e+00 0.000000e+00 0.000000e+00 0.000000e+00
