2.500000e-01 1.970945e-02 9.079578e+03 2.686322e-04 1.959520e+03 -5.097143e+02 1.000000e+00 0.000000e+00 0.000000e+00 0.000000e+00 0.000000e+00
2.689655e-01 1.537314e-02 9.703453e+03 2.965168e-04 2.150112e+03 -4.180910e+02 1.000000e+00 0.000000e+00 0.000000e+00 0.000000e+00 0.000000e+00
2.879310e-01 1.248988e-02 9.942210e+03 3.162923e-04 2.241490e+03 -2.038010e+02 1.000000e+00 0.000000e+00 0.000000e+00 0.000000e+00 0.000000e+00
3.068966e-01 1.119121e-02 9.807337e+03 3.493422e-04 2.445273e+03 -5.871497e+01 1.000000e+00 0.000000e+00 0.000000e+00 0.000000e+00 0.000000e+00
3.258621e-01 1.044451e-02 9.668940e+03 3.712743e-04 2.486080e+03 -1.397720e+02 1.000000e+00 0.000000e+00 0.000000e+00 0.000000e+00 0.000000e+00
3.448276e-01 9.915668e-03 9.543710e+03 4.088233e-04 2.618130e+03 -5.800900e+01 1.000000e+00 0.000000e+00 0.000000e+00 0.000000e+00 0.000000e+00
3.637931e-01 9.427528e-03 9.290320e+03 4.049918e-04 2.721790e+03 -8.201030e+01 1.000000e+00 0.000000e+00 0.000000e+00 0.000000e+00 0.000000e+00
3.827586e-01 8.566891e-03 9.626940e+03 4.618902e-04 2.865460e+03 -1.401630e+02 1.000000e+00 0.000000e+00 0.000000e+00 0.000000e+00 0.000000e+00
4.017241e-01 7.881574e-03 9.741167e+03 4.797158e-04 2.959104e+03 -2.444232e+01 1.000000e+00 0.000000e+00 0.000000e+00 0.000000e+00 0.000000e+00
4.206897e-01 7.734620e-03 9.707782e+03 4.897024e-04 2.996439e+03 -2.620313e+01 1.000000e+00 0.000000e+00 0.000000e+00 0.000000e+00 0.000000e+00
4.396552e-01 7.269839e-03 9.553470e+03 4.940747e-04 3.047230e+03 -7.711260e+01 1.000000e+00 0.000000e+00 0.000000e+00 0.000000e+00 0.000000e+00
4.586207e-01 6.742281e-03 9.563588e+03 4.960409e-04 3.112466e+03 -8.770212e+01 1.000000e+00 0.000000e+00 0.000000e+00 0.000000e+00 0.000000e+00
4.775862e-01 6.198862e-03 9.533048e+03 5.040183e-04 3.233491e+03 -8.975599e+01 1.000000e+00 0.000000e+00 0.000000e+00 0.000000e+00 0.000000e+00
4.965517e-01 5.682297e-03 9.384061e+03 5.220725e-04 3.313439e+03 -9.455802e+01 1.000000e+00 0.000000e+00 0.000000e+00 0.000000e+00 0.000000e+00
5.155172e-01 5.140080e-03 9.333050e+03 5.277445e-04 3.327430e+03 -9.732020e+01 1.000000e+00 0.000000e+00 0.000000e+00 0.000000e+00 0.000000e+00
5.344828e-01 4.584124e-03 9.250281e+03 5.334976e-04 3.389119e+03 -9.958223e+01 1.000000e+00 0.000000e+00 0.000000e+00 0.000000e+00 0.000000e+00
5.534483e-01 4.087314e-03 9.193721e+03 5.457089e-04 3.459788e+03 -6.252586e+01 1.000000e+00 0.000000e+00 0.000000e+00 0.000000e+00 0.000000e+00
5.724138e-01 3.760513e-03 9.185310e+03 5.484344e-04 3.473430e+03 -5.277440e+01 1.000000e+00 0.000000e+00 0.000000e+00 0.000000e+00 0.000000e+00
5.913793e-01 3.505932e-03 9.032085e+03 5.548997e-04 3.535973e+03 -4.662515e+01 1.000000e+00 0.000000e+00 0.000000e+00 0.000000e+00 0.000000e+00
6.103448e-01 3.209928e-03 8.891772e+03 5.591334e-04 3.597862e+03 -6.646198e+01 1.000000e+00 0.000000e+00 0.000000e+00 0.000000e+00 0.000000e+00
6.293103e-01 2.850369e-03 8.785464e+03 5.703745e-04 3.654943e+03 -4.517507e+01 1.000000e+00 0.000000e+00 0.000000e+00 0.000000e+00 0.000000e+00
6.482759e-01 2.616065e-03 8.772640e+03 5.719503e-04 3.662070e+03 -4.151500e+01 1.000000e+00 0.000000e+00 0.000000e+00 0.000000e+00 0.000000e+00
6.672414e-01 2.414719e-03 8.723753e+03 5.829837e-04 3.706322e+03 -3.656331e+01 1.000000e+00 0.000000e+00 0.000000e+00 0.000000e+00 0.000000e+00
6.862069e-01 2.207742e-03 8.678615e+03 5.869179e-04 3.767760e+03 -5.152868e+01 1.000000e+00 0.000000e+00 0.000000e+00 0.000000e+00 0.000000e+00
7.051724e-01 1.946744e-03 8.675570e+03 5.871331e-04 3.772070e+03 -5.269520e+01 1.000000e+00 0.000000e+00 0.000000e+00 0.000000e+00 0.000000e+00
7.241379e-01 1.684203e-03 8.639524e+03 5.935804e-04 3.796446e+03 -5.249124e+01 1.000000e+00 0.000000e+00 0.000000e+00 0.000000e+00 0.000000e+00
7.431034e-01 1.507567e-03 8.526940e+03 5.937420e-04 3.855560e+03 -6.535740e-01 1.000000e+00 0.000000e+00 0.000000e+00 0.000000e+00 0.000000e+00
7.620690e-01 1.504353e-03 8.526940e+03 5.937420e-04 3.855560e+03 -6.535740e-01 1.000000e+00 0.000000e+00 0.000000e+00 0.000000e+00 0.000000e+00
7.810345e-01 1.377893e-03 8.456100e+03 5.943172e-04 3.903720e+03 -2.750900e+01 1.000000e+00 0.000000e+00 0.000000e+00 0.000000e+00 0.000000e+00
8.000000e-01 1.249280e-03 8.289591e+03 5.923771e-04 3.979771e+03 -2.588653e+01 1.000000e+00 0.000000e+00 0.000000e+00 0.000000e+00 0.000000e+00
