2.500000e-01 3.778980e-01 8.526030e+03 2.078409e-03 5.277620e+03 9.714400e+02 1.000000e+00 0.000000e+00 0.000000e+00 0.000000e+00 0.000000e+00
2.689655e-01 3.812609e-01 8.334733e+03 2.041917e-03 5.299703e+03 9.293219e+02 1.000000e+00 0.000000e+00 0.000000e+00 0.000000e+00 0.000000e+00
2.879310e-01 3.844550e-01 8.039085e+03 1.983629e-03 5.339966e+03 8.618174e+02 1.000000e+00 0.000000e+00 0.000000e+00 0.000000e+00 0.000000e+00
3.068966e-01 3.874946e-01 7.964150e+03 1.968591e-03 5.351030e+03 8.443700e+02 1.000000e+00 0.000000e+00 0.000000e+00 0.000000e+00 0.000000e+00
3.258621e-01 3.903627e-01 7.762090e+03 1.890235e-03 5.377620e+03 7.817730e+02 1.000000e+00 0.000000e+00 0.000000e+00 0.000000e+00 0.000000e+00
3.448276e-01 3.930853e-01 7.477950e+03 1.832471e-03 5.403350e+03 7.171730e+02 1.000000e+00 0.000000e+00 0.000000e+00 0.000000e+00 0.000000e+00
3.637931e-01 3.957118e-01 7.436835e+03 1.876318e-03 5.503497e+03 8.341992e+02 1.000000e+00 0.000000e+00 0.000000e+00 0.000000e+00 0.000000e+00
3.827586e-01 3.985175e-01 7.306670e+03 1.839516e-03 5.524210e+03 7.982980e+02 1.000000e+00 0.000000e+00 0.000000e+00 0.000000e+00 0.000000e+00
4.017241e-01 4.011890e-01 7.236581e+03 1.815541e-03 5.533847e+03 7.766426e+02 1.000000e+00 0.000000e+00 0.000000e+00 0.000000e+00 0.000000e+00
4.206897e-01 4.037115e-01 7.066617e+03 1.754394e-03 5.555173e+03 7.256259e+02 1.000000e+00 0.000000e+00 0.000000e+00 0.000000e+00 0.000000e+00
4.396552e-01 4.061222e-01 6.889788e+03 1.701526e-03 5.574571e+03 6.797956e+02 1.000000e+00 0.000000e+00 0.000000e+00 0.000000e+00 0.000000e+00
4.586207e-01 4.084070e-01 6.781130e+03 1.678347e-03 5.586900e+03 6.543810e+02 1.000000e+00 0.000000e+00 0.000000e+00 0.000000e+00 0.000000e+00
4.775862e-01 4.105972e-01 6.675210e+03 1.624755e-03 5.598090e+03 6.108220e+02 1.000000e+00 0.000000e+00 0.000000e+00 0.000000e+00 0.000000e+00
4.965517e-01 4.126662e-01 6.675210e+03 1.624755e-03 5.598090e+03 6.108220e+02 1.000000e+00 0.000000e+00 0.000000e+00 0.000000e+00 0.000000e+00
5.155172e-01 4.145730e-01 6.588490e+03 1.573412e-03 5.618730e+03 5.540860e+02 1.000000e+00 0.000000e+00 0.000000e+00 0.000000e+00 0.000000e+00
5.344828e-01 4.164020e-01 6.519950e+03 1.545684e-03 5.619630e+03 5.254140e+02 1.000000e+00 0.000000e+00 0.000000e+00 0.000000e+00 0.000000e+00
5.534483e-01 4.181701e-01 6.368780e+03 1.493431e-03 5.631830e+03 4.905290e+02 1.000000e+00 0.000000e+00 0.000000e+00 0.000000e+00 0.000000e+00
5.724138e-01 4.198223e-01 6.355983e+03 1.490563e-03 5.635142e+03 4.867217e+02 1.000000e+00 0.000000e+00 0.000000e+00 0.000000e+00 0.000000e+00
5.913793e-01 4.215023e-01 6.245589e+03 1.531116e-03 5.681001e+03 5.239117e+02 1.000000e+00 0.000000e+00 0.000000e+00 0.000000e+00 0.000000e+00
6.103448e-01 4.232750e-01 6.174410e+03 1.539263e-03 5.701104e+03 5.321005e+02 1.000000e+00 0.000000e+00 0.000000e+00 0.000000e+00 0.000000e+00
6.293103e-01 4.250410e-01 6.169720e+03 1.537544e-03 5.701800e+03 5.302440e+02 1.000000e+00 0.000000e+00 0.000000e+00 0.000000e+00 0.000000e+00
6.482759e-01 4.267162e-01 6.086783e+03 1.488401e-03 5.715231e+03 5.012170e+02 1.000000e+00 0.000000e+00 0.000000e+00 0.000000e+00 0.000000e+00
6.672414e-01 4.283474e-01 5.971435e+03 1.451994e-03 5.719562e+03 4.823937e+02 1.000000e+00 0.000000e+00 0.000000e+00 0.000000e+00 0.000000e+00
6.862069e-01 4.299457e-01 5.966810e+03 1.418764e-03 5.727470e+03 4.653030e+02 1.000000e+00 0.000000e+00 0.000000e+00 0.000000e+00 0.000000e+00
7.051724e-01 4.314843e-01 5.960629e+03 1.417541e-03 5.728751e+03 4.636931e+02 1.000000e+00 0.000000e+00 0.000000e+00 0.000000e+00 0.000000e+00
7.241379e-01 4.329790e-01 5.883340e+03 1.402240e-03 5.744770e+03 4.435640e+02 1.000000e+00 0.000000e+00 0.000000e+00 0.000000e+00 0.000000e+00
7.431034e-01 4.344075e-01 5.857630e+03 1.375421e-03 5.730310e+03 4.097200e+02 1.000000e+00 0.000000e+00 0.000000e+00 0.000000e+00 0.000000e+00
7.620690e-01 4.357639e-01 5.857630e+03 1.375421e-03 5.730310e+03 4.097200e+02 1.000000e+00 0.000000e+00 0.000000e+00 0.000000e+00 0.000000e+00
7.810345e-01 4.370537e-01 5.817560e+03 1.351381e-03 5.738520e+03 3.890250e+02 1.000000e+00 0.000000e+00 0.000000e+00 0.000000e+00 0.000000e+00
8.000000e-01 4.382928e-01 5.707090e+03 1.321159e-03 5.737490e+03 3.637640e+02 1.000000e+00 0.000000e+00 0.000000e+00 0.000000e+00 0.000000e+00
