2.500000e-01 1.762956e-01 7.419980e+03 9.631172e-04 4.103219e+03 -6.469381e+02 1.000000e+00 0.000000e+00 0.000000e+00 0.000000e+00 0.000000e+00
2.689655e-01 1.733226e-01 7.360170e+03 9.140065e-04 4.167540e+03 -6.490680e+02 1.000000e+00 0.000000e+00 0.000000e+00 0.000000e+00 0.000000e+00
2.879310e-01 1.702610e-01 7.468032e+03 8.384429e-04 4.078720e+03 -6.928473e+02 1.000000e+00 0.000000e+00 0.000000e+00 0.000000e+00 0.000000e+00
3.068966e-01 1.667056e-01 7.564487e+03 7.959579e-04 4.010307e+03 -7.403303e+02 1.000000e+00 0.000000e+00 0.000000e+00 0.000000e+00 0.000000e+00
3.258621e-01 1.632729e-01 7.603070e+03 7.808651e-04 4.043010e+03 -7.280740e+02 1.000000e+00 0.000000e+00 0.000000e+00 0.000000e+00 0.000000e+00
3.448276e-01 1.599739e-01 7.539197e+03 7.600653e-04 4.134902e+03 -7.019798e+02 1.000000e+00 0.000000e+00 0.000000e+00 0.000000e+00 0.000000e+00
3.637931e-01 1.566460e-01 7.710460e+03 7.002833e-04 3.986300e+03 -7.401278e+02 1.000000e+00 0.000000e+00 0.000000e+00 0.000000e+00 0.000000e+00
3.827586e-01 1.532225e-01 7.954165e+03 7.079652e-04 3.982003e+03 -7.116459e+02 1.000000e+00 0.000000e+00 0.000000e+00 0.000000e+00 0.000000e+00
4.017241e-01 1.498228e-01 7.993800e+03 6.672129e-04 3.969820e+03 -7.070130e+02 1.000000e+00 0.000000e+00 0.000000e+00 0.000000e+00 0.000000e+00
4.206897e-01 1.464924e-01 8.037958e+03 6.677827e-04 3.973461e+03 -6.921178e+02 1.000000e+00 0.000000e+00 0.000000e+00 0.000000e+00 0.000000e+00
4.396552e-01 1.434324e-01 8.217724e+03 6.691042e-04 3.998133e+03 -6.165649e+02 1.000000e+00 0.000000e+00 0.000000e+00 0.000000e+00 0.000000e+00
4.586207e-01 1.405117e-01 8.244330e+03 6.683141e-04 4.011510e+03 -5.906570e+02 1.000000e+00 0.000000e+00 0.000000e+00 0.000000e+00 0.000000e+00
4.775862e-01 1.377586e-01 8.230950e+03 6.697469e-04 4.036350e+03 -5.537360e+02 1.000000e+00 0.000000e+00 0.000000e+00 0.000000e+00 0.000000e+00
4.965517e-01 1.351974e-01 8.234391e+03 6.707946e-04 4.037697e+03 -5.361616e+02 1.000000e+00 0.000000e+00 0.000000e+00 0.000000e+00 0.000000e+00
5.155172e-01 1.328198e-01 8.298033e+03 6.612178e-04 3.995579e+03 -4.720765e+02 1.000000e+00 0.000000e+00 0.000000e+00 0.000000e+00 0.000000e+00
5.344828e-01 1.305854e-01 8.445570e+03 6.246821e-04 3.864760e+03 -4.527200e+02 1.000000e+00 0.000000e+00 0.000000e+00 0.000000e+00 0.000000e+00
5.534483e-01 1.284201e-01 8.453874e+03 6.277530e-04 3.874055e+03 -4.406481e+02 1.000000e+00 0.000000e+00 0.000000e+00 0.000000e+00 0.000000e+00
5.724138e-01 1.264117e-01 8.485951e+03 6.363532e-04 3.912250e+03 -3.992578e+02 1.000000e+00 0.000000e+00 0.000000e+00 0.000000e+00 0.000000e+00
5.913793e-01 1.245239e-01 8.513140e+03 6.400560e-04 3.947150e+03 -3.699350e+02 1.000000e+00 0.000000e+00 0.000000e+00 0.000000e+00 0.000000e+00
6.103448e-01 1.227874e-01 8.482068e+03 6.376464e-04 3.973609e+03 -3.625773e+02 1.000000e+00 0.000000e+00 0.000000e+00 0.000000e+00 0.000000e+00
6.293103e-01 1.211470e-01 8.440661e+03 6.328283e-04 4.032966e+03 -3.418594e+02 1.000000e+00 0.000000e+00 0.000000e+00 0.000000e+00 0.000000e+00
6.482759e-01 1.195756e-01 8.410096e+03 6.321126e-04 4.069827e+03 -3.220252e+02 1.000000e+00 0.000000e+00 0.000000e+00 0.000000e+00 0.000000e+00
6.672414e-01 1.180759e-01 8.355290e+03 6.330636e-04 4.085240e+03 -3.131210e+02 1.000000e+00 0.000000e+00 0.000000e+00 0.000000e+00 0.000000e+00
6.862069e-01 1.166928e-01 8.330547e+03 6.310757e-04 4.100376e+03 -2.830464e+02 1.000000e+00 0.000000e+00 0.000000e+00 0.000000e+00 0.000000e+00
7.051724e-01 1.154564e-01 8.316786e+03 6.328277e-04 4.138422e+03 -2.576987e+02 1.000000e+00 0.000000e+00 0.000000e+00 0.000000e+00 0.000000e+00
7.241379e-01 1.142669e-01 8.327520e+03 6.359850e-04 4.155650e+03 -2.638220e+02 1.000000e+00 0.000000e+00 0.000000e+00 0.000000e+00 0.000000e+00
7.431034e-01 1.130545e-01 8.306681e+03 6.383531e-04 4.186655e+03 -2.696158e+02 1.000000e+00 0.000000e+00 0.000000e+00 0.000000e+00 0.000000e+00
7.620690e-01 1.118279e-01 8.295070e+03 6.396725e-04 4.203930e+03 -2.728440e+02 1.000000e+00 0.000000e+00 0.000000e+00 0.000000e+00 0.000000e+00
7.810345e-01 1.107739e-01 8.224650e+03 6.312433e-04 4.210240e+03 -2.316300e+02 1.000000e+00 0.000000e+00 0.000000e+00 0.000000e+00 0.000000e+00
8.000000e-01 1.097261e-01 8.152200e+03 6.267889e-04 4.240190e+03 -2.349140e+02 1.000000e+00 0.000000e+00 0.000000e+00 0.000000e+00 0.000000e+00
