2.500000e-01 1.209848e-01 7.174830e+03 5.788382e-04 3.429830e+03 -1.163827e+03 1.000000e+00 0.000000e+00 0.000000e+00 0.000000e+00 0.000000e+00
2.689655e-01 1.143102e-01 7.708069e+03 5.318802e-04 3.290617e+03 -1.136317e+03 1.000000e+00 0.000000e+00 0.000000e+00 0.000000e+00 0.000000e+00
2.879310e-01 1.078271e-01 7.565710e+03 5.356470e-04 3.349620e+03 -1.135090e+03 1.000000e+00 0.000000e+00 0.000000e+00 0.000000e+00 0.000000e+00
3.068966e-01 1.016989e-01 8.507590e+03 5.143819e-04 3.226620e+03 -9.804580e+02 1.000000e+00 0.000000e+00 0.000000e+00 0.000000e+00 0.000000e+00
3.258621e-01 9.604342e-02 8.378760e+03 5.159142e-04 3.234270e+03 -9.515770e+02 1.000000e+00 0.000000e+00 0.000000e+00 0.000000e+00 0.000000e+00
3.448276e-01 9.082042e-02 8.655180e+03 4.931168e-04 3.164030e+03 -8.286870e+02 1.000000e+00 0.000000e+00 0.000000e+00 0.000000e+00 0.000000e+00
3.637931e-01 8.596402e-02 8.636630e+03 5.026956e-04 3.248810e+03 -8.084970e+02 1.000000e+00 0.000000e+00 0.000000e+00 0.000000e+00 0.000000e+00
3.827586e-01 8.149186e-02 8.714260e+03 4.919672e-04 3.264110e+03 -6.367590e+02 1.000000e+00 0.000000e+00 0.000000e+00 0.000000e+00 0.000000e+00
4.017241e-01 7.780635e-02 8.914910e+03 4.935002e-04 3.236800e+03 -6.291070e+02 1.000000e+00 0.000000e+00 0.000000e+00 0.000000e+00 0.000000e+00
4.206897e-01 7.464086e-02 9.033054e+03 5.076643e-04 3.287433e+03 -4.922819e+02 1.000000e+00 0.000000e+00 0.000000e+00 0.000000e+00 0.000000e+00
4.396552e-01 7.186363e-02 9.164690e+03 5.151003e-04 3.310140e+03 -4.788390e+02 1.000000e+00 0.000000e+00 0.000000e+00 0.000000e+00 0.000000e+00
4.586207e-01 6.946922e-02 9.013757e+03 5.256434e-04 3.336788e+03 -4.127182e+02 1.000000e+00 0.000000e+00 0.000000e+00 0.000000e+00 0.000000e+00
4.775862e-01 6.725128e-02 8.979038e+03 5.404192e-04 3.440055e+03 -3.624258e+02 1.000000e+00 0.000000e+00 0.000000e+00 0.000000e+00 0.000000e+00
4.965517e-01 6.526068e-02 8.977570e+03 5.416337e-04 3.449060e+03 -3.586240e+02 1.000000e+00 0.000000e+00 0.000000e+00 0.000000e+00 0.000000e+00
5.155172e-01 6.336539e-02 8.949415e+03 5.540861e-04 3.496526e+03 -3.474906e+02 1.000000e+00 0.000000e+00 0.000000e+00 0.000000e+00 0.000000e+00
5.344828e-01 6.157072e-02 8.941231e+03 5.703578e-04 3.565905e+03 -3.201320e+02 1.000000e+00 0.000000e+00 0.000000e+00 0.000000e+00 0.000000e+00
5.534483e-01 5.987193e-02 8.962700e+03 5.736265e-04 3.647050e+03 -2.840990e+02 1.000000e+00 0.000000e+00 0.000000e+00 0.000000e+00 0.000000e+00
5.724138e-01 5.839517e-02 8.957320e+03 5.734220e-04 3.649574e+03 -2.840396e+02 1.000000e+00 0.000000e+00 0.000000e+00 0.000000e+00 0.000000e+00
5.913793e-01 5.694075e-02 8.813001e+03 5.686428e-04 3.720742e+03 -2.800429e+02 1.000000e+00 0.000000e+00 0.000000e+00 0.000000e+00 0.000000e+00
6.103448e-01 5.557896e-02 8.816590e+03 5.802362e-04 3.775080e+03 -2.411350e+02 1.000000e+00 0.000000e+00 0.000000e+00 0.000000e+00 0.000000e+00
6.293103e-01 5.436942e-02 8.813659e+03 5.809438e-04 3.777516e+03 -2.408681e+02 1.000000e+00 0.000000e+00 0.000000e+00 0.000000e+00 0.000000e+00
6.482759e-01 5.317705e-02 8.787630e+03 5.872286e-04 3.799150e+03 -2.384980e+02 1.000000e+00 0.000000e+00 0.000000e+00 0.000000e+00 0.000000e+00
6.672414e-01 5.218273e-02 8.823350e+03 5.773148e-04 3.775500e+03 -1.627750e+02 1.000000e+00 0.000000e+00 0.000000e+00 0.000000e+00 0.000000e+00
6.862069e-01 5.138310e-02 8.704360e+03 5.820080e-04 3.819980e+03 -1.299520e+02 1.000000e+00 0.000000e+00 0.000000e+00 0.000000e+00 0.000000e+00
7.051724e-01 5.073787e-02 8.680032e+03 5.831366e-04 3.826552e+03 -1.245122e+02 1.000000e+00 0.000000e+00 0.000000e+00 0.000000e+00 0.000000e+00
7.241379e-01 5.016560e-02 8.609370e+03 5.864146e-04 3.845640e+03 -1.087120e+02 1.000000e+00 0.000000e+00 0.000000e+00 0.000000e+00 0.000000e+00
7.431034e-01 4.964864e-02 8.573334e+03 5.871533e-04 3.900076e+03 -1.021552e+02 1.000000e+00 0.000000e+00 0.000000e+00 0.000000e+00 0.000000e+00
7.620690e-01 4.916353e-02 8.545193e+03 5.980663e-04 3.951806e+03 -9.757771e+01 1.000000e+00 0.000000e+00 0.000000e+00 0.000000e+00 0.000000e+00
7.810345e-01 4.869662e-02 8.540240e+03 6.021719e-04 3.962860e+03 -9.688670e+01 1.000000e+00 0.000000e+00 0.000000e+00 0.000000e+00 0.000000e+00
8.000000e-01 4.826260e-02 8.463325e+03 6.011166e-04 3.986343e+03 -9.039717e+01 1.000000e+00 0.000000e+00 0.000000e+00 0.000000e+00 0.000000e+00
