2.500000e-01 6.066848e-01 8.379047e+03 1.732449e-03 6.039188e+03 1.041959e+03 1.000000e+00 0.000000e+00 0.000000e+00 0.000000e+00 0.000000e+00
2.689655e-01 6.099432e-01 8.307372e+03 1.726759e-03 6.051792e+03 1.055049e+03 1.000000e+00 0.000000e+00 0.000000e+00 0.000000e+00 0.000000e+00
2.879310e-01 6.132725e-01 8.142581e+03 1.762125e-03 6.046817e+03 1.070013e+03 1.000000e+00 0.000000e+00 0.000000e+00 0.000000e+00 0.000000e+00
3.068966e-01 6.166299e-01 8.095350e+03 1.770116e-03 6.046470e+03 1.071160e+03 1.000000e+00 0.000000e+00 0.000000e+00 0.000000e+00 0.000000e+00
3.258621e-01 6.200109e-01 7.952495e+03 1.801735e-03 6.038002e+03 1.083760e+03 1.000000e+00 0.000000e+00 0.000000e+00 0.000000e+00 0.000000e+00
3.448276e-01 6.234156e-01 7.759552e+03 1.814035e-03 6.038305e+03 1.082977e+03 1.000000e+00 0.000000e+00 0.000000e+00 0.000000e+00 0.000000e+00
3.637931e-01 6.268169e-01 7.738230e+03 1.814899e-03 6.038530e+03 1.082600e+03 1.000000e+00 0.000000e+00 0.000000e+00 0.000000e+00 0.000000e+00
3.827586e-01 6.302758e-01 7.637262e+03 1.829777e-03 6.016062e+03 1.100015e+03 1.000000e+00 0.000000e+00 0.000000e+00 0.000000e+00 0.000000e+00
4.017241e-01 6.336540e-01 7.400106e+03 1.823984e-03 6.105669e+03 1.063608e+03 1.000000e+00 0.000000e+00 0.000000e+00 0.000000e+00 0.000000e+00
4.206897e-01 6.369573e-01 7.396434e+03 1.824603e-03 6.105492e+03 1.063490e+03 1.000000e+00 0.000000e+00 0.000000e+00 0.000000e+00 0.000000e+00
4.396552e-01 6.402818e-01 7.308716e+03 1.847397e-03 6.081477e+03 1.066699e+03 1.000000e+00 0.000000e+00 0.000000e+00 0.000000e+00 0.000000e+00
4.586207e-01 6.436050e-01 7.139637e+03 1.855144e-03 6.081449e+03 1.060953e+03 1.000000e+00 0.000000e+00 0.000000e+00 0.000000e+00 0.000000e+00
4.775862e-01 6.469100e-01 6.908840e+03 1.844305e-03 6.092360e+03 1.032710e+03 1.000000e+00 0.000000e+00 0.000000e+00 0.000000e+00 0.000000e+00
4.965517e-01 6.501250e-01 6.893297e+03 1.846801e-03 6.093494e+03 1.033053e+03 1.000000e+00 0.000000e+00 0.000000e+00 0.000000e+00 0.000000e+00
5.155172e-01 6.533404e-01 6.791861e+03 1.859804e-03 6.101000e+03 1.033955e+03 1.000000e+00 0.000000e+00 0.000000e+00 0.000000e+00 0.000000e+00
5.344828e-01 6.565505e-01 6.664183e+03 1.853361e-03 6.122395e+03 1.026332e+03 1.000000e+00 0.000000e+00 0.000000e+00 0.000000e+00 0.000000e+00
5.534483e-01 6.597165e-01 6.539831e+03 1.840022e-03 6.150531e+03 1.014124e+03 1.000000e+00 0.000000e+00 0.000000e+00 0.000000e+00 0.000000e+00
5.724138e-01 6.628422e-01 6.523030e+03 1.841811e-03 6.149530e+03 1.013280e+03 1.000000e+00 0.000000e+00 0.000000e+00 0.000000e+00 0.000000e+00
5.913793e-01 6.659742e-01 6.410972e+03 1.843912e-03 6.154345e+03 1.016555e+03 1.000000e+00 0.000000e+00 0.000000e+00 0.000000e+00 0.000000e+00
6.103448e-01 6.690950e-01 6.254628e+03 1.845051e-03 6.168363e+03 1.004331e+03 1.000000e+00 0.000000e+00 0.000000e+00 0.000000e+00 0.000000e+00
6.293103e-01 6.721818e-01 6.243490e+03 1.845121e-03 6.169410e+03 1.003350e+03 1.000000e+00 0.000000e+00 0.000000e+00 0.000000e+00 0.000000e+00
6.482759e-01 6.752081e-01 6.081994e+03 1.833757e-03 6.178998e+03 9.834338e+02 1.000000e+00 0.000000e+00 0.000000e+00 0.000000e+00 0.000000e+00
6.672414e-01 6.782367e-01 6.015358e+03 1.841670e-03 6.168143e+03 9.882922e+02 1.000000e+00 0.000000e+00 0.000000e+00 0.000000e+00 0.000000e+00
6.862069e-01 6.812757e-01 5.935830e+03 1.845545e-03 6.176580e+03 9.856530e+02 1.000000e+00 0.000000e+00 0.000000e+00 0.000000e+00 0.000000e+00
7.051724e-01 6.842984e-01 5.925103e+03 1.843995e-03 6.180906e+03 9.850259e+02 1.000000e+00 0.000000e+00 0.000000e+00 0.000000e+00 0.000000e+00
7.241379e-01 6.872847e-01 5.801915e+03 1.827115e-03 6.225049e+03 9.759751e+02 1.000000e+00 0.000000e+00 0.000000e+00 0.000000e+00 0.000000e+00
7.431034e-01 6.902508e-01 5.718390e+03 1.820836e-03 6.223910e+03 9.594600e+02 1.000000e+00 0.000000e+00 0.000000e+00 0.000000e+00 0.000000e+00
7.620690e-01 6.931693e-01 5.693375e+03 1.821924e-03 6.225339e+03 9.557872e+02 1.000000e+00 0.000000e+00 0.000000e+00 0.000000e+00 0.000000e+00
7.810345e-01 6.960639e-01 5.607829e+03 1.821159e-03 6.232887e+03 9.449134e+02 1.000000e+00 0.000000e+00 0.000000e+00 0.000000e+00 0.000000e+00
8.000000e-01 6.989334e-01 5.551890e+03 1.814660e-03 6.241380e+03 9.400570e+02 1.000000e+00 0.000000e+00 0.000000e+00 0.000000e+00 0.000000e+00
