2.500000e-01 2.296889e-01 7.677388e+03 1.335352e-03 4.619826e+03 -7.578097e+01 1.000000e+00 0.000000e+00 0.000000e+00 0.000000e+00 0.000000e+00
2.689655e-01 2.292504e-01 7.619630e+03 1.279348e-03 4.631760e+03 -1.233610e+02 1.000000e+00 0.000000e+00 0.000000e+00 0.000000e+00 0.000000e+00
2.879310e-01 2.286813e-01 7.473000e+03 1.240455e-03 4.692230e+03 -1.508270e+02 1.000000e+00 0.000000e+00 0.000000e+00 0.000000e+00 0.000000e+00
3.068966e-01 2.279035e-01 7.382870e+03 1.184563e-03 4.678084e+03 -2.155184e+02 1.000000e+00 0.000000e+00 0.000000e+00 0.000000e+00 0.000000e+00
3.258621e-01 2.269946e-01 7.307790e+03 1.159228e-03 4.705840e+03 -2.304790e+02 1.000000e+00 0.000000e+00 0.000000e+00 0.000000e+00 0.000000e+00
3.448276e-01 2.261209e-01 7.295770e+03 1.064442e-03 4.684750e+03 -2.924400e+02 1.000000e+00 0.000000e+00 0.000000e+00 0.000000e+00 0.000000e+00
3.637931e-01 2.249374e-01 7.295770e+03 1.064442e-03 4.684750e+03 -2.924400e+02 1.000000e+00 0.000000e+00 0.000000e+00 0.000000e+00 0.000000e+00
3.827586e-01 2.237068e-01 7.333820e+03 1.025456e-03 4.719920e+03 -3.101560e+02 1.000000e+00 0.000000e+00 0.000000e+00 0.000000e+00 0.000000e+00
4.017241e-01 2.224707e-01 7.359410e+03 9.885806e-04 4.732700e+03 -3.040410e+02 1.000000e+00 0.000000e+00 0.000000e+00 0.000000e+00 0.000000e+00
4.206897e-01 2.212496e-01 7.369624e+03 9.793953e-04 4.735441e+03 -3.054804e+02 1.000000e+00 0.000000e+00 0.000000e+00 0.000000e+00 0.000000e+00
4.396552e-01 2.200191e-01 7.343801e+03 9.522352e-04 4.756516e+03 -3.110029e+02 1.000000e+00 0.000000e+00 0.000000e+00 0.000000e+00 0.000000e+00
4.586207e-01 2.187752e-01 7.281460e+03 9.340265e-04 4.781070e+03 -3.157230e+02 1.000000e+00 0.000000e+00 0.000000e+00 0.000000e+00 0.000000e+00
4.775862e-01 2.175207e-01 7.294392e+03 9.251009e-04 4.784820e+03 -3.166264e+02 1.000000e+00 0.000000e+00 0.000000e+00 0.000000e+00 0.000000e+00
4.965517e-01 2.162699e-01 7.315224e+03 9.083142e-04 4.782546e+03 -3.112966e+02 1.000000e+00 0.000000e+00 0.000000e+00 0.000000e+00 0.000000e+00
5.155172e-01 2.150436e-01 7.320710e+03 9.017942e-04 4.774700e+03 -3.039800e+02 1.000000e+00 0.000000e+00 0.000000e+00 0.000000e+00 0.000000e+00
5.344828e-01 2.138688e-01 7.400071e+03 8.985643e-04 4.778706e+03 -2.948336e+02 1.000000e+00 0.000000e+00 0.000000e+00 0.000000e+00 0.000000e+00
5.534483e-01 2.127267e-01 7.388782e+03 8.868374e-04 4.799558e+03 -2.893113e+02 1.000000e+00 0.000000e+00 0.000000e+00 0.000000e+00 0.000000e+00
5.724138e-01 2.115797e-01 7.362114e+03 8.690932e-04 4.810167e+03 -2.781303e+02 1.000000e+00 0.000000e+00 0.000000e+00 0.000000e+00 0.000000e+00
5.913793e-01 2.104781e-01 7.690230e+03 7.902979e-04 4.579390e+03 -3.305270e+02 1.000000e+00 0.000000e+00 0.000000e+00 0.000000e+00 0.000000e+00
6.103448e-01 2.091193e-01 7.711190e+03 7.837838e-04 4.594720e+03 -3.226490e+02 1.000000e+00 0.000000e+00 0.000000e+00 0.000000e+00 0.000000e+00
6.293103e-01 2.077871e-01 7.711190e+03 7.837838e-04 4.594720e+03 -3.226490e+02 1.000000e+00 0.000000e+00 0.000000e+00 0.000000e+00 0.000000e+00
6.482759e-01 2.064509e-01 7.692450e+03 7.798568e-04 4.628990e+03 -3.262950e+02 1.000000e+00 0.000000e+00 0.000000e+00 0.000000e+00 0.000000e+00
6.672414e-01 2.051594e-01 7.718090e+03 7.652962e-04 4.630030e+03 -3.041090e+02 1.000000e+00 0.000000e+00 0.000000e+00 0.000000e+00 0.000000e+00
6.862069e-01 2.039489e-01 7.666483e+03 7.639209e-04 4.650319e+03 -2.877214e+02 1.000000e+00 0.000000e+00 0.000000e+00 0.000000e+00 0.000000e+00
7.051724e-01 2.028091e-01 7.619270e+03 7.626627e-04 4.668880e+03 -2.727290e+02 1.000000e+00 0.000000e+00 0.000000e+00 0.000000e+00 0.000000e+00
7.241379e-01 2.017508e-01 7.688970e+03 7.615615e-04 4.670200e+03 -2.556130e+02 1.000000e+00 0.000000e+00 0.000000e+00 0.000000e+00 0.000000e+00
7.431034e-01 2.007384e-01 7.696830e+03 7.597273e-04 4.674145e+03 -2.431113e+02 1.000000e+00 0.000000e+00 0.000000e+00 0.000000e+00 0.000000e+00
7.620690e-01 1.997607e-01 7.699430e+03 7.591204e-04 4.675450e+03 -2.389750e+02 1.000000e+00 0.000000e+00 0.000000e+00 0.000000e+00 0.000000e+00
7.810345e-01 1.987108e-01 7.637300e+03 7.509811e-04 4.680310e+03 -2.603620e+02 1.000000e+00 0.000000e+00 0.000000e+00 0.000000e+00 0.000000e+00
8.000000e-01 1.977123e-01 7.449770e+03 7.507887e-04 4.718530e+03 -2.369100e+02 1.000000e+00 0.000000e+00 0.000000e+00 0.000000e+00 0.000000e+00
