2.500000e-01 6.515992e-01 7.989260e+03 1.663409e-03 6.146030e+03 9.590120e+02 1.000000e+00 0.000000e+00 0.000000e+00 0.000000e+00 0.000000e+00
2.689655e-01 6.545943e-01 7.892460e+03 1.675475e-03 6.127730e+03 9.886150e+02 1.000000e+00 0.000000e+00 0.000000e+00 0.000000e+00 0.000000e+00
2.879310e-01 6.576486e-01 7.878122e+03 1.674654e-03 6.130755e+03 9.869318e+02 1.000000e+00 0.000000e+00 0.000000e+00 0.000000e+00 0.000000e+00
3.068966e-01 6.605621e-01 7.532499e+03 1.657791e-03 6.202219e+03 9.492074e+02 1.000000e+00 0.000000e+00 0.000000e+00 0.000000e+00 0.000000e+00
3.258621e-01 6.635164e-01 7.475497e+03 1.695220e-03 6.192409e+03 9.823866e+02 1.000000e+00 0.000000e+00 0.000000e+00 0.000000e+00 0.000000e+00
3.448276e-01 6.665262e-01 7.388020e+03 1.713698e-03 6.185250e+03 9.963510e+02 1.000000e+00 0.000000e+00 0.000000e+00 0.000000e+00 0.000000e+00
3.637931e-01 6.695812e-01 7.388020e+03 1.713698e-03 6.185250e+03 9.963510e+02 1.000000e+00 0.000000e+00 0.000000e+00 0.000000e+00 0.000000e+00
3.827586e-01 6.726500e-01 7.299800e+03 1.724855e-03 6.174000e+03 1.000370e+03 1.000000e+00 0.000000e+00 0.000000e+00 0.000000e+00 0.000000e+00
4.017241e-01 6.757334e-01 7.206133e+03 1.740445e-03 6.168800e+03 1.006792e+03 1.000000e+00 0.000000e+00 0.000000e+00 0.000000e+00 0.000000e+00
4.206897e-01 6.788315e-01 7.145867e+03 1.782863e-03 6.164044e+03 1.025384e+03 1.000000e+00 0.000000e+00 0.000000e+00 0.000000e+00 0.000000e+00
4.396552e-01 6.819876e-01 7.143790e+03 1.785008e-03 6.163850e+03 1.026330e+03 1.000000e+00 0.000000e+00 0.000000e+00 0.000000e+00 0.000000e+00
4.586207e-01 6.851306e-01 6.988344e+03 1.785837e-03 6.177348e+03 1.023329e+03 1.000000e+00 0.000000e+00 0.000000e+00 0.000000e+00 0.000000e+00
4.775862e-01 6.882111e-01 6.829451e+03 1.754941e-03 6.220077e+03 1.008439e+03 1.000000e+00 0.000000e+00 0.000000e+00 0.000000e+00 0.000000e+00
4.965517e-01 6.912961e-01 6.734416e+03 1.775880e-03 6.212775e+03 1.014893e+03 1.000000e+00 0.000000e+00 0.000000e+00 0.000000e+00 0.000000e+00
5.155172e-01 6.943989e-01 6.692990e+03 1.780749e-03 6.210460e+03 1.019580e+03 1.000000e+00 0.000000e+00 0.000000e+00 0.000000e+00 0.000000e+00
5.344828e-01 6.975196e-01 6.646309e+03 1.790473e-03 6.210248e+03 1.022199e+03 1.000000e+00 0.000000e+00 0.000000e+00 0.000000e+00 0.000000e+00
5.534483e-01 7.006410e-01 6.530512e+03 1.806288e-03 6.206850e+03 1.019910e+03 1.000000e+00 0.000000e+00 0.000000e+00 0.000000e+00 0.000000e+00
5.724138e-01 7.037539e-01 6.479850e+03 1.811781e-03 6.204870e+03 1.017400e+03 1.000000e+00 0.000000e+00 0.000000e+00 0.000000e+00 0.000000e+00
5.913793e-01 7.068683e-01 6.329680e+03 1.817101e-03 6.215620e+03 1.021290e+03 1.000000e+00 0.000000e+00 0.000000e+00 0.000000e+00 0.000000e+00
6.103448e-01 7.099738e-01 6.198600e+03 1.806321e-03 6.218940e+03 1.009360e+03 1.000000e+00 0.000000e+00 0.000000e+00 0.000000e+00 0.000000e+00
6.293103e-01 7.130318e-01 6.200630e+03 1.791383e-03 6.261080e+03 1.007830e+03 1.000000e+00 0.000000e+00 0.000000e+00 0.000000e+00 0.000000e+00
6.482759e-01 7.160836e-01 6.056130e+03 1.791814e-03 6.266490e+03 1.008450e+03 1.000000e+00 0.000000e+00 0.000000e+00 0.000000e+00 0.000000e+00
6.672414e-01 7.191201e-01 5.946340e+03 1.802826e-03 6.269620e+03 9.981870e+02 1.000000e+00 0.000000e+00 0.000000e+00 0.000000e+00 0.000000e+00
6.862069e-01 7.221263e-01 5.872852e+03 1.798343e-03 6.273310e+03 9.899071e+02 1.000000e+00 0.000000e+00 0.000000e+00 0.000000e+00 0.000000e+00
7.051724e-01 7.251046e-01 5.756304e+03 1.795664e-03 6.273742e+03 9.794219e+02 1.000000e+00 0.000000e+00 0.000000e+00 0.000000e+00 0.000000e+00
7.241379e-01 7.280634e-01 5.716270e+03 1.796696e-03 6.271500e+03 9.769870e+02 1.000000e+00 0.000000e+00 0.000000e+00 0.000000e+00 0.000000e+00
7.431034e-01 7.310107e-01 5.683170e+03 1.806613e-03 6.275870e+03 9.708390e+02 1.000000e+00 0.000000e+00 0.000000e+00 0.000000e+00 0.000000e+00
7.620690e-01 7.339450e-01 5.683170e+03 1.806613e-03 6.275870e+03 9.708390e+02 1.000000e+00 0.000000e+00 0.000000e+00 0.000000e+00 0.000000e+00
7.810345e-01 7.368680e-01 5.586776e+03 1.790114e-03 6.278889e+03 9.671351e+02 1.000000e+00 0.000000e+00 0.000000e+00 0.000000e+00 0.000000e+00
8.000000e-01 7.397919e-01 5.493990e+03 1.789227e-03 6.306520e+03 9.734850e+02 1.000000e+00 0.000000e+00 0.000000e+00 0.000000e+00 0.000000e+00
