2.500000e-01 7.412314e-01 6.310800e+03 1.431262e-03 6.486950e+03 6.977370e+02 1.000000e+00 0.000000e+00 0.000000e+00 0.000000e+00 0.000000e+00
2.689655e-01 7.433316e-01 6.449148e+03 1.451428e-03 6.453416e+03 7.358080e+02 1.000000e+00 0.000000e+00 0.000000e+00 0.000000e+00 0.000000e+00
2.879310e-01 7.455180e-01 6.512696e+03 1.475695e-03 6.430198e+03 7.655367e+02 1.000000e+00 0.000000e+00 0.000000e+00 0.000000e+00 0.000000e+00
3.068966e-01 7.477765e-01 6.514640e+03 1.478486e-03 6.428420e+03 7.681180e+02 1.000000e+00 0.000000e+00 0.000000e+00 0.000000e+00 0.000000e+00
3.258621e-01 7.501058e-01 6.511850e+03 1.522645e-03 6.410300e+03 8.025820e+02 1.000000e+00 0.000000e+00 0.000000e+00 0.000000e+00 0.000000e+00
3.448276e-01 7.524977e-01 6.621180e+03 1.539601e-03 6.398450e+03 8.411670e+02 1.000000e+00 0.000000e+00 0.000000e+00 0.000000e+00 0.000000e+00
3.637931e-01 7.549902e-01 6.621180e+03 1.539601e-03 6.398450e+03 8.411670e+02 1.000000e+00 0.000000e+00 0.000000e+00 0.000000e+00 0.000000e+00
3.827586e-01 7.574843e-01 6.506800e+03 1.547262e-03 6.389740e+03 8.403240e+02 1.000000e+00 0.000000e+00 0.000000e+00 0.000000e+00 0.000000e+00
4.017241e-01 7.600350e-01 6.582385e+03 1.578699e-03 6.371367e+03 8.769315e+02 1.000000e+00 0.000000e+00 0.000000e+00 0.000000e+00 0.000000e+00
4.206897e-01 7.626610e-01 6.528034e+03 1.611110e-03 6.359301e+03 9.027054e+02 1.000000e+00 0.000000e+00 0.000000e+00 0.000000e+00 0.000000e+00
4.396552e-01 7.652121e-01 6.282148e+03 1.568196e-03 6.425814e+03 8.583867e+02 1.000000e+00 0.000000e+00 0.000000e+00 0.000000e+00 0.000000e+00
4.586207e-01 7.677502e-01 6.203450e+03 1.577485e-03 6.420710e+03 8.610360e+02 1.000000e+00 0.000000e+00 0.000000e+00 0.000000e+00 0.000000e+00
4.775862e-01 7.703080e-01 6.205149e+03 1.585248e-03 6.417099e+03 8.659238e+02 1.000000e+00 0.000000e+00 0.000000e+00 0.000000e+00 0.000000e+00
4.965517e-01 7.729251e-01 6.204232e+03 1.616903e-03 6.400292e+03 8.873667e+02 1.000000e+00 0.000000e+00 0.000000e+00 0.000000e+00 0.000000e+00
5.155172e-01 7.755750e-01 6.165200e+03 1.635833e-03 6.388238e+03 9.038924e+02 1.000000e+00 0.000000e+00 0.000000e+00 0.000000e+00 0.000000e+00
5.344828e-01 7.782613e-01 6.121770e+03 1.654785e-03 6.387190e+03 9.157750e+02 1.000000e+00 0.000000e+00 0.000000e+00 0.000000e+00 0.000000e+00
5.534483e-01 7.809835e-01 6.102920e+03 1.666858e-03 6.374060e+03 9.432520e+02 1.000000e+00 0.000000e+00 0.000000e+00 0.000000e+00 0.000000e+00
5.724138e-01 7.837904e-01 6.102920e+03 1.666858e-03 6.374060e+03 9.432520e+02 1.000000e+00 0.000000e+00 0.000000e+00 0.000000e+00 0.000000e+00
5.913793e-01 7.866002e-01 6.023220e+03 1.680265e-03 6.376040e+03 9.454330e+02 1.000000e+00 0.000000e+00 0.000000e+00 0.000000e+00 0.000000e+00
6.103448e-01 7.894175e-01 5.905620e+03 1.704450e-03 6.370460e+03 9.508410e+02 1.000000e+00 0.000000e+00 0.000000e+00 0.000000e+00 0.000000e+00
6.293103e-01 7.921176e-01 5.807130e+03 1.663170e-03 6.426720e+03 9.136600e+02 1.000000e+00 0.000000e+00 0.000000e+00 0.000000e+00 0.000000e+00
6.482759e-01 7.948537e-01 5.760012e+03 1.687859e-03 6.417276e+03 9.273005e+02 1.000000e+00 0.000000e+00 0.000000e+00 0.000000e+00 0.000000e+00
6.672414e-01 7.976017e-01 5.706066e+03 1.691030e-03 6.412451e+03 9.322149e+02 1.000000e+00 0.000000e+00 0.000000e+00 0.000000e+00 0.000000e+00
6.862069e-01 8.003600e-01 5.621570e+03 1.691615e-03 6.407210e+03 9.440670e+02 1.000000e+00 0.000000e+00 0.000000e+00 0.000000e+00 0.000000e+00
7.051724e-01 8.031549e-01 5.612923e+03 1.694194e-03 6.406965e+03 9.440664e+02 1.000000e+00 0.000000e+00 0.000000e+00 0.000000e+00 0.000000e+00
7.241379e-01 8.059494e-01 5.536404e+03 1.717470e-03 6.405596e+03 9.444420e+02 1.000000e+00 0.000000e+00 0.000000e+00 0.000000e+00 0.000000e+00
7.431034e-01 8.087481e-01 5.486840e+03 1.734965e-03 6.409000e+03 9.467260e+02 1.000000e+00 0.000000e+00 0.000000e+00 0.000000e+00 0.000000e+00
7.620690e-01 8.115497e-01 5.486840e+03 1.734965e-03 6.409000e+03 9.467260e+02 1.000000e+00 0.000000e+00 0.000000e+00 0.000000e+00 0.000000e+00
7.810345e-01 8.143651e-01 5.437600e+03 1.736497e-03 6.404590e+03 9.510570e+02 1.000000e+00 0.000000e+00 0.000000e+00 0.000000e+00 0.000000e+00
8.000000e-01 8.171375e-01 5.239211e+03 1.710017e-03 6.441535e+03 9.254395e+02 1.000000e+00 0.000000e+00 0.000000e+00 0.000000e+00 0.000000e+00
