2.500000e-01 7.865734e-01 6.046600e+03 1.397119e-03 6.533130e+03 6.510950e+02 1.000000e+00 0.000000e+00 0.000000e+00 0.000000e+00 0.000000e+00
2.689655e-01 7.884879e-01 6.105257e+03 1.415214e-03 6.521211e+03 6.673424e+02 1.000000e+00 0.000000e+00 0.000000e+00 0.000000e+00 0.000000e+00
2.879310e-01 7.903172e-01 5.800852e+03 1.409404e-03 6.555586e+03 6.537530e+02 1.000000e+00 0.000000e+00 0.000000e+00 0.000000e+00 0.000000e+00
3.068966e-01 7.921668e-01 5.688890e+03 1.405020e-03 6.568930e+03 6.469500e+02 1.000000e+00 0.000000e+00 0.000000e+00 0.000000e+00 0.000000e+00
3.258621e-01 7.941054e-01 5.765323e+03 1.432995e-03 6.558518e+03 6.738227e+02 1.000000e+00 0.000000e+00 0.000000e+00 0.000000e+00 0.000000e+00
3.448276e-01 7.960902e-01 5.824443e+03 1.441877e-03 6.536438e+03 7.002582e+02 1.000000e+00 0.000000e+00 0.000000e+00 0.000000e+00 0.000000e+00
3.637931e-01 7.981267e-01 5.833150e+03 1.442234e-03 6.532140e+03 7.045730e+02 1.000000e+00 0.000000e+00 0.000000e+00 0.000000e+00 0.000000e+00
3.827586e-01 8.002265e-01 5.860323e+03 1.483725e-03 6.526396e+03 7.253195e+02 1.000000e+00 0.000000e+00 0.000000e+00 0.000000e+00 0.000000e+00
4.017241e-01 8.023958e-01 5.949511e+03 1.497485e-03 6.501306e+03 7.628352e+02 1.000000e+00 0.000000e+00 0.000000e+00 0.000000e+00 0.000000e+00
4.206897e-01 8.046279e-01 5.910039e+03 1.517949e-03 6.496295e+03 7.852664e+02 1.000000e+00 0.000000e+00 0.000000e+00 0.000000e+00 0.000000e+00
4.396552e-01 8.069200e-01 5.905800e+03 1.519627e-03 6.496110e+03 7.868420e+02 1.000000e+00 0.000000e+00 0.000000e+00 0.000000e+00 0.000000e+00
4.586207e-01 8.092936e-01 6.032790e+03 1.540317e-03 6.470340e+03 8.295940e+02 1.000000e+00 0.000000e+00 0.000000e+00 0.000000e+00 0.000000e+00
4.775862e-01 8.117271e-01 5.985900e+03 1.553689e-03 6.474573e+03 8.314119e+02 1.000000e+00 0.000000e+00 0.000000e+00 0.000000e+00 0.000000e+00
4.965517e-01 8.141770e-01 5.939760e+03 1.569485e-03 6.463643e+03 8.471180e+02 1.000000e+00 0.000000e+00 0.000000e+00 0.000000e+00 0.000000e+00
5.155172e-01 8.166290e-01 5.712242e+03 1.533228e-03 6.501443e+03 8.216731e+02 1.000000e+00 0.000000e+00 0.000000e+00 0.000000e+00 0.000000e+00
5.344828e-01 8.190341e-01 5.654680e+03 1.540655e-03 6.505320e+03 8.312960e+02 1.000000e+00 0.000000e+00 0.000000e+00 0.000000e+00 0.000000e+00
5.534483e-01 8.214605e-01 5.653347e+03 1.544242e-03 6.502314e+03 8.319342e+02 1.000000e+00 0.000000e+00 0.000000e+00 0.000000e+00 0.000000e+00
5.724138e-01 8.239109e-01 5.656538e+03 1.572316e-03 6.480810e+03 8.409634e+02 1.000000e+00 0.000000e+00 0.000000e+00 0.000000e+00 0.000000e+00
5.913793e-01 8.264103e-01 5.710160e+03 1.592284e-03 6.473150e+03 8.625880e+02 1.000000e+00 0.000000e+00 0.000000e+00 0.000000e+00 0.000000e+00
6.103448e-01 8.289509e-01 5.686850e+03 1.597865e-03 6.471312e+03 8.674838e+02 1.000000e+00 0.000000e+00 0.000000e+00 0.000000e+00 0.000000e+00
6.293103e-01 8.315233e-01 5.610726e+03 1.611578e-03 6.468533e+03 8.795983e+02 1.000000e+00 0.000000e+00 0.000000e+00 0.000000e+00 0.000000e+00
6.482759e-01 8.341087e-01 5.560478e+03 1.629128e-03 6.468370e+03 8.922228e+02 1.000000e+00 0.000000e+00 0.000000e+00 0.000000e+00 0.000000e+00
6.672414e-01 8.367257e-01 5.564770e+03 1.647986e-03 6.466170e+03 9.043730e+02 1.000000e+00 0.000000e+00 0.000000e+00 0.000000e+00 0.000000e+00
6.862069e-01 8.393876e-01 5.551616e+03 1.656278e-03 6.459933e+03 9.101135e+02 1.000000e+00 0.000000e+00 0.000000e+00 0.000000e+00 0.000000e+00
7.051724e-01 8.420388e-01 5.447222e+03 1.658198e-03 6.468807e+03 9.003402e+02 1.000000e+00 0.000000e+00 0.000000e+00 0.000000e+00 0.000000e+00
7.241379e-01 8.446432e-01 5.353360e+03 1.649803e-03 6.486030e+03 8.827890e+02 1.000000e+00 0.000000e+00 0.000000e+00 0.000000e+00 0.000000e+00
7.431034e-01 8.472340e-01 5.262790e+03 1.659482e-03 6.494560e+03 8.941310e+02 1.000000e+00 0.000000e+00 0.000000e+00 0.000000e+00 0.000000e+00
7.620690e-01 8.498541e-01 5.241011e+03 1.662857e-03 6.490374e+03 8.998100e+02 1.000000e+00 0.000000e+00 0.000000e+00 0.000000e+00 0.000000e+00
7.810345e-01 8.525020e-01 5.189128e+03 1.675984e-03 6.482749e+03 9.113596e+02 1.000000e+00 0.000000e+00 0.000000e+00 0.000000e+00 0.000000e+00
8.000000e-01 8.551697e-01 5.169910e+03 1.687210e-03 6.482860e+03 9.131620e+02 1.000000e+00 0.000000e+00 0.000000e+00 0.000000e+00 0.000000e+00
