2.500000e-01 2.805270e-01 7.775296e+03 1.695229e-03 4.921698e+03 3.596534e+02 1.000000e+00 0.000000e+00 0.000000e+00 0.000000e+00 0.000000e+00
2.689655e-01 2.818781e-01 7.586686e+03 1.632582e-03 4.941059e+03 3.396052e+02 1.000000e+00 0.000000e+00 0.000000e+00 0.000000e+00 0.000000e+00
2.879310e-01 2.831046e-01 7.535680e+03 1.591229e-03 4.978500e+03 3.120370e+02 1.000000e+00 0.000000e+00 0.000000e+00 0.000000e+00 0.000000e+00
3.068966e-01 2.841070e-01 7.439269e+03 1.514142e-03 5.004935e+03 2.547908e+02 1.000000e+00 0.000000e+00 0.000000e+00 0.000000e+00 0.000000e+00
3.258621e-01 2.848506e-01 7.322890e+03 1.406983e-03 5.010430e+03 1.445790e+02 1.000000e+00 0.000000e+00 0.000000e+00 0.000000e+00 0.000000e+00
3.448276e-01 2.853758e-01 7.227250e+03 1.345152e-03 5.025660e+03 1.039380e+02 1.000000e+00 0.000000e+00 0.000000e+00 0.000000e+00 0.000000e+00
3.637931e-01 2.857677e-01 7.227250e+03 1.345152e-03 5.025660e+03 1.039380e+02 1.000000e+00 0.000000e+00 0.000000e+00 0.000000e+00 0.000000e+00
3.827586e-01 2.860131e-01 7.133770e+03 1.279009e-03 5.064700e+03 5.247490e+01 1.000000e+00 0.000000e+00 0.000000e+00 0.000000e+00 0.000000e+00
4.017241e-01 2.861621e-01 7.079200e+03 1.251520e-03 5.070810e+03 1.780690e+01 1.000000e+00 0.000000e+00 0.000000e+00 0.000000e+00 0.000000e+00
4.206897e-01 2.862132e-01 7.084290e+03 1.225535e-03 5.063034e+03 6.843218e+00 1.000000e+00 0.000000e+00 0.000000e+00 0.000000e+00 0.000000e+00
4.396552e-01 2.862115e-01 7.089680e+03 1.198021e-03 5.054800e+03 -4.765670e+00 1.000000e+00 0.000000e+00 0.000000e+00 0.000000e+00 0.000000e+00
4.586207e-01 2.861254e-01 6.973970e+03 1.160714e-03 5.087980e+03 -3.573040e+01 1.000000e+00 0.000000e+00 0.000000e+00 0.000000e+00 0.000000e+00
4.775862e-01 2.859803e-01 6.922540e+03 1.113012e-03 5.111320e+03 -5.270020e+01 1.000000e+00 0.000000e+00 0.000000e+00 0.000000e+00 0.000000e+00
4.965517e-01 2.857773e-01 6.935919e+03 1.107592e-03 5.109729e+03 -5.673862e+01 1.000000e+00 0.000000e+00 0.000000e+00 0.000000e+00 0.000000e+00
5.155172e-01 2.855389e-01 6.963881e+03 1.081610e-03 5.106021e+03 -7.443222e+01 1.000000e+00 0.000000e+00 0.000000e+00 0.000000e+00 0.000000e+00
5.344828e-01 2.852588e-01 6.904940e+03 1.063825e-03 5.111940e+03 -8.295270e+01 1.000000e+00 0.000000e+00 0.000000e+00 0.000000e+00 0.000000e+00
5.534483e-01 2.849532e-01 6.913686e+03 1.061231e-03 5.108142e+03 -8.162456e+01 1.000000e+00 0.000000e+00 0.000000e+00 0.000000e+00 0.000000e+00
5.724138e-01 2.846541e-01 6.871687e+03 1.037747e-03 5.109966e+03 -8.812873e+01 1.000000e+00 0.000000e+00 0.000000e+00 0.000000e+00 0.000000e+00
5.913793e-01 2.843194e-01 6.817270e+03 1.019473e-03 5.117880e+03 -9.651330e+01 1.000000e+00 0.000000e+00 0.000000e+00 0.000000e+00 0.000000e+00
6.103448e-01 2.839562e-01 6.817077e+03 1.016477e-03 5.124591e+03 -9.953073e+01 1.000000e+00 0.000000e+00 0.000000e+00 0.000000e+00 0.000000e+00
6.293103e-01 2.835916e-01 6.816090e+03 9.966106e-04 5.131454e+03 -9.510289e+01 1.000000e+00 0.000000e+00 0.000000e+00 0.000000e+00 0.000000e+00
6.482759e-01 2.832430e-01 6.815680e+03 9.881494e-04 5.133060e+03 -9.236190e+01 1.000000e+00 0.000000e+00 0.000000e+00 0.000000e+00 0.000000e+00
6.672414e-01 2.828820e-01 6.780900e+03 9.776618e-04 5.143710e+03 -1.035380e+02 1.000000e+00 0.000000e+00 0.000000e+00 0.000000e+00 0.000000e+00
6.862069e-01 2.825012e-01 6.813796e+03 9.732674e-04 5.137338e+03 -1.029070e+02 1.000000e+00 0.000000e+00 0.000000e+00 0.000000e+00 0.000000e+00
7.051724e-01 2.821231e-01 6.836162e+03 9.621436e-04 5.133666e+03 -1.015785e+02 1.000000e+00 0.000000e+00 0.000000e+00 0.000000e+00 0.000000e+00
7.241379e-01 2.817487e-01 6.828730e+03 9.560630e-04 5.135680e+03 -1.009390e+02 1.000000e+00 0.000000e+00 0.000000e+00 0.000000e+00 0.000000e+00
7.431034e-01 2.813726e-01 6.814639e+03 9.463617e-04 5.139799e+03 -1.020245e+02 1.000000e+00 0.000000e+00 0.000000e+00 0.000000e+00 0.000000e+00
7.620690e-01 2.809916e-01 6.730892e+03 9.314265e-04 5.157576e+03 -1.052493e+02 1.000000e+00 0.000000e+00 0.000000e+00 0.000000e+00 0.000000e+00
7.810345e-01 2.806032e-01 6.680630e+03 9.261259e-04 5.167670e+03 -1.069080e+02 1.000000e+00 0.000000e+00 0.000000e+00 0.000000e+00 0.000000e+00
8.000000e-01 2.802338e-01 6.727480e+03 9.134360e-04 5.153300e+03 -9.503460e+01 1.000000e+00 0.000000e+00 0.000000e+00 0.000000e+00 0.000000e+00
