2.500000e-01 4.709934e-01 8.990830e+03 2.100073e-03 5.520949e+03 1.189774e+03 1.000000e+00 0.000000e+00 0.000000e+00 0.000000e+00 0.000000e+00
2.689655e-01 4.750193e-01 8.702680e+03 2.039709e-03 5.617520e+03 1.169310e+03 1.000000e+00 0.000000e+00 0.000000e+00 0.000000e+00 0.000000e+00
2.879310e-01 4.789571e-01 8.442652e+03 2.038714e-03 5.640416e+03 1.151407e+03 1.000000e+00 0.000000e+00 0.000000e+00 0.000000e+00 0.000000e+00
3.068966e-01 4.828061e-01 8.328240e+03 2.038276e-03 5.650490e+03 1.143530e+03 1.000000e+00 0.000000e+00 0.000000e+00 0.000000e+00 0.000000e+00
3.258621e-01 4.865838e-01 8.090046e+03 2.034505e-03 5.659640e+03 1.107679e+03 1.000000e+00 0.000000e+00 0.000000e+00 0.000000e+00 0.000000e+00
3.448276e-01 4.902556e-01 7.839361e+03 2.008387e-03 5.684627e+03 1.072627e+03 1.000000e+00 0.000000e+00 0.000000e+00 0.000000e+00 0.000000e+00
3.637931e-01 4.938339e-01 7.833270e+03 2.007715e-03 5.685260e+03 1.071780e+03 1.000000e+00 0.000000e+00 0.000000e+00 0.000000e+00 0.000000e+00
3.827586e-01 4.973093e-01 7.641090e+03 1.987317e-03 5.697830e+03 1.034100e+03 1.000000e+00 0.000000e+00 0.000000e+00 0.000000e+00 0.000000e+00
4.017241e-01 5.007439e-01 7.489751e+03 1.969145e-03 5.764324e+03 1.041954e+03 1.000000e+00 0.000000e+00 0.000000e+00 0.000000e+00 0.000000e+00
4.206897e-01 5.041704e-01 7.452820e+03 1.964710e-03 5.780550e+03 1.043870e+03 1.000000e+00 0.000000e+00 0.000000e+00 0.000000e+00 0.000000e+00
4.396552e-01 5.074897e-01 7.246279e+03 1.944586e-03 5.805923e+03 1.015142e+03 1.000000e+00 0.000000e+00 0.000000e+00 0.000000e+00 0.000000e+00
4.586207e-01 5.107354e-01 6.984428e+03 1.905105e-03 5.815174e+03 9.745725e+02 1.000000e+00 0.000000e+00 0.000000e+00 0.000000e+00 0.000000e+00
4.775862e-01 5.138789e-01 6.845480e+03 1.891529e-03 5.825330e+03 9.420100e+02 1.000000e+00 0.000000e+00 0.000000e+00 0.000000e+00 0.000000e+00
4.965517e-01 5.169355e-01 6.828933e+03 1.887021e-03 5.827215e+03 9.388584e+02 1.000000e+00 0.000000e+00 0.000000e+00 0.000000e+00 0.000000e+00
5.155172e-01 5.198971e-01 6.668055e+03 1.845622e-03 5.845715e+03 9.067578e+02 1.000000e+00 0.000000e+00 0.000000e+00 0.000000e+00 0.000000e+00
5.344828e-01 5.228108e-01 6.579170e+03 1.837313e-03 5.857000e+03 8.802780e+02 1.000000e+00 0.000000e+00 0.000000e+00 0.000000e+00 0.000000e+00
5.534483e-01 5.256508e-01 6.508784e+03 1.845716e-03 5.885872e+03 8.904997e+02 1.000000e+00 0.000000e+00 0.000000e+00 0.000000e+00 0.000000e+00
5.724138e-01 5.285195e-01 6.414300e+03 1.856995e-03 5.924630e+03 9.042210e+02 1.000000e+00 0.000000e+00 0.000000e+00 0.000000e+00 0.000000e+00
5.913793e-01 5.313587e-01 6.350491e+03 1.828582e-03 5.925895e+03 8.846668e+02 1.000000e+00 0.000000e+00 0.000000e+00 0.000000e+00 0.000000e+00
6.103448e-01 5.341482e-01 6.232869e+03 1.800177e-03 5.935955e+03 8.633987e+02 1.000000e+00 0.000000e+00 0.000000e+00 0.000000e+00 0.000000e+00
6.293103e-01 5.369010e-01 6.212150e+03 1.795834e-03 5.937940e+03 8.600590e+02 1.000000e+00 0.000000e+00 0.000000e+00 0.000000e+00 0.000000e+00
6.482759e-01 5.395448e-01 6.092500e+03 1.763409e-03 5.953370e+03 8.257390e+02 1.000000e+00 0.000000e+00 0.000000e+00 0.000000e+00 0.000000e+00
6.672414e-01 5.421214e-01 5.951190e+03 1.733764e-03 5.946250e+03 7.900410e+02 1.000000e+00 0.000000e+00 0.000000e+00 0.000000e+00 0.000000e+00
6.862069e-01 5.446180e-01 5.906461e+03 1.709127e-03 5.948468e+03 7.707897e+02 1.000000e+00 0.000000e+00 0.000000e+00 0.000000e+00 0.000000e+00
7.051724e-01 5.470578e-01 5.886060e+03 1.697890e-03 5.949480e+03 7.620090e+02 1.000000e+00 0.000000e+00 0.000000e+00 0.000000e+00 0.000000e+00
7.241379e-01 5.494502e-01 5.792390e+03 1.667236e-03 5.961790e+03 7.478070e+02 1.000000e+00 0.000000e+00 0.000000e+00 0.000000e+00 0.000000e+00
7.431034e-01 5.518053e-01 5.743200e+03 1.642334e-03 5.958600e+03 7.247690e+02 1.000000e+00 0.000000e+00 0.000000e+00 0.000000e+00 0.000000e+00
7.620690e-01 5.541746e-01 5.626778e+03 1.696827e-03 6.018519e+03 7.616758e+02 1.000000e+00 0.000000e+00 0.000000e+00 0.000000e+00 0.000000e+00
7.810345e-01 5.565730e-01 5.594430e+03 1.689843e-03 6.017510e+03 7.599490e+02 1.000000e+00 0.000000e+00 0.000000e+00 0.000000e+00 0.000000e+00
8.000000e-01 5.589191e-01 5.570402e+03 1.673578e-03 6.021228e+03 7.427224e+02 1.000000e+00 0.000000e+00 0.000000e+00 0.000000e+00 0.000000e+00
