         701
 0.10000000E+01
 0.10000008E+01
 0.10000016E+01
 0.10000023E+01
 0.10000031E+01
 0.10000039E+01
 0.10000048E+01
 0.10000056E+01
 0.10000064E+01
 0.10000073E+01
 0.10000081E+01
 0.10000090E+01
 0.10000099E+01
 0.10000107E+01
 0.10000116E+01
 0.10000125E+01
 0.10000135E+01
 0.10000144E+01
 0.10000153E+01
 0.10000163E+01
 0.10000172E+01
 0.10000182E+01
 0.10000192E+01
 0.10000202E+01
 0.10000212E+01
 0.10000222E+01
 0.10000232E+01
 0.10000242E+01
 0.10000253E+01
 0.10000264E+01
 0.10000274E+01
 0.10000285E+01
 0.10000296E+01
 0.10000307E+01
 0.10000319E+01
 0.10000330E+01
 0.10000341E+01
 0.10000353E+01
 0.10000365E+01
 0.10000377E+01
 0.10000389E+01
 0.10000401E+01
 0.10000413E+01
 0.10000426E+01
 0.10000438E+01
 0.10000451E+01
 0.10000464E+01
 0.10000477E+01
 0.10000490E+01
 0.10000504E+01
 0.10000517E+01
 0.10000531E+01
 0.10000544E+01
 0.10000558E+01
 0.10000573E+01
 0.10000587E+01
 0.10000601E+01
 0.10000616E+01
 0.10000631E+01
 0.10000646E+01
 0.10000661E+01
 0.10000676E+01
 0.10000692E+01
 0.10000707E+01
 0.10000723E+01
 0.10000739E+01
 0.10000755E+01
 0.10000772E+01
 0.10000788E+01
 0.10000805E+01
 0.10000822E+01
 0.10000839E+01
 0.10000856E+01
 0.10000874E+01
 0.10000892E+01
 0.10000910E+01
 0.10000928E+01
 0.10000946E+01
 0.10000965E+01
 0.10000984E+01
 0.10001003E+01
 0.10001022E+01
 0.10001041E+01
 0.10001061E+01
 0.10001081E+01
 0.10001101E+01
 0.10001121E+01
 0.10001142E+01
 0.10001163E+01
 0.10001184E+01
 0.10001205E+01
 0.10001227E+01
 0.10001248E+01
 0.10001270E+01
 0.10001293E+01
 0.10001315E+01
 0.10001338E+01
 0.10001361E+01
 0.10001384E+01
 0.10001408E+01
 0.10001432E+01
 0.10001456E+01
 0.10001480E+01
 0.10001505E+01
 0.10001530E+01
 0.10001555E+01
 0.10001581E+01
 0.10001607E+01
 0.10001633E+01
 0.10001659E+01
 0.10001686E+01
 0.10001713E+01
 0.10001741E+01
 0.10001768E+01
 0.10001796E+01
 0.10001825E+01
 0.10001853E+01
 0.10001882E+01
 0.10001912E+01
 0.10001941E+01
 0.10001971E+01
 0.10002002E+01
 0.10002032E+01
 0.10002063E+01
 0.10002095E+01
 0.10002126E+01
 0.10002159E+01
 0.10002191E+01
 0.10002224E+01
 0.10002257E+01
 0.10002291E+01
 0.10002325E+01
 0.10002359E+01
 0.10002394E+01
 0.10002429E+01
 0.10002465E+01
 0.10002501E+01
 0.10002537E+01
 0.10002574E+01
 0.10002611E+01
 0.10002649E+01
 0.10002687E+01
 0.10002725E+01
 0.10002764E+01
 0.10002804E+01
 0.10002844E+01
 0.10002884E+01
 0.10002925E+01
 0.10002966E+01
 0.10003008E+01
 0.10003050E+01
 0.10003093E+01
 0.10003136E+01
 0.10003179E+01
 0.10003224E+01
 0.10003268E+01
 0.10003313E+01
 0.10003359E+01
 0.10003405E+01
 0.10003452E+01
 0.10003499E+01
 0.10003547E+01
 0.10003596E+01
 0.10003645E+01
 0.10003694E+01
 0.10003744E+01
 0.10003795E+01
 0.10003846E+01
 0.10003898E+01
 0.10003950E+01
 0.10004003E+01
 0.10004057E+01
 0.10004111E+01
 0.10004166E+01
 0.10004221E+01
 0.10004277E+01
 0.10004334E+01
 0.10004392E+01
 0.10004450E+01
 0.10004508E+01
 0.10004568E+01
 0.10004628E+01
 0.10004688E+01
 0.10004750E+01
 0.10004812E+01
 0.10004875E+01
 0.10004938E+01
 0.10005003E+01
 0.10005068E+01
 0.10005134E+01
 0.10005200E+01
 0.10005267E+01
 0.10005335E+01
 0.10005404E+01
 0.10005474E+01
 0.10005544E+01
 0.10005615E+01
 0.10005688E+01
 0.10005760E+01
 0.10005834E+01
 0.10005909E+01
 0.10005984E+01
 0.10006060E+01
 0.10006137E+01
 0.10006215E+01
 0.10006294E+01
 0.10006374E+01
 0.10006455E+01
 0.10006536E+01
 0.10006619E+01
 0.10006702E+01
 0.10006787E+01
 0.10006872E+01
 0.10006958E+01
 0.10007046E+01
 0.10007134E+01
 0.10007224E+01
 0.10007314E+01
 0.10007405E+01
 0.10007498E+01
 0.10007591E+01
 0.10007686E+01
 0.10007782E+01
 0.10007878E+01
 0.10007976E+01
 0.10008075E+01
 0.10008175E+01
 0.10008276E+01
 0.10008379E+01
 0.10008482E+01
 0.10008587E+01
 0.10008693E+01
 0.10008800E+01
 0.10008908E+01
 0.10009018E+01
 0.10009129E+01
 0.10009241E+01
 0.10009354E+01
 0.10009469E+01
 0.10009585E+01
 0.10009702E+01
 0.10009821E+01
 0.10009941E+01
 0.10010062E+01
 0.10010185E+01
 0.10010309E+01
 0.10010434E+01
 0.10010561E+01
 0.10010690E+01
 0.10010819E+01
 0.10010951E+01
 0.10011084E+01
 0.10011218E+01
 0.10011354E+01
 0.10011491E+01
 0.10011630E+01
 0.10011771E+01
 0.10011913E+01
 0.10012056E+01
 0.10012202E+01
 0.10012349E+01
 0.10012497E+01
 0.10012648E+01
 0.10012800E+01
 0.10012954E+01
 0.10013109E+01
 0.10013266E+01
 0.10013425E+01
 0.10013586E+01
 0.10013749E+01
 0.10013914E+01
 0.10014080E+01
 0.10014248E+01
 0.10014418E+01
 0.10014591E+01
 0.10014765E+01
 0.10014941E+01
 0.10015119E+01
 0.10015299E+01
 0.10015481E+01
 0.10015665E+01
 0.10015851E+01
 0.10016039E+01
 0.10016230E+01
 0.10016423E+01
 0.10016617E+01
 0.10016814E+01
 0.10017014E+01
 0.10017215E+01
 0.10017419E+01
 0.10017625E+01
 0.10017833E+01
 0.10018044E+01
 0.10018257E+01
 0.10018472E+01
 0.10018690E+01
 0.10018911E+01
 0.10019133E+01
 0.10019359E+01
 0.10019587E+01
 0.10019817E+01
 0.10020050E+01
 0.10020286E+01
 0.10020524E+01
 0.10020765E+01
 0.10021009E+01
 0.10021255E+01
 0.10021505E+01
 0.10021757E+01
 0.10022012E+01
 0.10022269E+01
 0.10022530E+01
 0.10022793E+01
 0.10023060E+01
 0.10023329E+01
 0.10023602E+01
 0.10023878E+01
 0.10024156E+01
 0.10024438E+01
 0.10024723E+01
 0.10025011E+01
 0.10025302E+01
 0.10025597E+01
 0.10025895E+01
 0.10026196E+01
 0.10026501E+01
 0.10026809E+01
 0.10027120E+01
 0.10027435E+01
 0.10027754E+01
 0.10028076E+01
 0.10028401E+01
 0.10028731E+01
 0.10029064E+01
 0.10029400E+01
 0.10029741E+01
 0.10030085E+01
 0.10030433E+01
 0.10030785E+01
 0.10031141E+01
 0.10031500E+01
 0.10031864E+01
 0.10032232E+01
 0.10032604E+01
 0.10032980E+01
 0.10033360E+01
 0.10033745E+01
 0.10034133E+01
 0.10034526E+01
 0.10034924E+01
 0.10035325E+01
 0.10035732E+01
 0.10036142E+01
 0.10036558E+01
 0.10036977E+01
 0.10037402E+01
 0.10037831E+01
 0.10038265E+01
 0.10038704E+01
 0.10039147E+01
 0.10039596E+01
 0.10040049E+01
 0.10040508E+01
 0.10040971E+01
 0.10041440E+01
 0.10041914E+01
 0.10042392E+01
 0.10042877E+01
 0.10043366E+01
 0.10043861E+01
 0.10044361E+01
 0.10044867E+01
 0.10045379E+01
 0.10045896E+01
 0.10046418E+01
 0.10046947E+01
 0.10047481E+01
 0.10048021E+01
 0.10048567E+01
 0.10049119E+01
 0.10049676E+01
 0.10050240E+01
 0.10050811E+01
 0.10051387E+01
 0.10051970E+01
 0.10052559E+01
 0.10053154E+01
 0.10053756E+01
 0.10054364E+01
 0.10054979E+01
 0.10055601E+01
 0.10056229E+01
 0.10056864E+01
 0.10057507E+01
 0.10058156E+01
 0.10058812E+01
 0.10059475E+01
 0.10060145E+01
 0.10060823E+01
 0.10061508E+01
 0.10062200E+01
 0.10062899E+01
 0.10063607E+01
 0.10064321E+01
 0.10065044E+01
 0.10065774E+01
 0.10066512E+01
 0.10067258E+01
 0.10068012E+01
 0.10068774E+01
 0.10069545E+01
 0.10070323E+01
 0.10071110E+01
 0.10071905E+01
 0.10072709E+01
 0.10073521E+01
 0.10074342E+01
 0.10075171E+01
 0.10076009E+01
 0.10076857E+01
 0.10077713E+01
 0.10078578E+01
 0.10079453E+01
 0.10080336E+01
 0.10081229E+01
 0.10082132E+01
 0.10083044E+01
 0.10083965E+01
 0.10084896E+01
 0.10085837E+01
 0.10086788E+01
 0.10087749E+01
 0.10088720E+01
 0.10089701E+01
 0.10090692E+01
 0.10091694E+01
 0.10092706E+01
 0.10093729E+01
 0.10094762E+01
 0.10095806E+01
 0.10096861E+01
 0.10097927E+01
 0.10099004E+01
 0.10100092E+01
 0.10101191E+01
 0.10102302E+01
 0.10103424E+01
 0.10104557E+01
 0.10105702E+01
 0.10106859E+01
 0.10108028E+01
 0.10109209E+01
 0.10110402E+01
 0.10111607E+01
 0.10112824E+01
 0.10114054E+01
 0.10115296E+01
 0.10116551E+01
 0.10117819E+01
 0.10119099E+01
 0.10120393E+01
 0.10121699E+01
 0.10123019E+01
 0.10124352E+01
 0.10125698E+01
 0.10127058E+01
 0.10128431E+01
 0.10129818E+01
 0.10131219E+01
 0.10132634E+01
 0.10134063E+01
 0.10135507E+01
 0.10136964E+01
 0.10138436E+01
 0.10139923E+01
 0.10141424E+01
 0.10142940E+01
 0.10144471E+01
 0.10146017E+01
 0.10147578E+01
 0.10149155E+01
 0.10150747E+01
 0.10152354E+01
 0.10153977E+01
 0.10155616E+01
 0.10157270E+01
 0.10158941E+01
 0.10160628E+01
 0.10162331E+01
 0.10164050E+01
 0.10165786E+01
 0.10167538E+01
 0.10169308E+01
 0.10171094E+01
 0.10172897E+01
 0.10174717E+01
 0.10176554E+01
 0.10178409E+01
 0.10180281E+01
 0.10182171E+01
 0.10184079E+01
 0.10186004E+01
 0.10187948E+01
 0.10189909E+01
 0.10191889E+01
 0.10193887E+01
 0.10195904E+01
 0.10197939E+01
 0.10199993E+01
 0.10202066E+01
 0.10204158E+01
 0.10206269E+01
 0.10208399E+01
 0.10210548E+01
 0.10212717E+01
 0.10214906E+01
 0.10217114E+01
 0.10219342E+01
 0.10221590E+01
 0.10223858E+01
 0.10226146E+01
 0.10228455E+01
 0.10230784E+01
 0.10233133E+01
 0.10235504E+01
 0.10237895E+01
 0.10240307E+01
 0.10242740E+01
 0.10245194E+01
 0.10247669E+01
 0.10250166E+01
 0.10252684E+01
 0.10255224E+01
 0.10257785E+01
 0.10260368E+01
 0.10262973E+01
 0.10265601E+01
 0.10268250E+01
 0.10270922E+01
 0.10273615E+01
 0.10276332E+01
 0.10279071E+01
 0.10281832E+01
 0.10284616E+01
 0.10287423E+01
 0.10290253E+01
 0.10293107E+01
 0.10295983E+01
 0.10298882E+01
 0.10301805E+01
 0.10304751E+01
 0.10307721E+01
 0.10310714E+01
 0.10313731E+01
 0.10316771E+01
 0.10319836E+01
 0.10322924E+01
 0.10326036E+01
 0.10329173E+01
 0.10332333E+01
 0.10335518E+01
 0.10338726E+01
 0.10341960E+01
 0.10345217E+01
 0.10348499E+01
 0.10351806E+01
 0.10355137E+01
 0.10358493E+01
 0.10361873E+01
 0.10365278E+01
 0.10368708E+01
 0.10372163E+01
 0.10375643E+01
 0.10379147E+01
 0.10382677E+01
 0.10386231E+01
 0.10389811E+01
 0.10393415E+01
 0.10397044E+01
 0.10400699E+01
 0.10404379E+01
 0.10408084E+01
 0.10411814E+01
 0.10415569E+01
 0.10419349E+01
 0.10423154E+01
 0.10426985E+01
 0.10430840E+01
 0.10434721E+01
 0.10438627E+01
 0.10442558E+01
 0.10446515E+01
 0.10450496E+01
 0.10454502E+01
 0.10458534E+01
 0.10462590E+01
 0.10466671E+01
 0.10470778E+01
 0.10474909E+01
 0.10479065E+01
 0.10483246E+01
 0.10487451E+01
 0.10491682E+01
 0.10495937E+01
 0.10500216E+01
 0.10504520E+01
 0.10508848E+01
 0.10513201E+01
 0.10517578E+01
 0.10521979E+01
 0.10526405E+01
 0.10530854E+01
 0.10535327E+01
 0.10539824E+01
 0.10544345E+01
 0.10548889E+01
 0.10553457E+01
 0.10558048E+01
 0.10562662E+01
 0.10567300E+01
 0.10571960E+01
 0.10576643E+01
 0.10581349E+01
 0.10586078E+01
 0.10590829E+01
 0.10595602E+01
 0.10600397E+01
 0.10605215E+01
 0.10610053E+01
 0.10614914E+01
 0.10619796E+01
 0.10624699E+01
 0.10629624E+01
 0.10634569E+01
 0.10639535E+01
 0.10644521E+01
 0.10649528E+01
 0.10654554E+01
 0.10659601E+01
 0.10664667E+01
 0.10669753E+01
 0.10674858E+01
 0.10679982E+01
 0.10685124E+01
 0.10690285E+01
 0.10695465E+01
 0.10700662E+01
 0.10705878E+01
 0.10711110E+01
 0.10716361E+01
 0.10721628E+01
 0.10726912E+01
 0.10732212E+01
 0.10737529E+01
 0.10742862E+01
 0.10748210E+01
 0.10753574E+01
 0.10758953E+01
 0.10764346E+01
 0.10769754E+01
 0.10775177E+01
 0.10780613E+01
 0.10786063E+01
 0.10791527E+01
 0.10797003E+01
 0.10802492E+01
 0.10807994E+01
 0.10813507E+01
 0.10819033E+01
 0.10824569E+01
 0.10830117E+01
 0.10835676E+01
 0.10841245E+01
 0.10846824E+01
 0.10852413E+01
 0.10858012E+01
 0.10863619E+01
 0.10869235E+01
 0.10874860E+01
 0.10880493E+01
 0.10886133E+01
 0.10891781E+01
 0.10897435E+01
 0.10903097E+01
 0.10908764E+01
 0.10914438E+01
 0.10920117E+01
 0.10925801E+01
 0.10931490E+01
 0.10937183E+01
 0.10942881E+01
 0.10948582E+01
 0.10954287E+01
 0.10959994E+01
 0.10965705E+01
 0.10971417E+01
 0.10977131E+01
 0.10982847E+01
 0.10988564E+01
 0.10994282E+01
 0.11000000E+01
