0.000000e+00  2.454500e+02  2.871804e-04  9.000000e+03  7.182330e-13  6.289027e-13  3.358008e-13  7.899998e-01  2.100002e-01  
5.718000e-04  2.454500e+02  2.871804e-04  9.000000e+03  7.182330e-13  6.289027e-13  3.358008e-13  7.899998e-01  2.100002e-01  
1.143550e-03  2.454500e+02  2.871804e-04  9.000000e+03  7.182330e-13  6.289027e-13  3.358008e-13  7.899998e-01  2.100002e-01  
1.715200e-03  2.454500e+02  2.871804e-04  9.000000e+03  7.182330e-13  6.289027e-13  3.358008e-13  7.899998e-01  2.100002e-01  
2.286700e-03  2.454500e+02  2.871804e-04  9.000000e+03  7.182330e-13  6.289027e-13  3.358008e-13  7.899998e-01  2.100002e-01  
2.858000e-03  2.454500e+02  2.871804e-04  9.000000e+03  7.182330e-13  6.289027e-13  3.358008e-13  7.899998e-01  2.100002e-01  
3.429150e-03  2.454500e+02  2.871804e-04  9.000000e+03  7.182330e-13  6.289027e-13  3.358008e-13  7.899998e-01  2.100002e-01  
4.000050e-03  2.454500e+02  2.871804e-04  9.000000e+03  7.182330e-13  6.289027e-13  3.358008e-13  7.899998e-01  2.100002e-01  
4.570650e-03  2.454500e+02  2.871804e-04  9.000000e+03  7.182330e-13  6.289027e-13  3.358008e-13  7.899998e-01  2.100002e-01  
5.140950e-03  2.454500e+02  2.871804e-04  9.000000e+03  7.182330e-13  6.289027e-13  3.358008e-13  7.899998e-01  2.100002e-01  
5.710900e-03  2.454500e+02  2.871804e-04  9.000000e+03  7.182330e-13  6.289027e-13  3.358008e-13  7.899998e-01  2.100002e-01  
6.280450e-03  2.454500e+02  2.871804e-04  9.000000e+03  7.182330e-13  6.289027e-13  3.358008e-13  7.899998e-01  2.100002e-01  
6.849550e-03  2.454500e+02  2.871804e-04  9.000000e+03  7.182330e-13  6.289027e-13  3.358008e-13  7.899998e-01  2.100002e-01  
7.418200e-03  2.454500e+02  2.871804e-04  9.000000e+03  7.182330e-13  6.289027e-13  3.358008e-13  7.899998e-01  2.100002e-01  
7.986350e-03  2.454500e+02  2.871804e-04  9.000000e+03  7.182330e-13  6.289027e-13  3.358008e-13  7.899998e-01  2.100002e-01  
8.554000e-03  2.454500e+02  2.871804e-04  9.000000e+03  7.182330e-13  6.289027e-13  3.358008e-13  7.899998e-01  2.100002e-01  
9.121050e-03  2.454500e+02  2.871804e-04  9.000000e+03  7.182330e-13  6.289027e-13  3.358008e-13  7.899998e-01  2.100002e-01  
9.687500e-03  2.454500e+02  2.871804e-04  9.000000e+03  7.182330e-13  6.289027e-13  3.358008e-13  7.899998e-01  2.100002e-01  
1.025330e-02  2.454500e+02  2.871804e-04  9.000000e+03  7.182330e-13  6.289027e-13  3.358008e-13  7.899998e-01  2.100002e-01  
1.081840e-02  2.454500e+02  2.871804e-04  9.000000e+03  7.182330e-13  6.289027e-13  3.358008e-13  7.899998e-01  2.100002e-01  
1.138280e-02  2.454500e+02  2.871804e-04  9.000000e+03  7.182330e-13  6.289027e-13  3.358008e-13  7.899998e-01  2.100002e-01  
1.194645e-02  2.454500e+02  2.871804e-04  9.000000e+03  7.182330e-13  6.289027e-13  3.358008e-13  7.899998e-01  2.100002e-01  
1.250935e-02  2.454500e+02  2.871804e-04  9.000000e+03  7.182330e-13  6.289027e-13  3.358008e-13  7.899998e-01  2.100002e-01  
1.307140e-02  2.454500e+02  2.871804e-04  9.000000e+03  7.182330e-13  6.289027e-13  3.358008e-13  7.899998e-01  2.100002e-01  
1.363255e-02  2.454500e+02  2.871804e-04  9.000000e+03  7.182330e-13  6.289027e-13  3.358008e-13  7.899998e-01  2.100002e-01  
1.419285e-02  2.454500e+02  2.871804e-04  9.000000e+03  7.182330e-13  6.289027e-13  3.358008e-13  7.899998e-01  2.100002e-01  
1.475225e-02  2.454500e+02  2.871804e-04  9.000000e+03  7.182330e-13  6.289027e-13  3.358008e-13  7.899998e-01  2.100002e-01  
1.531065e-02  2.454500e+02  2.871804e-04  9.000000e+03  7.182330e-13  6.289027e-13  3.358008e-13  7.899998e-01  2.100002e-01  
1.586805e-02  2.454500e+02  2.871804e-04  9.000000e+03  7.182329e-13  6.289027e-13  3.358008e-13  7.899998e-01  2.100002e-01  
1.642445e-02  2.454500e+02  2.871804e-04  9.000000e+03  7.182329e-13  6.289027e-13  3.358008e-13  7.899998e-01  2.100002e-01  
1.697980e-02  2.454500e+02  2.871804e-04  9.000000e+03  7.182329e-13  6.289027e-13  3.358008e-13  7.899998e-01  2.100002e-01  
1.753400e-02  2.454500e+02  2.871804e-04  9.000000e+03  7.182329e-13  6.289027e-13  3.358008e-13  7.899998e-01  2.100002e-01  
1.808710e-02  2.454500e+02  2.871804e-04  9.000000e+03  7.182329e-13  6.289027e-13  3.358008e-13  7.899998e-01  2.100002e-01  
1.863905e-02  2.454500e+02  2.871804e-04  9.000000e+03  7.182329e-13  6.289027e-13  3.358008e-13  7.899998e-01  2.100002e-01  
1.918980e-02  2.454500e+02  2.871804e-04  9.000000e+03  7.182329e-13  6.289027e-13  3.358008e-13  7.899998e-01  2.100002e-01  
1.973935e-02  2.454500e+02  2.871804e-04  9.000000e+03  7.182329e-13  6.289027e-13  3.358008e-13  7.899998e-01  2.100002e-01  
2.028760e-02  2.454500e+02  2.871804e-04  9.000000e+03  7.182329e-13  6.289027e-13  3.358008e-13  7.899998e-01  2.100002e-01  
2.083460e-02  2.454500e+02  2.871804e-04  9.000000e+03  7.182329e-13  6.289027e-13  3.358008e-13  7.899998e-01  2.100002e-01  
2.138030e-02  2.454500e+02  2.871804e-04  9.000000e+03  7.182329e-13  6.289027e-13  3.358008e-13  7.899998e-01  2.100002e-01  
2.192460e-02  2.454500e+02  2.871804e-04  9.000000e+03  7.182329e-13  6.289027e-13  3.358008e-13  7.899998e-01  2.100002e-01  
2.246755e-02  2.454500e+02  2.871804e-04  9.000000e+03  7.182329e-13  6.289027e-13  3.358008e-13  7.899998e-01  2.100002e-01  
2.300910e-02  2.454500e+02  2.871804e-04  9.000000e+03  7.182329e-13  6.289027e-13  3.358008e-13  7.899998e-01  2.100002e-01  
2.354915e-02  2.454500e+02  2.871804e-04  9.000000e+03  7.182329e-13  6.289027e-13  3.358008e-13  7.899998e-01  2.100002e-01  
2.408775e-02  2.454500e+02  2.871804e-04  9.000000e+03  7.182329e-13  6.289027e-13  3.358008e-13  7.899998e-01  2.100002e-01  
2.462490e-02  2.454500e+02  2.871804e-04  9.000000e+03  7.182329e-13  6.289027e-13  3.358008e-13  7.899998e-01  2.100002e-01  
2.516050e-02  2.454500e+02  2.871804e-04  9.000000e+03  7.182329e-13  6.289027e-13  3.358008e-13  7.899998e-01  2.100002e-01  
2.569455e-02  2.454500e+02  2.871804e-04  9.000000e+03  7.182329e-13  6.289027e-13  3.358008e-13  7.899998e-01  2.100002e-01  
2.622705e-02  2.454500e+02  2.871804e-04  9.000000e+03  7.182329e-13  6.289027e-13  3.358008e-13  7.899998e-01  2.100002e-01  
2.675790e-02  2.454500e+02  2.871804e-04  9.000000e+03  7.182329e-13  6.289027e-13  3.358008e-13  7.899998e-01  2.100002e-01  
2.728710e-02  2.454500e+02  2.871804e-04  9.000000e+03  7.182329e-13  6.289027e-13  3.358008e-13  7.899998e-01  2.100002e-01  
2.781465e-02  2.454500e+02  2.871804e-04  9.000000e+03  7.182329e-13  6.289027e-13  3.358008e-13  7.899998e-01  2.100002e-01  
2.834055e-02  2.454500e+02  2.871804e-04  9.000000e+03  7.182329e-13  6.289027e-13  3.358008e-13  7.899998e-01  2.100002e-01  
2.886470e-02  2.454500e+02  2.871804e-04  9.000000e+03  7.182329e-13  6.289027e-13  3.358008e-13  7.899998e-01  2.100002e-01  
2.938710e-02  2.454500e+02  2.871804e-04  9.000000e+03  7.182329e-13  6.289027e-13  3.358008e-13  7.899998e-01  2.100002e-01  
2.990775e-02  2.454500e+02  2.871804e-04  9.000000e+03  7.182329e-13  6.289027e-13  3.358008e-13  7.899998e-01  2.100002e-01  
3.042660e-02  2.454500e+02  2.871804e-04  9.000000e+03  7.182329e-13  6.289027e-13  3.358008e-13  7.899998e-01  2.100002e-01  
3.094365e-02  2.454500e+02  2.871804e-04  9.000000e+03  7.182329e-13  6.289027e-13  3.358008e-13  7.899998e-01  2.100002e-01  
3.145880e-02  2.454500e+02  2.871804e-04  9.000000e+03  7.182329e-13  6.289027e-13  3.358008e-13  7.899998e-01  2.100002e-01  
3.197210e-02  2.454500e+02  2.871804e-04  9.000000e+03  7.182329e-13  6.289027e-13  3.358008e-13  7.899998e-01  2.100002e-01  
3.248355e-02  2.454500e+02  2.871804e-04  9.000000e+03  7.182329e-13  6.289027e-13  3.358008e-13  7.899998e-01  2.100002e-01  
3.299310e-02  2.454500e+02  2.871804e-04  9.000000e+03  7.182329e-13  6.289027e-13  3.358008e-13  7.899998e-01  2.100002e-01  
3.350070e-02  2.454500e+02  2.871804e-04  9.000000e+03  7.182329e-13  6.289027e-13  3.358008e-13  7.899998e-01  2.100002e-01  
3.400635e-02  2.454500e+02  2.871804e-04  9.000000e+03  7.182329e-13  6.289027e-13  3.358008e-13  7.899998e-01  2.100002e-01  
3.451000e-02  2.454500e+02  2.871804e-04  9.000000e+03  7.182329e-13  6.289027e-13  3.358008e-13  7.899998e-01  2.100002e-01  
3.501165e-02  2.454500e+02  2.871804e-04  9.000000e+03  7.182329e-13  6.289027e-13  3.358008e-13  7.899998e-01  2.100002e-01  
3.551130e-02  2.454500e+02  2.871804e-04  9.000000e+03  7.182329e-13  6.289027e-13  3.358008e-13  7.899998e-01  2.100002e-01  
3.600890e-02  2.454500e+02  2.871804e-04  9.000000e+03  7.182329e-13  6.289027e-13  3.358008e-13  7.899998e-01  2.100002e-01  
3.650445e-02  2.454500e+02  2.871804e-04  9.000000e+03  7.182329e-13  6.289027e-13  3.358008e-13  7.899998e-01  2.100002e-01  
3.699795e-02  2.454500e+02  2.871804e-04  9.000000e+03  7.182329e-13  6.289027e-13  3.358008e-13  7.899998e-01  2.100002e-01  
3.748935e-02  2.454500e+02  2.871804e-04  9.000000e+03  7.182329e-13  6.289027e-13  3.358008e-13  7.899998e-01  2.100002e-01  
3.797860e-02  2.454500e+02  2.871804e-04  9.000000e+03  7.182329e-13  6.289027e-13  3.358008e-13  7.899998e-01  2.100002e-01  
3.846575e-02  2.454500e+02  2.871804e-04  9.000000e+03  7.182329e-13  6.289027e-13  3.358008e-13  7.899998e-01  2.100002e-01  
3.895070e-02  2.454500e+02  2.871804e-04  9.000000e+03  7.182329e-13  6.289027e-13  3.358008e-13  7.899998e-01  2.100002e-01  
3.943350e-02  2.454500e+02  2.871804e-04  9.000000e+03  7.182329e-13  6.289027e-13  3.358008e-13  7.899998e-01  2.100002e-01  
3.991415e-02  2.454500e+02  2.871804e-04  9.000000e+03  7.182329e-13  6.289027e-13  3.358008e-13  7.899998e-01  2.100002e-01  
4.039255e-02  2.454500e+02  2.871804e-04  9.000000e+03  7.182329e-13  6.289027e-13  3.358008e-13  7.899998e-01  2.100002e-01  
4.086875e-02  2.454500e+02  2.871804e-04  9.000000e+03  7.182329e-13  6.289027e-13  3.358008e-13  7.899998e-01  2.100002e-01  
4.134275e-02  2.454500e+02  2.871804e-04  9.000000e+03  7.182329e-13  6.289027e-13  3.358008e-13  7.899998e-01  2.100002e-01  
4.181450e-02  2.454500e+02  2.871804e-04  9.000000e+03  7.182329e-13  6.289027e-13  3.358008e-13  7.899998e-01  2.100002e-01  
4.228395e-02  2.454500e+02  2.871804e-04  9.000000e+03  7.182329e-13  6.289027e-13  3.358008e-13  7.899998e-01  2.100002e-01  
4.275110e-02  2.454500e+02  2.871804e-04  9.000000e+03  7.182329e-13  6.289027e-13  3.358008e-13  7.899998e-01  2.100002e-01  
4.321600e-02  2.454500e+02  2.871804e-04  9.000000e+03  7.182329e-13  6.289027e-13  3.358008e-13  7.899998e-01  2.100002e-01  
4.367860e-02  2.454500e+02  2.871804e-04  9.000000e+03  7.182329e-13  6.289027e-13  3.358008e-13  7.899998e-01  2.100002e-01  
4.413885e-02  2.454500e+02  2.871804e-04  9.000000e+03  7.182329e-13  6.289027e-13  3.358008e-13  7.899998e-01  2.100002e-01  
4.459680e-02  2.454500e+02  2.871804e-04  9.000000e+03  7.182329e-13  6.289027e-13  3.358008e-13  7.899998e-01  2.100002e-01  
4.505240e-02  2.454500e+02  2.871804e-04  9.000000e+03  7.182329e-13  6.289027e-13  3.358008e-13  7.899998e-01  2.100002e-01  
4.550565e-02  2.454500e+02  2.871804e-04  9.000000e+03  7.182329e-13  6.289027e-13  3.358008e-13  7.899998e-01  2.100002e-01  
4.595655e-02  2.454500e+02  2.871804e-04  9.000000e+03  7.182329e-13  6.289027e-13  3.358008e-13  7.899998e-01  2.100002e-01  
4.640505e-02  2.454500e+02  2.871804e-04  9.000000e+03  7.182329e-13  6.289027e-13  3.358008e-13  7.899998e-01  2.100002e-01  
4.685115e-02  2.454500e+02  2.871804e-04  9.000000e+03  7.182329e-13  6.289027e-13  3.358008e-13  7.899998e-01  2.100002e-01  
4.729490e-02  2.454500e+02  2.871804e-04  9.000000e+03  7.182329e-13  6.289027e-13  3.358008e-13  7.899998e-01  2.100002e-01  
4.773625e-02  2.454500e+02  2.871804e-04  9.000000e+03  7.182329e-13  6.289027e-13  3.358008e-13  7.899998e-01  2.100002e-01  
4.817515e-02  2.454500e+02  2.871804e-04  9.000000e+03  7.182329e-13  6.289027e-13  3.358008e-13  7.899998e-01  2.100002e-01  
4.861165e-02  2.454500e+02  2.871804e-04  9.000000e+03  7.182329e-13  6.289027e-13  3.358008e-13  7.899998e-01  2.100002e-01  
4.904570e-02  2.454500e+02  2.871804e-04  9.000000e+03  7.182329e-13  6.289027e-13  3.358008e-13  7.899998e-01  2.100002e-01  
4.947730e-02  2.454500e+02  2.871804e-04  9.000000e+03  7.182329e-13  6.289027e-13  3.358008e-13  7.899998e-01  2.100002e-01  
4.990645e-02  2.454500e+02  2.871804e-04  9.000000e+03  7.182329e-13  6.289027e-13  3.358008e-13  7.899998e-01  2.100002e-01  
5.033315e-02  2.454500e+02  2.871804e-04  9.000000e+03  7.182329e-13  6.289027e-13  3.358008e-13  7.899998e-01  2.100002e-01  
5.075745e-02  2.454500e+02  2.871804e-04  9.000000e+03  7.182329e-13  6.289027e-13  3.358008e-13  7.899998e-01  2.100002e-01  
5.117925e-02  2.454500e+02  2.871804e-04  9.000000e+03  7.182329e-13  6.289027e-13  3.358008e-13  7.899998e-01  2.100002e-01  
5.159855e-02  2.455668e+02  2.871803e-04  9.000002e+03  7.182329e-13  6.289027e-13  3.358008e-13  7.899998e-01  2.100002e-01  
5.201540e-02  4.473198e+02  2.874843e-04  8.990478e+03  7.182329e-13  6.289028e-13  3.358008e-13  7.899998e-01  2.100002e-01  
5.242975e-02  9.373091e+03  2.969513e-04  8.703623e+03  1.563074e-05  2.000993e-03  2.220991e-06  7.891943e-01  2.087868e-01  
5.284165e-02  1.632840e+04  2.945130e-03  8.659488e+02  4.317418e-01  2.532897e-01  3.567038e-03  3.017580e-01  9.643417e-03  
5.325105e-02  1.347594e+04  3.192375e-03  8.386858e+02  5.554621e-01  2.479281e-01  2.076878e-03  1.938912e-01  6.416350e-04  
5.365790e-02  1.207080e+04  3.464311e-03  7.590022e+02  6.137279e-01  2.391590e-01  1.590069e-03  1.454506e-01  7.247021e-05  
5.406230e-02  1.121768e+04  3.675136e-03  7.017281e+02  6.476774e-01  2.335463e-01  1.342632e-03  1.174066e-01  2.715679e-05  
5.446420e-02  1.064568e+04  3.836487e-03  6.612521e+02  6.698000e-01  2.298629e-01  1.169495e-03  9.914833e-02  1.932451e-05  
5.486355e-02  1.023600e+04  3.963101e-03  6.309434e+02  6.853516e-01  2.272815e-01  1.034600e-03  8.631672e-02  1.559474e-05  
5.526045e-02  9.927803e+03  4.065256e-03  6.069876e+02  6.968991e-01  2.253714e-01  9.257892e-04  7.679061e-02  1.307362e-05  
5.565485e-02  9.686987e+03  4.149662e-03  5.871835e+02  7.058264e-01  2.238989e-01  8.365810e-04  6.942691e-02  1.122267e-05  
5.604670e-02  9.493505e+03  4.220818e-03  5.702511e+02  7.129534e-01  2.227255e-01  7.624671e-04  6.354878e-02  9.810109e-06  
5.643605e-02  9.334155e+03  4.281820e-03  5.554093e+02  7.187875e-01  2.217663e-01  7.002311e-04  5.873728e-02  8.702475e-06  
5.682285e-02  9.200424e+03  4.334873e-03  5.421154e+02  7.236598e-01  2.209657e-01  6.474590e-04  5.471919e-02  7.815191e-06  
5.720715e-02  9.086382e+03  4.381573e-03  5.300152e+02  7.277989e-01  2.202859e-01  6.022772e-04  5.130581e-02  7.091212e-06  
5.758895e-02  8.987870e+03  4.423083e-03  5.188558e+02  7.313622e-01  2.197007e-01  5.632860e-04  4.836732e-02  6.491731e-06  
5.796820e-02  8.901863e+03  4.460279e-03  5.084557e+02  7.344664e-01  2.191908e-01  5.293668e-04  4.580741e-02  5.988686e-06  
5.834495e-02  8.826142e+03  4.493853e-03  4.986997e+02  7.371978e-01  2.187420e-01  4.996492e-04  4.355493e-02  5.561751e-06  
5.871920e-02  8.758706e+03  4.524362e-03  4.894710e+02  7.396211e-01  2.183437e-01  4.734467e-04  4.155656e-02  5.195732e-06  
5.909095e-02  8.698508e+03  4.552236e-03  4.806943e+02  7.417870e-01  2.179876e-01  4.502084e-04  3.977032e-02  4.879272e-06  
5.946020e-02  8.644177e+03  4.577816e-03  4.723085e+02  7.437350e-01  2.176671e-01  4.294875e-04  3.816385e-02  4.603416e-06  
5.982695e-02  8.595160e+03  4.601393e-03  4.642662e+02  7.454970e-01  2.173770e-01  4.109236e-04  3.671072e-02  4.361390e-06  
6.019115e-02  8.550464e+03  4.623206e-03  4.565333e+02  7.470979e-01  2.171133e-01  3.942193e-04  3.539045e-02  4.147656e-06  
6.055280e-02  8.509706e+03  4.643448e-03  4.490587e+02  7.485591e-01  2.168725e-01  3.791262e-04  3.418532e-02  3.957870e-06  
6.091200e-02  8.472428e+03  4.662279e-03  4.418387e+02  7.498985e-01  2.166516e-01  3.654346e-04  3.308065e-02  3.788453e-06  
6.126870e-02  8.438061e+03  4.679863e-03  4.348438e+02  7.511295e-01  2.164485e-01  3.529761e-04  3.206531e-02  3.636535e-06  
6.162290e-02  8.406370e+03  4.696320e-03  4.280409e+02  7.522651e-01  2.162611e-01  3.416005e-04  3.112873e-02  3.499710e-06  
6.197460e-02  8.377134e+03  4.711727e-03  4.214232e+02  7.533149e-01  2.160877e-01  3.311901e-04  3.026281e-02  3.376088e-06  
6.232380e-02  8.350075e+03  4.726184e-03  4.149876e+02  7.542885e-01  2.159268e-01  3.216320e-04  2.945977e-02  3.263934e-06  
6.267055e-02  8.324885e+03  4.739798e-03  4.087158e+02  7.551931e-01  2.157773e-01  3.128360e-04  2.871368e-02  3.161850e-06  
6.301480e-02  8.301419e+03  4.752637e-03  4.025867e+02  7.560351e-01  2.156380e-01  3.047242e-04  2.801913e-02  3.068676e-06  
6.335655e-02  8.279583e+03  4.764743e-03  3.965954e+02  7.568204e-01  2.155080e-01  2.972291e-04  2.737136e-02  2.983426e-06  
6.369580e-02  8.259223e+03  4.776163e-03  3.907393e+02  7.575541e-01  2.153866e-01  2.902900e-04  2.676619e-02  2.905222e-06  
6.403260e-02  8.240204e+03  4.786952e-03  3.850102e+02  7.582407e-01  2.152728e-01  2.838524e-04  2.619978e-02  2.833292e-06  
6.436695e-02  8.222426e+03  4.797163e-03  3.794056e+02  7.588841e-01  2.151662e-01  2.778719e-04  2.566907e-02  2.767016e-06  
6.469885e-02  8.205704e+03  4.806853e-03  3.739165e+02  7.594877e-01  2.150662e-01  2.723047e-04  2.517109e-02  2.705783e-06  
6.502830e-02  8.189998e+03  4.816056e-03  3.685295e+02  7.600546e-01  2.149722e-01  2.671175e-04  2.470348e-02  2.649139e-06  
6.535525e-02  8.175268e+03  4.824788e-03  3.632445e+02  7.605875e-01  2.148838e-01  2.622787e-04  2.426389e-02  2.596664e-06  
6.567980e-02  8.161428e+03  4.833074e-03  3.580595e+02  7.610892e-01  2.148005e-01  2.577567e-04  2.385001e-02  2.547939e-06  
6.600190e-02  8.148428e+03  4.840945e-03  3.529706e+02  7.615616e-01  2.147221e-01  2.535297e-04  2.346033e-02  2.502675e-06  
6.632155e-02  8.136192e+03  4.848422e-03  3.479750e+02  7.620070e-01  2.146481e-01  2.495706e-04  2.309282e-02  2.460525e-06  
6.663880e-02  8.124678e+03  4.855534e-03  3.430681e+02  7.624272e-01  2.145783e-01  2.458610e-04  2.274617e-02  2.421251e-06  
6.695365e-02  8.113826e+03  4.862299e-03  3.382473e+02  7.628241e-01  2.145124e-01  2.423799e-04  2.241878e-02  2.384588e-06  
6.726610e-02  8.103604e+03  4.868740e-03  3.335095e+02  7.631989e-01  2.144501e-01  2.391127e-04  2.210958e-02  2.350350e-06  
6.757610e-02  8.093967e+03  4.874880e-03  3.288565e+02  7.635531e-01  2.143912e-01  2.360427e-04  2.181730e-02  2.318333e-06  
6.788375e-02  8.084815e+03  4.880746e-03  3.242805e+02  7.638882e-01  2.143355e-01  2.331542e-04  2.154085e-02  2.288338e-06  
6.818900e-02  8.076178e+03  4.886349e-03  3.197757e+02  7.642051e-01  2.142828e-01  2.304375e-04  2.127941e-02  2.260250e-06  
6.849185e-02  8.068022e+03  4.891691e-03  3.153443e+02  7.645051e-01  2.142329e-01  2.278793e-04  2.103190e-02  2.233908e-06  
6.879235e-02  8.060321e+03  4.896786e-03  3.109844e+02  7.647891e-01  2.141856e-01  2.254697e-04  2.079758e-02  2.209194e-06  
6.909050e-02  8.053043e+03  4.901647e-03  3.066943e+02  7.650582e-01  2.141408e-01  2.231981e-04  2.057559e-02  2.185982e-06  
6.938630e-02  8.046169e+03  4.906287e-03  3.024722e+02  7.653131e-01  2.140984e-01  2.210563e-04  2.036528e-02  2.164174e-06  
6.967975e-02  8.039669e+03  4.910715e-03  2.983166e+02  7.655547e-01  2.140582e-01  2.190352e-04  2.016593e-02  2.143665e-06  
6.997085e-02  8.033527e+03  4.914944e-03  2.942260e+02  7.657838e-01  2.140200e-01  2.171279e-04  1.997697e-02  2.124374e-06  
7.025960e-02  8.027718e+03  4.918981e-03  2.901989e+02  7.660010e-01  2.139838e-01  2.153267e-04  1.979777e-02  2.106212e-06  
7.054610e-02  8.022222e+03  4.922839e-03  2.862328e+02  7.662070e-01  2.139495e-01  2.136245e-04  1.962774e-02  2.089099e-06  
7.083030e-02  8.017028e+03  4.926526e-03  2.823268e+02  7.664025e-01  2.139169e-01  2.120166e-04  1.946648e-02  2.072980e-06  
7.111215e-02  8.012114e+03  4.930049e-03  2.784807e+02  7.665879e-01  2.138860e-01  2.104966e-04  1.931347e-02  2.057784e-06  
7.139170e-02  8.007466e+03  4.933416e-03  2.746926e+02  7.667639e-01  2.138567e-01  2.090594e-04  1.916827e-02  2.043454e-06  
7.166895e-02  8.003070e+03  4.936635e-03  2.709613e+02  7.669309e-01  2.138289e-01  2.077001e-04  1.903046e-02  2.029934e-06  
7.194395e-02  7.998909e+03  4.939712e-03  2.672854e+02  7.670895e-01  2.138024e-01  2.064139e-04  1.889962e-02  2.017171e-06  
7.221675e-02  7.994972e+03  4.942656e-03  2.636629e+02  7.672401e-01  2.137773e-01  2.051965e-04  1.877538e-02  2.005120e-06  
7.248725e-02  7.991252e+03  4.945472e-03  2.600943e+02  7.673830e-01  2.137535e-01  2.040450e-04  1.865749e-02  1.993746e-06  
7.275550e-02  7.987728e+03  4.948164e-03  2.565783e+02  7.675187e-01  2.137309e-01  2.029543e-04  1.854549e-02  1.982995e-06  
7.302155e-02  7.984398e+03  4.950742e-03  2.531131e+02  7.676476e-01  2.137094e-01  2.019220e-04  1.843917e-02  1.972841e-06  
7.328540e-02  7.981245e+03  4.953206e-03  2.496980e+02  7.677700e-01  2.136889e-01  2.009439e-04  1.833816e-02  1.963239e-06  
7.354705e-02  7.978266e+03  4.955567e-03  2.463322e+02  7.678862e-01  2.136695e-01  2.000181e-04  1.824227e-02  1.954167e-06  
7.380645e-02  7.975448e+03  4.957825e-03  2.430156e+02  7.679966e-01  2.136511e-01  1.991411e-04  1.815121e-02  1.945591e-06  
7.406365e-02  7.972783e+03  4.959986e-03  2.397468e+02  7.681014e-01  2.136336e-01  1.983104e-04  1.806472e-02  1.937481e-06  
7.431870e-02  7.970264e+03  4.962055e-03  2.365251e+02  7.682010e-01  2.136170e-01  1.975232e-04  1.798256e-02  1.929809e-06  
7.457160e-02  7.967875e+03  4.964041e-03  2.333496e+02  7.682955e-01  2.136012e-01  1.967774e-04  1.790455e-02  1.922552e-06  
7.482235e-02  7.965607e+03  4.965945e-03  2.302186e+02  7.683853e-01  2.135863e-01  1.960705e-04  1.783045e-02  1.915685e-06  
7.507095e-02  7.963467e+03  4.967771e-03  2.271313e+02  7.684706e-01  2.135720e-01  1.954011e-04  1.776011e-02  1.909192e-06  
7.531740e-02  7.961445e+03  4.969518e-03  2.240881e+02  7.685515e-01  2.135585e-01  1.947667e-04  1.769330e-02  1.903048e-06  
7.556175e-02  7.959534e+03  4.971191e-03  2.210877e+02  7.686284e-01  2.135457e-01  1.941655e-04  1.762985e-02  1.897235e-06  
7.580400e-02  7.957730e+03  4.972794e-03  2.181296e+02  7.687014e-01  2.135335e-01  1.935959e-04  1.756960e-02  1.891735e-06  
7.604415e-02  7.956027e+03  4.974329e-03  2.152131e+02  7.687708e-01  2.135219e-01  1.930561e-04  1.751239e-02  1.886531e-06  
7.628225e-02  7.954418e+03  4.975799e-03  2.123373e+02  7.688366e-01  2.135109e-01  1.925445e-04  1.745805e-02  1.881604e-06  
7.651825e-02  7.952903e+03  4.977210e-03  2.095019e+02  7.688991e-01  2.135005e-01  1.920599e-04  1.740648e-02  1.876946e-06  
7.675215e-02  7.951471e+03  4.978559e-03  2.067069e+02  7.689585e-01  2.134905e-01  1.916006e-04  1.735751e-02  1.872535e-06  
7.698405e-02  7.950120e+03  4.979853e-03  2.039503e+02  7.690148e-01  2.134811e-01  1.911652e-04  1.731099e-02  1.868360e-06  
7.721390e-02  7.948848e+03  4.981093e-03  2.012323e+02  7.690684e-01  2.134722e-01  1.907528e-04  1.726684e-02  1.864411e-06  
7.744170e-02  7.947648e+03  4.982282e-03  1.985525e+02  7.691192e-01  2.134637e-01  1.903619e-04  1.722492e-02  1.860672e-06  
7.766750e-02  7.946516e+03  4.983421e-03  1.959098e+02  7.691674e-01  2.134556e-01  1.899915e-04  1.718512e-02  1.857134e-06  
7.789130e-02  7.945451e+03  4.984514e-03  1.933037e+02  7.692132e-01  2.134480e-01  1.896405e-04  1.714733e-02  1.853785e-06  
7.811310e-02  7.944447e+03  4.985561e-03  1.907340e+02  7.692567e-01  2.134407e-01  1.893078e-04  1.711146e-02  1.850616e-06  
7.833295e-02  7.943502e+03  4.986565e-03  1.881996e+02  7.692979e-01  2.134338e-01  1.889925e-04  1.707739e-02  1.847616e-06  
7.855085e-02  7.942613e+03  4.987530e-03  1.857001e+02  7.693371e-01  2.134273e-01  1.886938e-04  1.704505e-02  1.844777e-06  
7.876675e-02  7.941776e+03  4.988455e-03  1.832357e+02  7.693743e-01  2.134211e-01  1.884108e-04  1.701436e-02  1.842091e-06  
7.898070e-02  7.940989e+03  4.989341e-03  1.808055e+02  7.694096e-01  2.134152e-01  1.881426e-04  1.698522e-02  1.839548e-06  
7.919275e-02  7.940248e+03  4.990192e-03  1.784085e+02  7.694432e-01  2.134096e-01  1.878884e-04  1.695756e-02  1.837141e-06  
7.940290e-02  7.939553e+03  4.991009e-03  1.760443e+02  7.694750e-01  2.134042e-01  1.876475e-04  1.693130e-02  1.834863e-06  
7.961115e-02  7.938899e+03  4.991793e-03  1.737127e+02  7.695052e-01  2.133992e-01  1.874193e-04  1.690636e-02  1.832707e-06  
7.981750e-02  7.938285e+03  4.992546e-03  1.714133e+02  7.695339e-01  2.133944e-01  1.872030e-04  1.688270e-02  1.830668e-06  
8.002195e-02  7.937710e+03  4.993269e-03  1.691457e+02  7.695611e-01  2.133898e-01  1.869981e-04  1.686023e-02  1.828738e-06  
8.022455e-02  7.937169e+03  4.993962e-03  1.669092e+02  7.695870e-01  2.133855e-01  1.868039e-04  1.683890e-02  1.826910e-06  
8.042530e-02  7.936662e+03  4.994630e-03  1.647033e+02  7.696115e-01  2.133814e-01  1.866200e-04  1.681866e-02  1.825182e-06  
8.062420e-02  7.936186e+03  4.995270e-03  1.625278e+02  7.696348e-01  2.133775e-01  1.864456e-04  1.679943e-02  1.823545e-06  
8.082125e-02  7.935742e+03  4.995886e-03  1.603823e+02  7.696569e-01  2.133738e-01  1.862804e-04  1.678119e-02  1.821998e-06  
8.101650e-02  7.935324e+03  4.996476e-03  1.582661e+02  7.696779e-01  2.133703e-01  1.861238e-04  1.676386e-02  1.820532e-06  
8.120995e-02  7.934934e+03  4.997046e-03  1.561788e+02  7.696978e-01  2.133670e-01  1.859755e-04  1.674741e-02  1.819146e-06  
8.140160e-02  7.934568e+03  4.997592e-03  1.541202e+02  7.697168e-01  2.133638e-01  1.858348e-04  1.673179e-02  1.817833e-06  
8.159150e-02  7.934227e+03  4.998117e-03  1.520895e+02  7.697347e-01  2.133608e-01  1.857016e-04  1.671695e-02  1.816592e-06  
8.177960e-02  7.933909e+03  4.998623e-03  1.500869e+02  7.697518e-01  2.133579e-01  1.855753e-04  1.670287e-02  1.815417e-06  
8.196595e-02  7.933610e+03  4.999109e-03  1.481116e+02  7.697680e-01  2.133552e-01  1.854556e-04  1.668948e-02  1.814304e-06  
8.215055e-02  7.933333e+03  4.999578e-03  1.461634e+02  7.697834e-01  2.133526e-01  1.853422e-04  1.667678e-02  1.813252e-06  
8.233340e-02  7.933073e+03  5.000028e-03  1.442421e+02  7.697980e-01  2.133502e-01  1.852347e-04  1.666471e-02  1.812256e-06  
8.251455e-02  7.932832e+03  5.000461e-03  1.423468e+02  7.698119e-01  2.133479e-01  1.851328e-04  1.665324e-02  1.811313e-06  
8.269400e-02  7.932607e+03  5.000879e-03  1.404773e+02  7.698251e-01  2.133457e-01  1.850361e-04  1.664235e-02  1.810421e-06  
8.287180e-02  7.932396e+03  5.001280e-03  1.386329e+02  7.698377e-01  2.133436e-01  1.849444e-04  1.663199e-02  1.809575e-06  
8.304790e-02  7.932203e+03  5.001669e-03  1.368138e+02  7.698496e-01  2.133416e-01  1.848576e-04  1.662215e-02  1.808776e-06  
8.322230e-02  7.932021e+03  5.002041e-03  1.350199e+02  7.698610e-01  2.133397e-01  1.847752e-04  1.661280e-02  1.808019e-06  
8.339505e-02  7.931854e+03  5.002401e-03  1.332504e+02  7.698717e-01  2.133379e-01  1.846971e-04  1.660391e-02  1.807302e-06  
8.356615e-02  7.931698e+03  5.002747e-03  1.315050e+02  7.698820e-01  2.133361e-01  1.846229e-04  1.659546e-02  1.806624e-06  
8.373565e-02  7.931554e+03  5.003081e-03  1.297832e+02  7.698917e-01  2.133345e-01  1.845526e-04  1.658742e-02  1.805981e-06  
8.390355e-02  7.931420e+03  5.003403e-03  1.280845e+02  7.699010e-01  2.133330e-01  1.844859e-04  1.657977e-02  1.805372e-06  
8.406980e-02  7.931298e+03  5.003715e-03  1.264094e+02  7.699098e-01  2.133315e-01  1.844226e-04  1.657250e-02  1.804796e-06  
8.423445e-02  7.931183e+03  5.004014e-03  1.247572e+02  7.699182e-01  2.133301e-01  1.843625e-04  1.656558e-02  1.804249e-06  
8.439755e-02  7.931078e+03  5.004304e-03  1.231271e+02  7.699262e-01  2.133287e-01  1.843054e-04  1.655899e-02  1.803732e-06  
8.455905e-02  7.930982e+03  5.004584e-03  1.215195e+02  7.699338e-01  2.133275e-01  1.842513e-04  1.655272e-02  1.803242e-06  
8.471900e-02  7.930893e+03  5.004853e-03  1.199336e+02  7.699410e-01  2.133263e-01  1.841998e-04  1.654675e-02  1.802777e-06  
8.487745e-02  7.930811e+03  5.005113e-03  1.183689e+02  7.699479e-01  2.133251e-01  1.841510e-04  1.654106e-02  1.802336e-06  
8.503435e-02  7.930737e+03  5.005365e-03  1.168255e+02  7.699544e-01  2.133240e-01  1.841046e-04  1.653565e-02  1.801919e-06  
8.518970e-02  7.930669e+03  5.005608e-03  1.153034e+02  7.699607e-01  2.133230e-01  1.840605e-04  1.653049e-02  1.801523e-06  
8.534355e-02  7.930607e+03  5.005843e-03  1.138019e+02  7.699667e-01  2.133220e-01  1.840186e-04  1.652557e-02  1.801148e-06  
8.549590e-02  7.930550e+03  5.006071e-03  1.123207e+02  7.699723e-01  2.133210e-01  1.839787e-04  1.652088e-02  1.800792e-06  
8.564675e-02  7.930499e+03  5.006290e-03  1.108598e+02  7.699778e-01  2.133201e-01  1.839408e-04  1.651640e-02  1.800454e-06  
8.579615e-02  7.930452e+03  5.006502e-03  1.094185e+02  7.699829e-01  2.133192e-01  1.839047e-04  1.651213e-02  1.800133e-06  
8.594410e-02  7.930410e+03  5.006708e-03  1.079965e+02  7.699879e-01  2.133184e-01  1.838704e-04  1.650806e-02  1.799829e-06  
8.609055e-02  7.930373e+03  5.006907e-03  1.065943e+02  7.699926e-01  2.133176e-01  1.838378e-04  1.650417e-02  1.799540e-06  
8.623560e-02  7.930338e+03  5.007099e-03  1.052108e+02  7.699971e-01  2.133169e-01  1.838067e-04  1.650046e-02  1.799265e-06  
8.637925e-02  7.930309e+03  5.007286e-03  1.038457e+02  7.700014e-01  2.133161e-01  1.837771e-04  1.649691e-02  1.799004e-06  
8.652145e-02  7.930282e+03  5.007466e-03  1.024994e+02  7.700055e-01  2.133154e-01  1.837489e-04  1.649352e-02  1.798757e-06  
8.666225e-02  7.930259e+03  5.007641e-03  1.011713e+02  7.700094e-01  2.133148e-01  1.837220e-04  1.649028e-02  1.798521e-06  
8.680165e-02  7.930238e+03  5.007810e-03  9.986127e+01  7.700132e-01  2.133142e-01  1.836964e-04  1.648718e-02  1.798297e-06  
8.693965e-02  7.930221e+03  5.007974e-03  9.856909e+01  7.700168e-01  2.133136e-01  1.836720e-04  1.648422e-02  1.798084e-06  
8.707630e-02  7.930205e+03  5.008132e-03  9.729423e+01  7.700202e-01  2.133130e-01  1.836486e-04  1.648138e-02  1.797881e-06  
8.721160e-02  7.930193e+03  5.008287e-03  9.603649e+01  7.700235e-01  2.133124e-01  1.836264e-04  1.647867e-02  1.797689e-06  
8.734555e-02  7.930182e+03  5.008436e-03  9.479579e+01  7.700266e-01  2.133119e-01  1.836052e-04  1.647607e-02  1.797505e-06  
8.747820e-02  7.930173e+03  5.008580e-03  9.357151e+01  7.700297e-01  2.133114e-01  1.835849e-04  1.647357e-02  1.797330e-06  
8.760950e-02  7.930167e+03  5.008721e-03  9.236397e+01  7.700326e-01  2.133109e-01  1.835655e-04  1.647118e-02  1.797163e-06  
8.773950e-02  7.930161e+03  5.008856e-03  9.117264e+01  7.700353e-01  2.133104e-01  1.835469e-04  1.646889e-02  1.797004e-06  
8.786820e-02  7.930159e+03  5.008990e-03  8.999732e+01  7.700380e-01  2.133100e-01  1.835292e-04  1.646669e-02  1.796853e-06  
8.799560e-02  7.930156e+03  5.009117e-03  8.883795e+01  7.700406e-01  2.133096e-01  1.835123e-04  1.646458e-02  1.796708e-06  
8.812175e-02  7.930156e+03  5.009242e-03  8.769392e+01  7.700430e-01  2.133091e-01  1.834960e-04  1.646256e-02  1.796570e-06  
8.824660e-02  7.930157e+03  5.009363e-03  8.656558e+01  7.700454e-01  2.133087e-01  1.834805e-04  1.646061e-02  1.796438e-06  
8.837020e-02  7.930159e+03  5.009480e-03  8.545237e+01  7.700476e-01  2.133084e-01  1.834656e-04  1.645874e-02  1.796312e-06  
8.849255e-02  7.930162e+03  5.009594e-03  8.435414e+01  7.700498e-01  2.133080e-01  1.834514e-04  1.645695e-02  1.796192e-06  
8.861365e-02  7.930166e+03  5.009705e-03  8.327083e+01  7.700519e-01  2.133076e-01  1.834377e-04  1.645522e-02  1.796077e-06  
8.873355e-02  7.930170e+03  5.009812e-03  8.220185e+01  7.700539e-01  2.133073e-01  1.834246e-04  1.645356e-02  1.795967e-06  
8.885225e-02  7.930176e+03  5.009917e-03  8.114711e+01  7.700559e-01  2.133070e-01  1.834120e-04  1.645196e-02  1.795862e-06  
8.896975e-02  7.930182e+03  5.010018e-03  8.010649e+01  7.700577e-01  2.133067e-01  1.833999e-04  1.645041e-02  1.795761e-06  
8.908605e-02  7.930189e+03  5.010117e-03  7.907990e+01  7.700595e-01  2.133064e-01  1.833883e-04  1.644893e-02  1.795664e-06  
8.920115e-02  7.930197e+03  5.010213e-03  7.806723e+01  7.700613e-01  2.133061e-01  1.833771e-04  1.644750e-02  1.795572e-06  
8.931505e-02  7.930205e+03  5.010307e-03  7.706837e+01  7.700629e-01  2.133058e-01  1.833664e-04  1.644612e-02  1.795484e-06  
8.942780e-02  7.930213e+03  5.010397e-03  7.608282e+01  7.700645e-01  2.133055e-01  1.833561e-04  1.644479e-02  1.795398e-06  
8.953945e-02  7.930222e+03  5.010485e-03  7.511002e+01  7.700661e-01  2.133053e-01  1.833462e-04  1.644350e-02  1.795317e-06  
8.964995e-02  7.930232e+03  5.010572e-03  7.415030e+01  7.700676e-01  2.133050e-01  1.833366e-04  1.644226e-02  1.795238e-06  
8.975930e-02  7.930241e+03  5.010655e-03  7.320361e+01  7.700690e-01  2.133048e-01  1.833274e-04  1.644107e-02  1.795163e-06  
8.986755e-02  7.930251e+03  5.010736e-03  7.226939e+01  7.700704e-01  2.133045e-01  1.833186e-04  1.643991e-02  1.795091e-06  
8.997470e-02  7.930261e+03  5.010815e-03  7.134756e+01  7.700718e-01  2.133043e-01  1.833100e-04  1.643879e-02  1.795021e-06  
9.008075e-02  7.930272e+03  5.010893e-03  7.043804e+01  7.700731e-01  2.133041e-01  1.833018e-04  1.643771e-02  1.794955e-06  
9.018570e-02  7.930282e+03  5.010968e-03  6.954074e+01  7.700744e-01  2.133039e-01  1.832938e-04  1.643667e-02  1.794890e-06  
9.028955e-02  7.930293e+03  5.011041e-03  6.865558e+01  7.700756e-01  2.133037e-01  1.832862e-04  1.643566e-02  1.794829e-06  
9.039235e-02  7.930304e+03  5.011111e-03  6.778205e+01  7.700768e-01  2.133035e-01  1.832788e-04  1.643468e-02  1.794769e-06  
9.049410e-02  7.930315e+03  5.011181e-03  6.692006e+01  7.700779e-01  2.133033e-01  1.832716e-04  1.643373e-02  1.794711e-06  
9.059480e-02  7.930326e+03  5.011248e-03  6.606955e+01  7.700790e-01  2.133031e-01  1.832647e-04  1.643281e-02  1.794656e-06  
9.069445e-02  7.930338e+03  5.011314e-03  6.523042e+01  7.700801e-01  2.133029e-01  1.832580e-04  1.643192e-02  1.794603e-06  
9.079305e-02  7.930349e+03  5.011378e-03  6.440261e+01  7.700812e-01  2.133027e-01  1.832516e-04  1.643106e-02  1.794551e-06  
9.089065e-02  7.930360e+03  5.011440e-03  6.358562e+01  7.700822e-01  2.133026e-01  1.832453e-04  1.643022e-02  1.794501e-06  
9.098725e-02  7.930371e+03  5.011501e-03  6.277937e+01  7.700832e-01  2.133024e-01  1.832393e-04  1.642941e-02  1.794453e-06  
9.108285e-02  7.930383e+03  5.011560e-03  6.198380e+01  7.700841e-01  2.133022e-01  1.832334e-04  1.642862e-02  1.794407e-06  
9.117745e-02  7.930394e+03  5.011618e-03  6.119883e+01  7.700850e-01  2.133021e-01  1.832277e-04  1.642786e-02  1.794362e-06  
9.127105e-02  7.930405e+03  5.011675e-03  6.042439e+01  7.700859e-01  2.133019e-01  1.832222e-04  1.642712e-02  1.794319e-06  
9.136365e-02  7.930417e+03  5.011730e-03  5.966042e+01  7.700868e-01  2.133018e-01  1.832169e-04  1.642640e-02  1.794277e-06  
9.145530e-02  7.930427e+03  5.011783e-03  5.890644e+01  7.700877e-01  2.133016e-01  1.832117e-04  1.642570e-02  1.794236e-06  
9.154605e-02  7.930438e+03  5.011834e-03  5.816197e+01  7.700885e-01  2.133015e-01  1.832067e-04  1.642502e-02  1.794197e-06  
9.163585e-02  7.930450e+03  5.011886e-03  5.742734e+01  7.700893e-01  2.133014e-01  1.832019e-04  1.642436e-02  1.794159e-06  
9.172465e-02  7.930461e+03  5.011936e-03  5.670292e+01  7.700901e-01  2.133012e-01  1.831972e-04  1.642372e-02  1.794122e-06  
9.181255e-02  7.930471e+03  5.011983e-03  5.598784e+01  7.700908e-01  2.133011e-01  1.831925e-04  1.642309e-02  1.794086e-06  
9.189955e-02  7.930482e+03  5.012031e-03  5.528200e+01  7.700916e-01  2.133010e-01  1.831881e-04  1.642249e-02  1.794052e-06  
9.198560e-02  7.930493e+03  5.012077e-03  5.458577e+01  7.700923e-01  2.133009e-01  1.831838e-04  1.642189e-02  1.794018e-06  
9.207080e-02  7.930503e+03  5.012121e-03  5.389830e+01  7.700930e-01  2.133007e-01  1.831796e-04  1.642132e-02  1.793985e-06  
9.215510e-02  7.930514e+03  5.012166e-03  5.321990e+01  7.700936e-01  2.133006e-01  1.831755e-04  1.642076e-02  1.793954e-06  
9.223845e-02  7.930524e+03  5.012208e-03  5.255094e+01  7.700943e-01  2.133005e-01  1.831715e-04  1.642021e-02  1.793923e-06  
9.232095e-02  7.930534e+03  5.012250e-03  5.189056e+01  7.700950e-01  2.133004e-01  1.831677e-04  1.641968e-02  1.793893e-06  
9.240260e-02  7.930544e+03  5.012290e-03  5.123870e+01  7.700956e-01  2.133003e-01  1.831639e-04  1.641916e-02  1.793864e-06  
9.248340e-02  7.930554e+03  5.012330e-03  5.059531e+01  7.700962e-01  2.133002e-01  1.831602e-04  1.641866e-02  1.793836e-06  
9.256335e-02  7.930564e+03  5.012369e-03  4.996033e+01  7.700968e-01  2.133001e-01  1.831567e-04  1.641817e-02  1.793809e-06  
9.264245e-02  7.930573e+03  5.012406e-03  4.933373e+01  7.700974e-01  2.133000e-01  1.831532e-04  1.641769e-02  1.793782e-06  
9.272070e-02  7.930583e+03  5.012444e-03  4.871543e+01  7.700979e-01  2.132999e-01  1.831498e-04  1.641722e-02  1.793757e-06  
9.279815e-02  7.930592e+03  5.012479e-03  4.810502e+01  7.700985e-01  2.132998e-01  1.831465e-04  1.641677e-02  1.793731e-06  
9.287480e-02  7.930602e+03  5.012515e-03  4.750243e+01  7.700990e-01  2.132997e-01  1.831433e-04  1.641632e-02  1.793707e-06  
9.295060e-02  7.930611e+03  5.012549e-03  4.690801e+01  7.700995e-01  2.132996e-01  1.831402e-04  1.641589e-02  1.793683e-06  
9.302560e-02  7.930620e+03  5.012583e-03  4.632132e+01  7.701001e-01  2.132995e-01  1.831372e-04  1.641547e-02  1.793660e-06  
9.309980e-02  7.930629e+03  5.012615e-03  4.574231e+01  7.701006e-01  2.132995e-01  1.831342e-04  1.641505e-02  1.793637e-06  
9.317320e-02  7.930638e+03  5.012647e-03  4.517095e+01  7.701010e-01  2.132994e-01  1.831313e-04  1.641465e-02  1.793615e-06  
9.324585e-02  7.930646e+03  5.012678e-03  4.460681e+01  7.701015e-01  2.132993e-01  1.831285e-04  1.641426e-02  1.793593e-06  
9.331770e-02  7.930655e+03  5.012710e-03  4.405020e+01  7.701020e-01  2.132992e-01  1.831258e-04  1.641387e-02  1.793573e-06  
9.338880e-02  7.930663e+03  5.012738e-03  4.350074e+01  7.701024e-01  2.132991e-01  1.831230e-04  1.641350e-02  1.793552e-06  
9.345915e-02  7.930672e+03  5.012768e-03  4.295834e+01  7.701029e-01  2.132991e-01  1.831205e-04  1.641313e-02  1.793533e-06  
9.352870e-02  7.930680e+03  5.012796e-03  4.242339e+01  7.701033e-01  2.132990e-01  1.831179e-04  1.641278e-02  1.793513e-06  
9.359755e-02  7.930688e+03  5.012824e-03  4.189505e+01  7.701037e-01  2.132989e-01  1.831154e-04  1.641243e-02  1.793494e-06  
9.366570e-02  7.930695e+03  5.012851e-03  4.137330e+01  7.701042e-01  2.132989e-01  1.831129e-04  1.641209e-02  1.793476e-06  
9.373310e-02  7.930704e+03  5.012878e-03  4.085847e+01  7.701046e-01  2.132988e-01  1.831106e-04  1.641175e-02  1.793458e-06  
9.379975e-02  7.930711e+03  5.012904e-03  4.035054e+01  7.701050e-01  2.132987e-01  1.831083e-04  1.641143e-02  1.793440e-06  
9.386570e-02  7.930719e+03  5.012929e-03  3.984907e+01  7.701053e-01  2.132987e-01  1.831060e-04  1.641111e-02  1.793423e-06  
9.393095e-02  7.930726e+03  5.012954e-03  3.935405e+01  7.701057e-01  2.132986e-01  1.831038e-04  1.641080e-02  1.793406e-06  
9.399555e-02  7.930733e+03  5.012977e-03  3.886505e+01  7.701061e-01  2.132985e-01  1.831016e-04  1.641049e-02  1.793390e-06  
9.405945e-02  7.930741e+03  5.013001e-03  3.838241e+01  7.701064e-01  2.132985e-01  1.830995e-04  1.641020e-02  1.793374e-06  
9.412260e-02  7.930748e+03  5.013025e-03  3.790648e+01  7.701068e-01  2.132984e-01  1.830974e-04  1.640990e-02  1.793359e-06  
9.418510e-02  7.930754e+03  5.013047e-03  3.743649e+01  7.701071e-01  2.132983e-01  1.830954e-04  1.640962e-02  1.793343e-06  
9.424695e-02  7.930761e+03  5.013069e-03  3.697238e+01  7.701075e-01  2.132983e-01  1.830934e-04  1.640934e-02  1.793328e-06  
9.430810e-02  7.930768e+03  5.013091e-03  3.651451e+01  7.701078e-01  2.132982e-01  1.830915e-04  1.640907e-02  1.793314e-06  
9.436860e-02  7.930774e+03  5.013111e-03  3.606247e+01  7.701081e-01  2.132982e-01  1.830896e-04  1.640880e-02  1.793300e-06  
9.442845e-02  7.930781e+03  5.013132e-03  3.561622e+01  7.701084e-01  2.132981e-01  1.830877e-04  1.640854e-02  1.793286e-06  
9.448765e-02  7.930787e+03  5.013152e-03  3.517575e+01  7.701088e-01  2.132981e-01  1.830859e-04  1.640829e-02  1.793272e-06  
9.454625e-02  7.930793e+03  5.013172e-03  3.474065e+01  7.701091e-01  2.132980e-01  1.830841e-04  1.640804e-02  1.793259e-06  
9.460420e-02  7.930800e+03  5.013191e-03  3.431125e+01  7.701094e-01  2.132980e-01  1.830824e-04  1.640779e-02  1.793246e-06  
9.466155e-02  7.930805e+03  5.013209e-03  3.388718e+01  7.701096e-01  2.132979e-01  1.830807e-04  1.640755e-02  1.793233e-06  
9.471830e-02  7.930812e+03  5.013228e-03  3.346839e+01  7.701099e-01  2.132979e-01  1.830790e-04  1.640732e-02  1.793221e-06  
9.477435e-02  7.930818e+03  5.013247e-03  3.305559e+01  7.701102e-01  2.132978e-01  1.830774e-04  1.640709e-02  1.793209e-06  
9.482980e-02  7.930823e+03  5.013264e-03  3.264803e+01  7.701105e-01  2.132978e-01  1.830758e-04  1.640687e-02  1.793197e-06  
9.488470e-02  7.930829e+03  5.013281e-03  3.224531e+01  7.701107e-01  2.132977e-01  1.830743e-04  1.640665e-02  1.793185e-06  
9.493900e-02  7.930834e+03  5.013298e-03  3.184777e+01  7.701110e-01  2.132977e-01  1.830728e-04  1.640643e-02  1.793174e-06  
9.499270e-02  7.930840e+03  5.013314e-03  3.145538e+01  7.701113e-01  2.132977e-01  1.830713e-04  1.640622e-02  1.793163e-06  
9.504585e-02  7.930845e+03  5.013330e-03  3.106777e+01  7.701115e-01  2.132976e-01  1.830698e-04  1.640601e-02  1.793152e-06  
9.509840e-02  7.930851e+03  5.013347e-03  3.068525e+01  7.701118e-01  2.132976e-01  1.830684e-04  1.640581e-02  1.793141e-06  
9.515035e-02  7.930856e+03  5.013362e-03  3.030783e+01  7.701120e-01  2.132975e-01  1.830670e-04  1.640561e-02  1.793131e-06  
9.520180e-02  7.930860e+03  5.013376e-03  2.993475e+01  7.701122e-01  2.132975e-01  1.830656e-04  1.640542e-02  1.793120e-06  
9.525270e-02  7.930866e+03  5.013391e-03  2.956634e+01  7.701125e-01  2.132975e-01  1.830643e-04  1.640523e-02  1.793111e-06  
9.530300e-02  7.930871e+03  5.013406e-03  2.920294e+01  7.701127e-01  2.132974e-01  1.830630e-04  1.640504e-02  1.793101e-06  
9.535275e-02  7.930875e+03  5.013420e-03  2.884418e+01  7.701129e-01  2.132974e-01  1.830617e-04  1.640486e-02  1.793091e-06  
9.540195e-02  7.930881e+03  5.013434e-03  2.849002e+01  7.701131e-01  2.132973e-01  1.830604e-04  1.640468e-02  1.793082e-06  
9.545065e-02  7.930885e+03  5.013447e-03  2.814011e+01  7.701133e-01  2.132973e-01  1.830591e-04  1.640451e-02  1.793072e-06  
9.549880e-02  7.930890e+03  5.013461e-03  2.779475e+01  7.701135e-01  2.132973e-01  1.830580e-04  1.640433e-02  1.793064e-06  
9.554640e-02  7.930894e+03  5.013473e-03  2.745395e+01  7.701137e-01  2.132972e-01  1.830568e-04  1.640417e-02  1.793055e-06  
9.559355e-02  7.930898e+03  5.013486e-03  2.711697e+01  7.701139e-01  2.132972e-01  1.830556e-04  1.640400e-02  1.793046e-06  
9.564015e-02  7.930903e+03  5.013499e-03  2.678449e+01  7.701141e-01  2.132972e-01  1.830545e-04  1.640384e-02  1.793038e-06  
9.568625e-02  7.930907e+03  5.013510e-03  2.645615e+01  7.701143e-01  2.132971e-01  1.830533e-04  1.640368e-02  1.793029e-06  
9.573185e-02  7.930912e+03  5.013523e-03  2.613193e+01  7.701145e-01  2.132971e-01  1.830522e-04  1.640353e-02  1.793021e-06  
9.577695e-02  7.930915e+03  5.013534e-03  2.581181e+01  7.701147e-01  2.132971e-01  1.830511e-04  1.640337e-02  1.793013e-06  
9.582155e-02  7.930920e+03  5.013546e-03  2.549577e+01  7.701149e-01  2.132970e-01  1.830501e-04  1.640322e-02  1.793005e-06  
9.586565e-02  7.930923e+03  5.013556e-03  2.518379e+01  7.701151e-01  2.132970e-01  1.830491e-04  1.640308e-02  1.792998e-06  
9.590930e-02  7.930927e+03  5.013567e-03  2.487551e+01  7.701152e-01  2.132970e-01  1.830480e-04  1.640293e-02  1.792990e-06  
9.595245e-02  7.930931e+03  5.013578e-03  2.457126e+01  7.701154e-01  2.132970e-01  1.830471e-04  1.640279e-02  1.792983e-06  
9.599515e-02  7.930935e+03  5.013588e-03  2.427067e+01  7.701156e-01  2.132969e-01  1.830461e-04  1.640265e-02  1.792975e-06  
9.603735e-02  7.930939e+03  5.013599e-03  2.397408e+01  7.701157e-01  2.132969e-01  1.830451e-04  1.640252e-02  1.792969e-06  
9.607910e-02  7.930942e+03  5.013608e-03  2.368113e+01  7.701159e-01  2.132969e-01  1.830442e-04  1.640238e-02  1.792961e-06  
9.612040e-02  7.930947e+03  5.013619e-03  2.339178e+01  7.701161e-01  2.132968e-01  1.830433e-04  1.640225e-02  1.792955e-06  
9.616125e-02  7.930949e+03  5.013627e-03  2.310605e+01  7.701162e-01  2.132968e-01  1.830423e-04  1.640213e-02  1.792948e-06  
9.620165e-02  7.930954e+03  5.013638e-03  2.282389e+01  7.701164e-01  2.132968e-01  1.830415e-04  1.640200e-02  1.792942e-06  
9.624160e-02  7.930956e+03  5.013646e-03  2.254531e+01  7.701165e-01  2.132968e-01  1.830406e-04  1.640188e-02  1.792935e-06  
9.628115e-02  7.930960e+03  5.013656e-03  2.226994e+01  7.701167e-01  2.132967e-01  1.830398e-04  1.640176e-02  1.792929e-06  
9.632020e-02  7.930964e+03  5.013665e-03  2.199846e+01  7.701168e-01  2.132967e-01  1.830389e-04  1.640164e-02  1.792923e-06  
9.635885e-02  7.930966e+03  5.013673e-03  2.173018e+01  7.701170e-01  2.132967e-01  1.830381e-04  1.640152e-02  1.792916e-06  
9.639710e-02  7.930970e+03  5.013682e-03  2.146505e+01  7.701171e-01  2.132967e-01  1.830373e-04  1.640141e-02  1.792910e-06  
9.643490e-02  7.930973e+03  5.013690e-03  2.120344e+01  7.701172e-01  2.132966e-01  1.830365e-04  1.640129e-02  1.792904e-06  
9.647230e-02  7.930976e+03  5.013698e-03  2.094497e+01  7.701174e-01  2.132966e-01  1.830357e-04  1.640118e-02  1.792899e-06  
9.650930e-02  7.930979e+03  5.013706e-03  2.068964e+01  7.701175e-01  2.132966e-01  1.830350e-04  1.640108e-02  1.792893e-06  
9.654590e-02  7.930982e+03  5.013714e-03  2.043743e+01  7.701176e-01  2.132966e-01  1.830342e-04  1.640097e-02  1.792887e-06  
9.658205e-02  7.930986e+03  5.013722e-03  2.018867e+01  7.701177e-01  2.132966e-01  1.830335e-04  1.640086e-02  1.792882e-06  
9.661780e-02  7.930988e+03  5.013729e-03  1.994302e+01  7.701179e-01  2.132965e-01  1.830327e-04  1.640076e-02  1.792877e-06  
9.665320e-02  7.930991e+03  5.013736e-03  1.970011e+01  7.701180e-01  2.132965e-01  1.830320e-04  1.640066e-02  1.792871e-06  
9.668820e-02  7.930994e+03  5.013743e-03  1.946028e+01  7.701181e-01  2.132965e-01  1.830313e-04  1.640056e-02  1.792866e-06  
9.672280e-02  7.930997e+03  5.013750e-03  1.922351e+01  7.701182e-01  2.132965e-01  1.830307e-04  1.640047e-02  1.792861e-06  
9.675705e-02  7.930999e+03  5.013757e-03  1.898946e+01  7.701183e-01  2.132965e-01  1.830300e-04  1.640037e-02  1.792856e-06  
9.679090e-02  7.931002e+03  5.013764e-03  1.875844e+01  7.701185e-01  2.132964e-01  1.830293e-04  1.640028e-02  1.792852e-06  
9.682435e-02  7.931005e+03  5.013771e-03  1.853047e+01  7.701186e-01  2.132964e-01  1.830287e-04  1.640019e-02  1.792847e-06  
9.685750e-02  7.931007e+03  5.013777e-03  1.830484e+01  7.701187e-01  2.132964e-01  1.830280e-04  1.640010e-02  1.792842e-06  
9.689025e-02  7.931010e+03  5.013784e-03  1.808222e+01  7.701188e-01  2.132964e-01  1.830274e-04  1.640001e-02  1.792837e-06  
9.692260e-02  7.931012e+03  5.013790e-03  1.786261e+01  7.701189e-01  2.132964e-01  1.830268e-04  1.639992e-02  1.792833e-06  
9.695465e-02  7.931015e+03  5.013795e-03  1.764532e+01  7.701190e-01  2.132963e-01  1.830262e-04  1.639983e-02  1.792828e-06  
9.698635e-02  7.931017e+03  5.013802e-03  1.743067e+01  7.701191e-01  2.132963e-01  1.830256e-04  1.639975e-02  1.792824e-06  
9.701765e-02  7.931020e+03  5.013808e-03  1.721900e+01  7.701192e-01  2.132963e-01  1.830250e-04  1.639967e-02  1.792820e-06  
9.704860e-02  7.931022e+03  5.013813e-03  1.700995e+01  7.701193e-01  2.132963e-01  1.830245e-04  1.639959e-02  1.792815e-06  
9.707925e-02  7.931024e+03  5.013819e-03  1.680319e+01  7.701194e-01  2.132963e-01  1.830239e-04  1.639951e-02  1.792811e-06  
9.710955e-02  7.931027e+03  5.013825e-03  1.659904e+01  7.701195e-01  2.132963e-01  1.830234e-04  1.639943e-02  1.792807e-06  
9.713950e-02  7.931029e+03  5.013830e-03  1.639750e+01  7.701196e-01  2.132963e-01  1.830228e-04  1.639935e-02  1.792803e-06  
9.716915e-02  7.931031e+03  5.013835e-03  1.619821e+01  7.701197e-01  2.132962e-01  1.830223e-04  1.639928e-02  1.792799e-06  
9.719845e-02  7.931033e+03  5.013841e-03  1.600151e+01  7.701198e-01  2.132962e-01  1.830218e-04  1.639920e-02  1.792795e-06  
9.722740e-02  7.931035e+03  5.013846e-03  1.580740e+01  7.701199e-01  2.132962e-01  1.830212e-04  1.639913e-02  1.792791e-06  
9.725605e-02  7.931037e+03  5.013851e-03  1.561551e+01  7.701199e-01  2.132962e-01  1.830207e-04  1.639906e-02  1.792788e-06  
9.728440e-02  7.931039e+03  5.013855e-03  1.542586e+01  7.701200e-01  2.132962e-01  1.830202e-04  1.639899e-02  1.792784e-06  
9.731240e-02  7.931042e+03  5.013861e-03  1.523877e+01  7.701201e-01  2.132962e-01  1.830198e-04  1.639892e-02  1.792781e-06  
9.734010e-02  7.931043e+03  5.013865e-03  1.505389e+01  7.701202e-01  2.132961e-01  1.830193e-04  1.639885e-02  1.792777e-06  
9.736755e-02  7.931045e+03  5.013869e-03  1.487088e+01  7.701203e-01  2.132961e-01  1.830188e-04  1.639878e-02  1.792773e-06  
9.739465e-02  7.931048e+03  5.013875e-03  1.469041e+01  7.701204e-01  2.132961e-01  1.830183e-04  1.639872e-02  1.792770e-06  
9.742145e-02  7.931049e+03  5.013878e-03  1.451214e+01  7.701204e-01  2.132961e-01  1.830179e-04  1.639865e-02  1.792766e-06  
9.744795e-02  7.931052e+03  5.013883e-03  1.433605e+01  7.701205e-01  2.132961e-01  1.830174e-04  1.639859e-02  1.792763e-06  
9.747415e-02  7.931053e+03  5.013887e-03  1.416215e+01  7.701206e-01  2.132961e-01  1.830170e-04  1.639853e-02  1.792760e-06  
9.750005e-02  7.931055e+03  5.013892e-03  1.399042e+01  7.701207e-01  2.132961e-01  1.830166e-04  1.639846e-02  1.792757e-06  
9.752565e-02  7.931057e+03  5.013896e-03  1.382087e+01  7.701207e-01  2.132961e-01  1.830161e-04  1.639840e-02  1.792754e-06  
9.755100e-02  7.931059e+03  5.013900e-03  1.365314e+01  7.701208e-01  2.132960e-01  1.830157e-04  1.639834e-02  1.792750e-06  
9.757610e-02  7.931060e+03  5.013903e-03  1.348725e+01  7.701209e-01  2.132960e-01  1.830153e-04  1.639829e-02  1.792747e-06  
9.760090e-02  7.931062e+03  5.013908e-03  1.332350e+01  7.701209e-01  2.132960e-01  1.830149e-04  1.639823e-02  1.792744e-06  
9.762540e-02  7.931064e+03  5.013911e-03  1.316191e+01  7.701210e-01  2.132960e-01  1.830145e-04  1.639817e-02  1.792741e-06  
9.764965e-02  7.931065e+03  5.013915e-03  1.300212e+01  7.701211e-01  2.132960e-01  1.830141e-04  1.639812e-02  1.792739e-06  
9.767360e-02  7.931067e+03  5.013919e-03  1.284447e+01  7.701211e-01  2.132960e-01  1.830137e-04  1.639806e-02  1.792736e-06  
9.769730e-02  7.931068e+03  5.013922e-03  1.268862e+01  7.701212e-01  2.132960e-01  1.830133e-04  1.639801e-02  1.792733e-06  
9.772075e-02  7.931070e+03  5.013926e-03  1.253457e+01  7.701213e-01  2.132960e-01  1.830129e-04  1.639795e-02  1.792730e-06  
9.774390e-02  7.931072e+03  5.013930e-03  1.238263e+01  7.701213e-01  2.132960e-01  1.830126e-04  1.639790e-02  1.792727e-06  
9.776680e-02  7.931073e+03  5.013933e-03  1.223249e+01  7.701214e-01  2.132959e-01  1.830122e-04  1.639785e-02  1.792725e-06  
9.778950e-02  7.931075e+03  5.013936e-03  1.208380e+01  7.701215e-01  2.132959e-01  1.830118e-04  1.639780e-02  1.792722e-06  
9.781190e-02  7.931077e+03  5.013940e-03  1.193720e+01  7.701215e-01  2.132959e-01  1.830115e-04  1.639775e-02  1.792720e-06  
9.783405e-02  7.931077e+03  5.013942e-03  1.179239e+01  7.701216e-01  2.132959e-01  1.830111e-04  1.639770e-02  1.792717e-06  
9.785600e-02  7.931079e+03  5.013946e-03  1.164901e+01  7.701216e-01  2.132959e-01  1.830108e-04  1.639765e-02  1.792714e-06  
9.787765e-02  7.931081e+03  5.013949e-03  1.150773e+01  7.701217e-01  2.132959e-01  1.830105e-04  1.639761e-02  1.792712e-06  
9.789905e-02  7.931082e+03  5.013952e-03  1.136820e+01  7.701218e-01  2.132959e-01  1.830102e-04  1.639756e-02  1.792709e-06  
9.792025e-02  7.931083e+03  5.013955e-03  1.123010e+01  7.701218e-01  2.132959e-01  1.830098e-04  1.639751e-02  1.792707e-06  
9.794120e-02  7.931085e+03  5.013958e-03  1.109376e+01  7.701219e-01  2.132959e-01  1.830095e-04  1.639747e-02  1.792705e-06  
9.796190e-02  7.931086e+03  5.013961e-03  1.095916e+01  7.701219e-01  2.132959e-01  1.830092e-04  1.639742e-02  1.792702e-06  
9.798240e-02  7.931087e+03  5.013964e-03  1.082597e+01  7.701220e-01  2.132958e-01  1.830089e-04  1.639738e-02  1.792700e-06  
9.800265e-02  7.931089e+03  5.013967e-03  1.069453e+01  7.701220e-01  2.132958e-01  1.830086e-04  1.639734e-02  1.792698e-06  
9.802270e-02  7.931090e+03  5.013969e-03  1.056449e+01  7.701221e-01  2.132958e-01  1.830083e-04  1.639729e-02  1.792695e-06  
9.804255e-02  7.931091e+03  5.013972e-03  1.043587e+01  7.701221e-01  2.132958e-01  1.830080e-04  1.639725e-02  1.792693e-06  
9.806210e-02  7.931093e+03  5.013975e-03  1.030929e+01  7.701222e-01  2.132958e-01  1.830077e-04  1.639721e-02  1.792691e-06  
9.808145e-02  7.931094e+03  5.013977e-03  1.018411e+01  7.701222e-01  2.132958e-01  1.830074e-04  1.639717e-02  1.792689e-06  
9.810065e-02  7.931095e+03  5.013979e-03  1.006001e+01  7.701223e-01  2.132958e-01  1.830071e-04  1.639713e-02  1.792687e-06  
9.811960e-02  7.931096e+03  5.013982e-03  9.937619e+00  7.701223e-01  2.132958e-01  1.830069e-04  1.639709e-02  1.792685e-06  
9.813830e-02  7.931097e+03  5.013985e-03  9.816944e+00  7.701224e-01  2.132958e-01  1.830066e-04  1.639705e-02  1.792683e-06  
9.815680e-02  7.931099e+03  5.013987e-03  9.697655e+00  7.701224e-01  2.132958e-01  1.830063e-04  1.639702e-02  1.792681e-06  
9.817510e-02  7.931100e+03  5.013990e-03  9.579750e+00  7.701225e-01  2.132958e-01  1.830061e-04  1.639698e-02  1.792679e-06  
9.819320e-02  7.931101e+03  5.013992e-03  9.463225e+00  7.701225e-01  2.132958e-01  1.830058e-04  1.639694e-02  1.792677e-06  
9.821110e-02  7.931102e+03  5.013994e-03  9.348077e+00  7.701225e-01  2.132958e-01  1.830055e-04  1.639691e-02  1.792675e-06  
9.822880e-02  7.931103e+03  5.013996e-03  9.234303e+00  7.701226e-01  2.132957e-01  1.830053e-04  1.639687e-02  1.792673e-06  
9.824630e-02  7.931104e+03  5.013999e-03  9.121901e+00  7.701226e-01  2.132957e-01  1.830050e-04  1.639683e-02  1.792672e-06  
9.826365e-02  7.931105e+03  5.014000e-03  9.010548e+00  7.701227e-01  2.132957e-01  1.830048e-04  1.639680e-02  1.792669e-06  
9.828080e-02  7.931106e+03  5.014003e-03  8.900559e+00  7.701227e-01  2.132957e-01  1.830045e-04  1.639677e-02  1.792668e-06  
9.829770e-02  7.931107e+03  5.014005e-03  8.792254e+00  7.701228e-01  2.132957e-01  1.830043e-04  1.639673e-02  1.792666e-06  
9.831440e-02  7.931108e+03  5.014007e-03  8.685310e+00  7.701228e-01  2.132957e-01  1.830041e-04  1.639670e-02  1.792665e-06  
9.833095e-02  7.931109e+03  5.014009e-03  8.579404e+00  7.701228e-01  2.132957e-01  1.830038e-04  1.639667e-02  1.792663e-06  
9.834735e-02  7.931110e+03  5.014011e-03  8.474533e+00  7.701229e-01  2.132957e-01  1.830036e-04  1.639664e-02  1.792661e-06  
9.836355e-02  7.931111e+03  5.014013e-03  8.371014e+00  7.701229e-01  2.132957e-01  1.830034e-04  1.639660e-02  1.792659e-06  
9.837955e-02  7.931112e+03  5.014015e-03  8.268845e+00  7.701229e-01  2.132957e-01  1.830032e-04  1.639657e-02  1.792658e-06  
9.839535e-02  7.931113e+03  5.014017e-03  8.168024e+00  7.701230e-01  2.132957e-01  1.830030e-04  1.639654e-02  1.792656e-06  
9.841095e-02  7.931114e+03  5.014019e-03  8.068548e+00  7.701230e-01  2.132957e-01  1.830027e-04  1.639651e-02  1.792655e-06  
9.842640e-02  7.931115e+03  5.014020e-03  7.970096e+00  7.701231e-01  2.132957e-01  1.830025e-04  1.639648e-02  1.792653e-06  
9.844170e-02  7.931116e+03  5.014022e-03  7.872666e+00  7.701231e-01  2.132957e-01  1.830023e-04  1.639645e-02  1.792651e-06  
9.845685e-02  7.931117e+03  5.014023e-03  7.776256e+00  7.701231e-01  2.132957e-01  1.830021e-04  1.639642e-02  1.792650e-06  
9.847180e-02  7.931118e+03  5.014026e-03  7.681180e+00  7.701232e-01  2.132956e-01  1.830019e-04  1.639639e-02  1.792649e-06  
9.848655e-02  7.931119e+03  5.014027e-03  7.587440e+00  7.701232e-01  2.132956e-01  1.830017e-04  1.639637e-02  1.792647e-06  
9.850120e-02  7.931119e+03  5.014029e-03  7.494395e+00  7.701232e-01  2.132956e-01  1.830015e-04  1.639634e-02  1.792645e-06  
9.851565e-02  7.931121e+03  5.014031e-03  7.402678e+00  7.701233e-01  2.132956e-01  1.830013e-04  1.639631e-02  1.792644e-06  
9.852990e-02  7.931121e+03  5.014032e-03  7.312290e+00  7.701233e-01  2.132956e-01  1.830011e-04  1.639628e-02  1.792643e-06  
9.854405e-02  7.931122e+03  5.014033e-03  7.222592e+00  7.701233e-01  2.132956e-01  1.830009e-04  1.639626e-02  1.792641e-06  
9.855805e-02  7.931123e+03  5.014035e-03  7.133900e+00  7.701234e-01  2.132956e-01  1.830008e-04  1.639623e-02  1.792640e-06  
9.857185e-02  7.931124e+03  5.014037e-03  7.046530e+00  7.701234e-01  2.132956e-01  1.830006e-04  1.639621e-02  1.792639e-06  
9.858550e-02  7.931124e+03  5.014038e-03  6.960162e+00  7.701234e-01  2.132956e-01  1.830004e-04  1.639618e-02  1.792637e-06  
9.859900e-02  7.931125e+03  5.014040e-03  6.874794e+00  7.701235e-01  2.132956e-01  1.830002e-04  1.639616e-02  1.792636e-06  
9.861235e-02  7.931126e+03  5.014041e-03  6.790427e+00  7.701235e-01  2.132956e-01  1.830000e-04  1.639613e-02  1.792635e-06  
9.862560e-02  7.931126e+03  5.014042e-03  6.706741e+00  7.701235e-01  2.132956e-01  1.829999e-04  1.639611e-02  1.792633e-06  
9.863865e-02  7.931128e+03  5.014045e-03  6.624364e+00  7.701235e-01  2.132956e-01  1.829997e-04  1.639608e-02  1.792632e-06  
9.865155e-02  7.931128e+03  5.014045e-03  6.542985e+00  7.701236e-01  2.132956e-01  1.829995e-04  1.639606e-02  1.792631e-06  
9.866435e-02  7.931129e+03  5.014047e-03  6.462281e+00  7.701236e-01  2.132956e-01  1.829994e-04  1.639604e-02  1.792630e-06  
9.867695e-02  7.931130e+03  5.014049e-03  6.382884e+00  7.701236e-01  2.132956e-01  1.829992e-04  1.639601e-02  1.792628e-06  
9.868940e-02  7.931130e+03  5.014050e-03  6.304476e+00  7.701237e-01  2.132956e-01  1.829990e-04  1.639599e-02  1.792627e-06  
9.870175e-02  7.931131e+03  5.014051e-03  6.226742e+00  7.701237e-01  2.132956e-01  1.829989e-04  1.639597e-02  1.792626e-06  
9.871395e-02  7.931132e+03  5.014052e-03  6.149993e+00  7.701237e-01  2.132956e-01  1.829987e-04  1.639595e-02  1.792625e-06  
9.872600e-02  7.931132e+03  5.014053e-03  6.074230e+00  7.701237e-01  2.132956e-01  1.829986e-04  1.639593e-02  1.792624e-06  
9.873795e-02  7.931133e+03  5.014054e-03  5.999137e+00  7.701238e-01  2.132955e-01  1.829984e-04  1.639590e-02  1.792622e-06  
9.874975e-02  7.931134e+03  5.014056e-03  5.925025e+00  7.701238e-01  2.132955e-01  1.829983e-04  1.639588e-02  1.792622e-06  
9.876140e-02  7.931134e+03  5.014057e-03  5.851895e+00  7.701238e-01  2.132955e-01  1.829981e-04  1.639586e-02  1.792620e-06  
9.877295e-02  7.931135e+03  5.014058e-03  5.779430e+00  7.701238e-01  2.132955e-01  1.829980e-04  1.639584e-02  1.792619e-06  
9.878435e-02  7.931136e+03  5.014060e-03  5.707943e+00  7.701239e-01  2.132955e-01  1.829978e-04  1.639582e-02  1.792618e-06  
9.879560e-02  7.931136e+03  5.014060e-03  5.637434e+00  7.701239e-01  2.132955e-01  1.829977e-04  1.639580e-02  1.792617e-06  
9.880675e-02  7.931137e+03  5.014061e-03  5.567586e+00  7.701239e-01  2.132955e-01  1.829976e-04  1.639578e-02  1.792616e-06  
9.881780e-02  7.931137e+03  5.014062e-03  5.498400e+00  7.701239e-01  2.132955e-01  1.829974e-04  1.639576e-02  1.792615e-06  
9.882870e-02  7.931138e+03  5.014064e-03  5.430187e+00  7.701240e-01  2.132955e-01  1.829973e-04  1.639574e-02  1.792614e-06  
9.883945e-02  7.931139e+03  5.014065e-03  5.362946e+00  7.701240e-01  2.132955e-01  1.829972e-04  1.639572e-02  1.792613e-06  
9.885010e-02  7.931139e+03  5.014066e-03  5.296363e+00  7.701240e-01  2.132955e-01  1.829970e-04  1.639571e-02  1.792612e-06  
9.886065e-02  7.931140e+03  5.014067e-03  5.230437e+00  7.701240e-01  2.132955e-01  1.829969e-04  1.639569e-02  1.792611e-06  
9.887105e-02  7.931141e+03  5.014068e-03  5.165479e+00  7.701240e-01  2.132955e-01  1.829968e-04  1.639567e-02  1.792610e-06  
9.888135e-02  7.931141e+03  5.014068e-03  5.101177e+00  7.701241e-01  2.132955e-01  1.829966e-04  1.639565e-02  1.792609e-06  
9.889155e-02  7.931142e+03  5.014070e-03  5.037527e+00  7.701241e-01  2.132955e-01  1.829965e-04  1.639563e-02  1.792608e-06  
9.890160e-02  7.931142e+03  5.014071e-03  4.974844e+00  7.701241e-01  2.132955e-01  1.829964e-04  1.639562e-02  1.792607e-06  
9.891155e-02  7.931143e+03  5.014072e-03  4.912813e+00  7.701241e-01  2.132955e-01  1.829963e-04  1.639560e-02  1.792606e-06  
9.892140e-02  7.931143e+03  5.014073e-03  4.851432e+00  7.701241e-01  2.132955e-01  1.829961e-04  1.639558e-02  1.792606e-06  
9.893110e-02  7.931144e+03  5.014074e-03  4.791014e+00  7.701242e-01  2.132955e-01  1.829960e-04  1.639557e-02  1.792605e-06  
9.894070e-02  7.931144e+03  5.014074e-03  4.731245e+00  7.701242e-01  2.132955e-01  1.829959e-04  1.639555e-02  1.792604e-06  
9.895025e-02  7.931144e+03  5.014075e-03  4.671814e+00  7.701242e-01  2.132955e-01  1.829958e-04  1.639553e-02  1.792603e-06  
9.895965e-02  7.931145e+03  5.014077e-03  4.613341e+00  7.701242e-01  2.132955e-01  1.829957e-04  1.639552e-02  1.792602e-06  
9.896895e-02  7.931145e+03  5.014077e-03  4.555516e+00  7.701242e-01  2.132955e-01  1.829956e-04  1.639550e-02  1.792601e-06  
9.897815e-02  7.931146e+03  5.014078e-03  4.498336e+00  7.701243e-01  2.132955e-01  1.829955e-04  1.639549e-02  1.792601e-06  
9.898720e-02  7.931147e+03  5.014079e-03  4.442112e+00  7.701243e-01  2.132955e-01  1.829953e-04  1.639547e-02  1.792600e-06  
9.899620e-02  7.931147e+03  5.014079e-03  4.386223e+00  7.701243e-01  2.132955e-01  1.829952e-04  1.639545e-02  1.792599e-06  
9.900510e-02  7.931148e+03  5.014081e-03  4.330977e+00  7.701243e-01  2.132955e-01  1.829951e-04  1.639544e-02  1.792598e-06  
9.901390e-02  7.931148e+03  5.014081e-03  4.276375e+00  7.701243e-01  2.132954e-01  1.829950e-04  1.639543e-02  1.792597e-06  
9.902260e-02  7.931149e+03  5.014082e-03  4.222414e+00  7.701244e-01  2.132954e-01  1.829949e-04  1.639541e-02  1.792597e-06  
9.903115e-02  7.931149e+03  5.014083e-03  4.169405e+00  7.701244e-01  2.132954e-01  1.829948e-04  1.639540e-02  1.792596e-06  
9.903965e-02  7.931149e+03  5.014083e-03  4.116728e+00  7.701244e-01  2.132954e-01  1.829947e-04  1.639538e-02  1.792595e-06  
9.904805e-02  7.931150e+03  5.014085e-03  4.064689e+00  7.701244e-01  2.132954e-01  1.829946e-04  1.639537e-02  1.792594e-06  
9.905635e-02  7.931150e+03  5.014085e-03  4.013291e+00  7.701244e-01  2.132954e-01  1.829945e-04  1.639535e-02  1.792593e-06  
9.906455e-02  7.931151e+03  5.014086e-03  3.962531e+00  7.701244e-01  2.132954e-01  1.829944e-04  1.639534e-02  1.792593e-06  
9.907265e-02  7.931151e+03  5.014086e-03  3.912410e+00  7.701245e-01  2.132954e-01  1.829943e-04  1.639533e-02  1.792592e-06  
9.908070e-02  7.931151e+03  5.014087e-03  3.862616e+00  7.701245e-01  2.132954e-01  1.829942e-04  1.639531e-02  1.792591e-06  
9.908865e-02  7.931152e+03  5.014088e-03  3.813460e+00  7.701245e-01  2.132954e-01  1.829941e-04  1.639530e-02  1.792591e-06  
9.909650e-02  7.931152e+03  5.014089e-03  3.764939e+00  7.701245e-01  2.132954e-01  1.829940e-04  1.639529e-02  1.792590e-06  
9.910425e-02  7.931153e+03  5.014089e-03  3.717054e+00  7.701245e-01  2.132954e-01  1.829939e-04  1.639527e-02  1.792589e-06  
9.911190e-02  7.931153e+03  5.014090e-03  3.669804e+00  7.701245e-01  2.132954e-01  1.829939e-04  1.639526e-02  1.792589e-06  
9.911945e-02  7.931154e+03  5.014091e-03  3.623188e+00  7.701246e-01  2.132954e-01  1.829938e-04  1.639525e-02  1.792588e-06  
9.912695e-02  7.931154e+03  5.014091e-03  3.576897e+00  7.701246e-01  2.132954e-01  1.829937e-04  1.639524e-02  1.792587e-06  
9.913440e-02  7.931154e+03  5.014092e-03  3.530931e+00  7.701246e-01  2.132954e-01  1.829936e-04  1.639522e-02  1.792586e-06  
9.914170e-02  7.931155e+03  5.014093e-03  3.485906e+00  7.701246e-01  2.132954e-01  1.829935e-04  1.639521e-02  1.792586e-06  
9.914895e-02  7.931155e+03  5.014092e-03  3.441205e+00  7.701246e-01  2.132954e-01  1.829934e-04  1.639520e-02  1.792585e-06  
9.915615e-02  7.931156e+03  5.014094e-03  3.396826e+00  7.701246e-01  2.132954e-01  1.829933e-04  1.639519e-02  1.792585e-06  
9.916320e-02  7.931156e+03  5.014094e-03  3.353387e+00  7.701246e-01  2.132954e-01  1.829933e-04  1.639518e-02  1.792584e-06  
9.917020e-02  7.931156e+03  5.014095e-03  3.310271e+00  7.701247e-01  2.132954e-01  1.829932e-04  1.639517e-02  1.792583e-06  
9.917715e-02  7.931157e+03  5.014095e-03  3.267476e+00  7.701247e-01  2.132954e-01  1.829931e-04  1.639515e-02  1.792583e-06  
9.918400e-02  7.931157e+03  5.014096e-03  3.225311e+00  7.701247e-01  2.132954e-01  1.829930e-04  1.639514e-02  1.792582e-06  
9.919075e-02  7.931157e+03  5.014097e-03  3.183774e+00  7.701247e-01  2.132954e-01  1.829929e-04  1.639513e-02  1.792582e-06  
9.919740e-02  7.931158e+03  5.014097e-03  3.142866e+00  7.701247e-01  2.132954e-01  1.829929e-04  1.639512e-02  1.792581e-06  
9.920400e-02  7.931158e+03  5.014097e-03  3.102279e+00  7.701247e-01  2.132954e-01  1.829928e-04  1.639511e-02  1.792580e-06  
9.921055e-02  7.931158e+03  5.014098e-03  3.062011e+00  7.701247e-01  2.132954e-01  1.829927e-04  1.639510e-02  1.792580e-06  
9.921705e-02  7.931158e+03  5.014098e-03  3.022063e+00  7.701247e-01  2.132954e-01  1.829926e-04  1.639509e-02  1.792579e-06  
9.922345e-02  7.931159e+03  5.014100e-03  2.982741e+00  7.701248e-01  2.132954e-01  1.829926e-04  1.639508e-02  1.792579e-06  
9.922975e-02  7.931159e+03  5.014100e-03  2.944045e+00  7.701248e-01  2.132954e-01  1.829925e-04  1.639507e-02  1.792578e-06  
9.923600e-02  7.931160e+03  5.014100e-03  2.905668e+00  7.701248e-01  2.132954e-01  1.829924e-04  1.639506e-02  1.792578e-06  
9.924220e-02  7.931160e+03  5.014100e-03  2.867610e+00  7.701248e-01  2.132954e-01  1.829923e-04  1.639505e-02  1.792577e-06  
9.924830e-02  7.931161e+03  5.014102e-03  2.830175e+00  7.701248e-01  2.132954e-01  1.829923e-04  1.639504e-02  1.792577e-06  
9.925430e-02  7.931161e+03  5.014102e-03  2.793366e+00  7.701248e-01  2.132954e-01  1.829922e-04  1.639503e-02  1.792576e-06  
9.926030e-02  7.931161e+03  5.014102e-03  2.756567e+00  7.701248e-01  2.132954e-01  1.829921e-04  1.639502e-02  1.792575e-06  
9.926620e-02  7.931162e+03  5.014103e-03  2.720391e+00  7.701248e-01  2.132954e-01  1.829921e-04  1.639501e-02  1.792575e-06  
9.927200e-02  7.931162e+03  5.014103e-03  2.684838e+00  7.701249e-01  2.132954e-01  1.829920e-04  1.639500e-02  1.792575e-06  
9.927780e-02  7.931162e+03  5.014103e-03  2.649296e+00  7.701249e-01  2.132954e-01  1.829919e-04  1.639499e-02  1.792574e-06  
9.928355e-02  7.931162e+03  5.014104e-03  2.614069e+00  7.701249e-01  2.132954e-01  1.829918e-04  1.639498e-02  1.792574e-06  
9.928920e-02  7.931162e+03  5.014104e-03  2.579464e+00  7.701249e-01  2.132954e-01  1.829918e-04  1.639497e-02  1.792573e-06  
9.929475e-02  7.931163e+03  5.014105e-03  2.545481e+00  7.701249e-01  2.132954e-01  1.829917e-04  1.639496e-02  1.792573e-06  
9.930025e-02  7.931163e+03  5.014105e-03  2.511813e+00  7.701249e-01  2.132954e-01  1.829917e-04  1.639496e-02  1.792572e-06  
9.930570e-02  7.931163e+03  5.014106e-03  2.478459e+00  7.701249e-01  2.132954e-01  1.829916e-04  1.639495e-02  1.792572e-06  
9.931110e-02  7.931163e+03  5.014106e-03  2.445421e+00  7.701249e-01  2.132953e-01  1.829915e-04  1.639494e-02  1.792571e-06  
9.931645e-02  7.931164e+03  5.014106e-03  2.412696e+00  7.701249e-01  2.132953e-01  1.829915e-04  1.639493e-02  1.792571e-06  
9.932170e-02  7.931164e+03  5.014107e-03  2.380592e+00  7.701249e-01  2.132953e-01  1.829914e-04  1.639492e-02  1.792570e-06  
9.932690e-02  7.931164e+03  5.014107e-03  2.348801e+00  7.701250e-01  2.132953e-01  1.829914e-04  1.639491e-02  1.792570e-06  
9.933205e-02  7.931165e+03  5.014108e-03  2.317323e+00  7.701250e-01  2.132953e-01  1.829913e-04  1.639490e-02  1.792569e-06  
9.933715e-02  7.931165e+03  5.014108e-03  2.286160e+00  7.701250e-01  2.132953e-01  1.829912e-04  1.639490e-02  1.792569e-06  
9.934220e-02  7.931165e+03  5.014108e-03  2.255308e+00  7.701250e-01  2.132953e-01  1.829912e-04  1.639489e-02  1.792569e-06  
9.934715e-02  7.931166e+03  5.014109e-03  2.225075e+00  7.701250e-01  2.132953e-01  1.829911e-04  1.639488e-02  1.792568e-06  
9.935205e-02  7.931166e+03  5.014109e-03  2.195155e+00  7.701250e-01  2.132953e-01  1.829911e-04  1.639487e-02  1.792568e-06  
9.935695e-02  7.931166e+03  5.014109e-03  2.165242e+00  7.701250e-01  2.132953e-01  1.829910e-04  1.639486e-02  1.792567e-06  
9.936180e-02  7.931166e+03  5.014110e-03  2.135641e+00  7.701250e-01  2.132953e-01  1.829910e-04  1.639486e-02  1.792567e-06  
9.936655e-02  7.931167e+03  5.014110e-03  2.106656e+00  7.701250e-01  2.132953e-01  1.829909e-04  1.639485e-02  1.792567e-06  
9.937125e-02  7.931167e+03  5.014110e-03  2.077984e+00  7.701250e-01  2.132953e-01  1.829908e-04  1.639484e-02  1.792566e-06  
9.937590e-02  7.931167e+03  5.014111e-03  2.049623e+00  7.701251e-01  2.132953e-01  1.829908e-04  1.639483e-02  1.792566e-06  
9.938050e-02  7.931167e+03  5.014111e-03  2.021573e+00  7.701251e-01  2.132953e-01  1.829907e-04  1.639483e-02  1.792565e-06  
9.938505e-02  7.931167e+03  5.014112e-03  1.993834e+00  7.701251e-01  2.132953e-01  1.829907e-04  1.639482e-02  1.792565e-06  
9.938950e-02  7.931168e+03  5.014112e-03  1.966711e+00  7.701251e-01  2.132953e-01  1.829906e-04  1.639481e-02  1.792565e-06  
9.939395e-02  7.931167e+03  5.014112e-03  1.939594e+00  7.701251e-01  2.132953e-01  1.829906e-04  1.639481e-02  1.792564e-06  
9.939835e-02  7.931168e+03  5.014113e-03  1.912786e+00  7.701251e-01  2.132953e-01  1.829905e-04  1.639480e-02  1.792564e-06  
9.940265e-02  7.931168e+03  5.014113e-03  1.886594e+00  7.701251e-01  2.132953e-01  1.829905e-04  1.639479e-02  1.792563e-06  
9.940695e-02  7.931168e+03  5.014113e-03  1.860408e+00  7.701251e-01  2.132953e-01  1.829904e-04  1.639478e-02  1.792563e-06  
9.941120e-02  7.931169e+03  5.014114e-03  1.834531e+00  7.701251e-01  2.132953e-01  1.829904e-04  1.639478e-02  1.792563e-06  
9.941540e-02  7.931169e+03  5.014114e-03  1.808964e+00  7.701251e-01  2.132953e-01  1.829903e-04  1.639477e-02  1.792562e-06  
9.941955e-02  7.931169e+03  5.014114e-03  1.783706e+00  7.701251e-01  2.132953e-01  1.829903e-04  1.639476e-02  1.792562e-06  
9.942365e-02  7.931169e+03  5.014114e-03  1.758757e+00  7.701251e-01  2.132953e-01  1.829902e-04  1.639476e-02  1.792561e-06  
9.942770e-02  7.931170e+03  5.014115e-03  1.734118e+00  7.701252e-01  2.132953e-01  1.829902e-04  1.639475e-02  1.792561e-06  
9.943170e-02  7.931170e+03  5.014115e-03  1.709788e+00  7.701252e-01  2.132953e-01  1.829901e-04  1.639475e-02  1.792561e-06  
9.943570e-02  7.931170e+03  5.014115e-03  1.685462e+00  7.701252e-01  2.132953e-01  1.829901e-04  1.639474e-02  1.792560e-06  
9.943965e-02  7.931170e+03  5.014116e-03  1.661445e+00  7.701252e-01  2.132953e-01  1.829901e-04  1.639473e-02  1.792560e-06  
9.944350e-02  7.931171e+03  5.014116e-03  1.638041e+00  7.701252e-01  2.132953e-01  1.829900e-04  1.639473e-02  1.792560e-06  
9.944730e-02  7.931171e+03  5.014116e-03  1.614945e+00  7.701252e-01  2.132953e-01  1.829900e-04  1.639472e-02  1.792560e-06  
9.945110e-02  7.931171e+03  5.014116e-03  1.591853e+00  7.701252e-01  2.132953e-01  1.829899e-04  1.639471e-02  1.792559e-06  
9.945485e-02  7.931171e+03  5.014117e-03  1.569069e+00  7.701252e-01  2.132953e-01  1.829899e-04  1.639471e-02  1.792559e-06  
9.945855e-02  7.931171e+03  5.014117e-03  1.546593e+00  7.701252e-01  2.132953e-01  1.829898e-04  1.639470e-02  1.792558e-06  
9.946220e-02  7.931171e+03  5.014117e-03  1.524425e+00  7.701252e-01  2.132953e-01  1.829898e-04  1.639470e-02  1.792558e-06  
9.946580e-02  7.931171e+03  5.014117e-03  1.502565e+00  7.701252e-01  2.132953e-01  1.829898e-04  1.639469e-02  1.792558e-06  
9.946940e-02  7.931172e+03  5.014117e-03  1.480708e+00  7.701252e-01  2.132953e-01  1.829897e-04  1.639469e-02  1.792557e-06  
9.947295e-02  7.931172e+03  5.014118e-03  1.459158e+00  7.701252e-01  2.132953e-01  1.829897e-04  1.639468e-02  1.792557e-06  
9.947645e-02  7.931172e+03  5.014118e-03  1.437916e+00  7.701252e-01  2.132953e-01  1.829896e-04  1.639467e-02  1.792557e-06  
9.947990e-02  7.931172e+03  5.014119e-03  1.416981e+00  7.701253e-01  2.132953e-01  1.829896e-04  1.639467e-02  1.792557e-06  
9.948330e-02  7.931172e+03  5.014119e-03  1.396353e+00  7.701253e-01  2.132953e-01  1.829896e-04  1.639466e-02  1.792556e-06  
9.948670e-02  7.931172e+03  5.014119e-03  1.375728e+00  7.701253e-01  2.132953e-01  1.829895e-04  1.639466e-02  1.792556e-06  
9.949005e-02  7.931173e+03  5.014119e-03  1.355409e+00  7.701253e-01  2.132953e-01  1.829895e-04  1.639465e-02  1.792556e-06  
9.949335e-02  7.931173e+03  5.014119e-03  1.335398e+00  7.701253e-01  2.132953e-01  1.829894e-04  1.639465e-02  1.792555e-06  
9.949660e-02  7.931173e+03  5.014120e-03  1.315692e+00  7.701253e-01  2.132953e-01  1.829894e-04  1.639464e-02  1.792555e-06  
9.949985e-02  7.931173e+03  5.014119e-03  1.295990e+00  7.701253e-01  2.132953e-01  1.829893e-04  1.639464e-02  1.792555e-06  
9.950305e-02  7.931174e+03  5.014120e-03  1.276594e+00  7.701253e-01  2.132953e-01  1.829893e-04  1.639463e-02  1.792555e-06  
9.950620e-02  7.931173e+03  5.014120e-03  1.257505e+00  7.701253e-01  2.132953e-01  1.829893e-04  1.639463e-02  1.792554e-06  
9.950935e-02  7.931174e+03  5.014120e-03  1.238418e+00  7.701253e-01  2.132953e-01  1.829893e-04  1.639462e-02  1.792554e-06  
9.951240e-02  7.931174e+03  5.014121e-03  1.219939e+00  7.701253e-01  2.132953e-01  1.829892e-04  1.639462e-02  1.792554e-06  
9.951545e-02  7.931174e+03  5.014120e-03  1.201464e+00  7.701253e-01  2.132953e-01  1.829892e-04  1.639461e-02  1.792553e-06  
9.951850e-02  7.931174e+03  5.014121e-03  1.182991e+00  7.701253e-01  2.132953e-01  1.829891e-04  1.639461e-02  1.792553e-06  
9.952145e-02  7.931175e+03  5.014121e-03  1.165127e+00  7.701253e-01  2.132953e-01  1.829891e-04  1.639460e-02  1.792553e-06  
9.952440e-02  7.931174e+03  5.014121e-03  1.147266e+00  7.701253e-01  2.132953e-01  1.829891e-04  1.639460e-02  1.792553e-06  
9.952735e-02  7.931175e+03  5.014121e-03  1.129407e+00  7.701253e-01  2.132953e-01  1.829890e-04  1.639459e-02  1.792552e-06  
9.953020e-02  7.931175e+03  5.014122e-03  1.112155e+00  7.701254e-01  2.132953e-01  1.829890e-04  1.639459e-02  1.792552e-06  
9.953305e-02  7.931175e+03  5.014121e-03  1.094907e+00  7.701254e-01  2.132953e-01  1.829890e-04  1.639458e-02  1.792552e-06  
9.953590e-02  7.931175e+03  5.014122e-03  1.077660e+00  7.701254e-01  2.132953e-01  1.829889e-04  1.639458e-02  1.792552e-06  
9.953865e-02  7.931176e+03  5.014123e-03  1.061022e+00  7.701254e-01  2.132953e-01  1.829889e-04  1.639457e-02  1.792552e-06  
9.954140e-02  7.931175e+03  5.014122e-03  1.044385e+00  7.701254e-01  2.132953e-01  1.829889e-04  1.639457e-02  1.792551e-06  
9.954415e-02  7.931176e+03  5.014123e-03  1.027751e+00  7.701254e-01  2.132953e-01  1.829888e-04  1.639456e-02  1.792551e-06  
9.954685e-02  7.931176e+03  5.014123e-03  1.011421e+00  7.701254e-01  2.132953e-01  1.829888e-04  1.639456e-02  1.792551e-06  
9.954950e-02  7.931176e+03  5.014123e-03  9.953960e-01  7.701254e-01  2.132953e-01  1.829888e-04  1.639455e-02  1.792551e-06  
9.955210e-02  7.931176e+03  5.014123e-03  9.796754e-01  7.701254e-01  2.132953e-01  1.829887e-04  1.639455e-02  1.792550e-06  
9.955470e-02  7.931176e+03  5.014123e-03  9.639568e-01  7.701254e-01  2.132953e-01  1.829887e-04  1.639455e-02  1.792550e-06  
9.955730e-02  7.931176e+03  5.014123e-03  9.482403e-01  7.701254e-01  2.132953e-01  1.829887e-04  1.639454e-02  1.792550e-06  
9.955985e-02  7.931177e+03  5.014124e-03  9.328278e-01  7.701254e-01  2.132953e-01  1.829887e-04  1.639454e-02  1.792550e-06  
9.956235e-02  7.931177e+03  5.014124e-03  9.177196e-01  7.701254e-01  2.132953e-01  1.829886e-04  1.639453e-02  1.792549e-06  
9.956485e-02  7.931177e+03  5.014124e-03  9.026133e-01  7.701254e-01  2.132953e-01  1.829886e-04  1.639453e-02  1.792549e-06  
9.956730e-02  7.931177e+03  5.014124e-03  8.878108e-01  7.701254e-01  2.132953e-01  1.829886e-04  1.639453e-02  1.792549e-06  
9.956970e-02  7.931177e+03  5.014124e-03  8.733123e-01  7.701254e-01  2.132953e-01  1.829885e-04  1.639452e-02  1.792549e-06  
9.957210e-02  7.931177e+03  5.014124e-03  8.588156e-01  7.701254e-01  2.132953e-01  1.829885e-04  1.639452e-02  1.792548e-06  
9.957450e-02  7.931177e+03  5.014124e-03  8.443205e-01  7.701254e-01  2.132953e-01  1.829885e-04  1.639451e-02  1.792548e-06  
9.957685e-02  7.931178e+03  5.014125e-03  8.301290e-01  7.701254e-01  2.132953e-01  1.829884e-04  1.639451e-02  1.792548e-06  
9.957915e-02  7.931178e+03  5.014125e-03  8.162413e-01  7.701255e-01  2.132953e-01  1.829884e-04  1.639451e-02  1.792548e-06  
9.958145e-02  7.931178e+03  5.014125e-03  8.023551e-01  7.701255e-01  2.132953e-01  1.829884e-04  1.639450e-02  1.792547e-06  
9.958370e-02  7.931178e+03  5.014125e-03  7.887722e-01  7.701255e-01  2.132953e-01  1.829884e-04  1.639450e-02  1.792547e-06  
9.958595e-02  7.931178e+03  5.014125e-03  7.751911e-01  7.701255e-01  2.132953e-01  1.829883e-04  1.639449e-02  1.792547e-06  
9.958820e-02  7.931178e+03  5.014125e-03  7.616113e-01  7.701255e-01  2.132953e-01  1.829883e-04  1.639449e-02  1.792547e-06  
9.959035e-02  7.931178e+03  5.014126e-03  7.486365e-01  7.701255e-01  2.132953e-01  1.829883e-04  1.639449e-02  1.792547e-06  
9.959250e-02  7.931178e+03  5.014125e-03  7.356633e-01  7.701255e-01  2.132953e-01  1.829882e-04  1.639448e-02  1.792546e-06  
9.959465e-02  7.931178e+03  5.014126e-03  7.226913e-01  7.701255e-01  2.132953e-01  1.829882e-04  1.639448e-02  1.792546e-06  
9.959675e-02  7.931179e+03  5.014126e-03  7.100225e-01  7.701255e-01  2.132953e-01  1.829882e-04  1.639447e-02  1.792546e-06  
9.959885e-02  7.931179e+03  5.014126e-03  6.973550e-01  7.701255e-01  2.132953e-01  1.829882e-04  1.639447e-02  1.792546e-06  
9.960095e-02  7.931179e+03  5.014126e-03  6.846888e-01  7.701255e-01  2.132953e-01  1.829881e-04  1.639447e-02  1.792546e-06  
9.960300e-02  7.931179e+03  5.014126e-03  6.723254e-01  7.701255e-01  2.132953e-01  1.829881e-04  1.639446e-02  1.792546e-06  
9.960500e-02  7.931179e+03  5.014126e-03  6.602649e-01  7.701255e-01  2.132953e-01  1.829881e-04  1.639446e-02  1.792545e-06  
9.960700e-02  7.931179e+03  5.014126e-03  6.482056e-01  7.701255e-01  2.132953e-01  1.829881e-04  1.639446e-02  1.792545e-06  
9.960900e-02  7.931179e+03  5.014126e-03  6.361475e-01  7.701255e-01  2.132952e-01  1.829880e-04  1.639445e-02  1.792545e-06  
9.961095e-02  7.931179e+03  5.014127e-03  6.243920e-01  7.701255e-01  2.132952e-01  1.829880e-04  1.639445e-02  1.792545e-06  
9.961285e-02  7.931179e+03  5.014127e-03  6.129392e-01  7.701255e-01  2.132952e-01  1.829880e-04  1.639445e-02  1.792545e-06  
9.961475e-02  7.931180e+03  5.014127e-03  6.014874e-01  7.701255e-01  2.132952e-01  1.829880e-04  1.639444e-02  1.792544e-06  
9.961665e-02  7.931180e+03  5.014127e-03  5.900367e-01  7.701255e-01  2.132952e-01  1.829879e-04  1.639444e-02  1.792544e-06  
9.961855e-02  7.931180e+03  5.014127e-03  5.785871e-01  7.701255e-01  2.132952e-01  1.829879e-04  1.639444e-02  1.792544e-06  
9.962040e-02  7.931180e+03  5.014127e-03  5.674398e-01  7.701255e-01  2.132952e-01  1.829879e-04  1.639443e-02  1.792544e-06  
9.962220e-02  7.931180e+03  5.014127e-03  5.565949e-01  7.701255e-01  2.132952e-01  1.829879e-04  1.639443e-02  1.792544e-06  
9.962400e-02  7.931180e+03  5.014127e-03  5.457509e-01  7.701255e-01  2.132952e-01  1.829878e-04  1.639443e-02  1.792543e-06  
9.962580e-02  7.931180e+03  5.014127e-03  5.349080e-01  7.701256e-01  2.132952e-01  1.829878e-04  1.639442e-02  1.792543e-06  
9.962760e-02  7.931180e+03  5.014127e-03  5.240660e-01  7.701256e-01  2.132952e-01  1.829878e-04  1.639442e-02  1.792543e-06  
9.962935e-02  7.931181e+03  5.014128e-03  5.135262e-01  7.701256e-01  2.132952e-01  1.829878e-04  1.639442e-02  1.792543e-06  
9.963105e-02  7.931181e+03  5.014128e-03  5.032884e-01  7.701256e-01  2.132952e-01  1.829877e-04  1.639441e-02  1.792543e-06  
9.963275e-02  7.931181e+03  5.014128e-03  4.930515e-01  7.701256e-01  2.132952e-01  1.829877e-04  1.639441e-02  1.792542e-06  
9.963445e-02  7.931181e+03  5.014128e-03  4.828155e-01  7.701256e-01  2.132952e-01  1.829877e-04  1.639441e-02  1.792542e-06  
9.963610e-02  7.931181e+03  5.014128e-03  4.728814e-01  7.701256e-01  2.132952e-01  1.829877e-04  1.639440e-02  1.792542e-06  
9.963775e-02  7.931181e+03  5.014128e-03  4.629482e-01  7.701256e-01  2.132952e-01  1.829876e-04  1.639440e-02  1.792542e-06  
9.963940e-02  7.931181e+03  5.014128e-03  4.530157e-01  7.701256e-01  2.132952e-01  1.829876e-04  1.639440e-02  1.792542e-06  
9.964100e-02  7.931181e+03  5.014128e-03  4.433851e-01  7.701256e-01  2.132952e-01  1.829876e-04  1.639439e-02  1.792542e-06  
9.964260e-02  7.931181e+03  5.014128e-03  4.337552e-01  7.701256e-01  2.132952e-01  1.829876e-04  1.639439e-02  1.792541e-06  
9.964415e-02  7.931182e+03  5.014129e-03  4.244271e-01  7.701256e-01  2.132952e-01  1.829876e-04  1.639439e-02  1.792541e-06  
9.964570e-02  7.931181e+03  5.014128e-03  4.150997e-01  7.701256e-01  2.132952e-01  1.829875e-04  1.639438e-02  1.792541e-06  
9.964725e-02  7.931182e+03  5.014129e-03  4.057730e-01  7.701256e-01  2.132952e-01  1.829875e-04  1.639438e-02  1.792541e-06  
9.964875e-02  7.931182e+03  5.014129e-03  3.967480e-01  7.701256e-01  2.132952e-01  1.829875e-04  1.639438e-02  1.792541e-06  
9.965025e-02  7.931182e+03  5.014129e-03  3.877236e-01  7.701256e-01  2.132952e-01  1.829875e-04  1.639438e-02  1.792541e-06  
9.965175e-02  7.931182e+03  5.014129e-03  3.786999e-01  7.701256e-01  2.132952e-01  1.829874e-04  1.639437e-02  1.792540e-06  
9.965325e-02  7.931182e+03  5.014129e-03  3.696769e-01  7.701256e-01  2.132952e-01  1.829874e-04  1.639437e-02  1.792540e-06  
9.965470e-02  7.931182e+03  5.014129e-03  3.609553e-01  7.701256e-01  2.132952e-01  1.829874e-04  1.639437e-02  1.792540e-06  
9.965610e-02  7.931182e+03  5.014129e-03  3.525351e-01  7.701256e-01  2.132952e-01  1.829874e-04  1.639436e-02  1.792540e-06  
9.965755e-02  7.931182e+03  5.014128e-03  3.438149e-01  7.701256e-01  2.132952e-01  1.829873e-04  1.639436e-02  1.792539e-06  
9.965900e-02  7.931182e+03  5.014129e-03  3.350952e-01  7.701256e-01  2.132952e-01  1.829873e-04  1.639436e-02  1.792540e-06  
9.966035e-02  7.931183e+03  5.014130e-03  3.269775e-01  7.701256e-01  2.132952e-01  1.829873e-04  1.639435e-02  1.792540e-06  
9.966170e-02  7.931182e+03  5.014129e-03  3.188605e-01  7.701256e-01  2.132952e-01  1.829873e-04  1.639435e-02  1.792539e-06  
9.966305e-02  7.931183e+03  5.014130e-03  3.107439e-01  7.701256e-01  2.132952e-01  1.829873e-04  1.639435e-02  1.792539e-06  
9.966440e-02  7.931182e+03  5.014129e-03  3.026280e-01  7.701256e-01  2.132952e-01  1.829872e-04  1.639435e-02  1.792539e-06  
9.966575e-02  7.931183e+03  5.014129e-03  2.945125e-01  7.701257e-01  2.132952e-01  1.829872e-04  1.639434e-02  1.792539e-06  
9.966705e-02  7.931183e+03  5.014129e-03  2.866983e-01  7.701257e-01  2.132952e-01  1.829872e-04  1.639434e-02  1.792539e-06  
9.966835e-02  7.931183e+03  5.014129e-03  2.788845e-01  7.701257e-01  2.132952e-01  1.829872e-04  1.639434e-02  1.792538e-06  
9.966965e-02  7.931183e+03  5.014129e-03  2.710713e-01  7.701257e-01  2.132952e-01  1.829872e-04  1.639433e-02  1.792538e-06  
9.967090e-02  7.931183e+03  5.014130e-03  2.635590e-01  7.701257e-01  2.132952e-01  1.829871e-04  1.639433e-02  1.792538e-06  
9.967215e-02  7.931183e+03  5.014129e-03  2.560474e-01  7.701257e-01  2.132952e-01  1.829871e-04  1.639433e-02  1.792538e-06  
9.967340e-02  7.931183e+03  5.014130e-03  2.485361e-01  7.701257e-01  2.132952e-01  1.829871e-04  1.639433e-02  1.792538e-06  
9.967460e-02  7.931184e+03  5.014130e-03  2.413258e-01  7.701257e-01  2.132952e-01  1.829871e-04  1.639432e-02  1.792538e-06  
9.967580e-02  7.931184e+03  5.014130e-03  2.341159e-01  7.701257e-01  2.132952e-01  1.829870e-04  1.639432e-02  1.792537e-06  
9.967700e-02  7.931184e+03  5.014130e-03  2.269065e-01  7.701257e-01  2.132952e-01  1.829870e-04  1.639432e-02  1.792537e-06  
9.967820e-02  7.931184e+03  5.014130e-03  2.196975e-01  7.701257e-01  2.132952e-01  1.829870e-04  1.639431e-02  1.792537e-06  
9.967940e-02  7.931184e+03  5.014130e-03  2.124890e-01  7.701257e-01  2.132952e-01  1.829870e-04  1.639431e-02  1.792537e-06  
9.968055e-02  7.931184e+03  5.014130e-03  2.055813e-01  7.701257e-01  2.132952e-01  1.829870e-04  1.639431e-02  1.792537e-06  
9.968165e-02  7.931184e+03  5.014130e-03  1.989744e-01  7.701257e-01  2.132952e-01  1.829869e-04  1.639430e-02  1.792537e-06  
9.968280e-02  7.931184e+03  5.014130e-03  1.920674e-01  7.701257e-01  2.132952e-01  1.829869e-04  1.639430e-02  1.792536e-06  
9.968395e-02  7.931184e+03  5.014130e-03  1.851609e-01  7.701257e-01  2.132952e-01  1.829869e-04  1.639430e-02  1.792536e-06  
9.968505e-02  7.931184e+03  5.014130e-03  1.785551e-01  7.701257e-01  2.132952e-01  1.829869e-04  1.639430e-02  1.792536e-06  
9.968615e-02  7.931184e+03  5.014130e-03  1.719497e-01  7.701257e-01  2.132952e-01  1.829868e-04  1.639429e-02  1.792536e-06  
9.968720e-02  7.931185e+03  5.014131e-03  1.656449e-01  7.701257e-01  2.132952e-01  1.829868e-04  1.639429e-02  1.792536e-06  
9.968825e-02  7.931185e+03  5.014130e-03  1.593405e-01  7.701257e-01  2.132952e-01  1.829868e-04  1.639429e-02  1.792535e-06  
9.968935e-02  7.931185e+03  5.014130e-03  1.527361e-01  7.701257e-01  2.132952e-01  1.829868e-04  1.639428e-02  1.792535e-06  
9.969040e-02  7.931185e+03  5.014130e-03  1.464324e-01  7.701257e-01  2.132952e-01  1.829867e-04  1.639428e-02  1.792535e-06  
9.969140e-02  7.931185e+03  5.014130e-03  1.404292e-01  7.701257e-01  2.132952e-01  1.829867e-04  1.639428e-02  1.792535e-06  
9.969240e-02  7.931185e+03  5.014130e-03  1.344262e-01  7.701257e-01  2.132952e-01  1.829867e-04  1.639427e-02  1.792535e-06  
9.969340e-02  7.931185e+03  5.014130e-03  1.284236e-01  7.701257e-01  2.132952e-01  1.829867e-04  1.639427e-02  1.792534e-06  
9.969440e-02  7.931185e+03  5.014130e-03  1.224214e-01  7.701257e-01  2.132952e-01  1.829866e-04  1.639427e-02  1.792534e-06  
9.969540e-02  7.931185e+03  5.014130e-03  1.164194e-01  7.701257e-01  2.132952e-01  1.829866e-04  1.639426e-02  1.792534e-06  
9.969640e-02  7.931185e+03  5.014130e-03  1.104178e-01  7.701258e-01  2.132952e-01  1.829866e-04  1.639426e-02  1.792534e-06  
9.969735e-02  7.931186e+03  5.014131e-03  1.047165e-01  7.701258e-01  2.132952e-01  1.829866e-04  1.639425e-02  1.792534e-06  
9.969830e-02  7.931186e+03  5.014130e-03  9.901559e-02  7.701258e-01  2.132952e-01  1.829865e-04  1.639425e-02  1.792533e-06  
9.969925e-02  7.931186e+03  5.014130e-03  9.331488e-02  7.701258e-01  2.132952e-01  1.829865e-04  1.639425e-02  1.792533e-06  
9.970015e-02  7.931186e+03  5.014130e-03  8.791458e-02  7.701258e-01  2.132952e-01  1.829865e-04  1.639424e-02  1.792533e-06  
9.970110e-02  7.931186e+03  5.014130e-03  8.221447e-02  7.701258e-01  2.132952e-01  1.829864e-04  1.639424e-02  1.792532e-06  
9.970205e-02  7.931186e+03  5.014130e-03  7.651463e-02  7.701258e-01  2.132952e-01  1.829864e-04  1.639424e-02  1.792532e-06  
9.970295e-02  7.931186e+03  5.014130e-03  7.111509e-02  7.701258e-01  2.132952e-01  1.829864e-04  1.639423e-02  1.792532e-06  
9.970380e-02  7.931187e+03  5.014131e-03  6.601579e-02  7.701258e-01  2.132952e-01  1.829863e-04  1.639422e-02  1.792532e-06  
9.970465e-02  7.931187e+03  5.014130e-03  6.091674e-02  7.701258e-01  2.132952e-01  1.829863e-04  1.639422e-02  1.792531e-06  
9.970555e-02  7.931187e+03  5.014130e-03  5.551790e-02  7.701258e-01  2.132952e-01  1.829863e-04  1.639422e-02  1.792531e-06  
9.970640e-02  7.931187e+03  5.014130e-03  5.041932e-02  7.701258e-01  2.132952e-01  1.829862e-04  1.639421e-02  1.792531e-06  
9.970725e-02  7.931187e+03  5.014130e-03  4.532097e-02  7.701258e-01  2.132952e-01  1.829862e-04  1.639420e-02  1.792530e-06  
9.970810e-02  7.931188e+03  5.014130e-03  4.022281e-02  7.701258e-01  2.132952e-01  1.829861e-04  1.639420e-02  1.792530e-06  
9.970890e-02  7.931188e+03  5.014130e-03  3.542485e-02  7.701258e-01  2.132952e-01  1.829860e-04  1.639419e-02  1.792530e-06  
9.970975e-02  7.931188e+03  5.014129e-03  3.032716e-02  7.701258e-01  2.132952e-01  1.829860e-04  1.639418e-02  1.792529e-06  
9.971060e-02  7.931189e+03  5.014129e-03  2.522965e-02  7.701259e-01  2.132952e-01  1.829859e-04  1.639417e-02  1.792528e-06  
9.971140e-02  7.931189e+03  5.014129e-03  2.043169e-02  7.701259e-01  2.132952e-01  1.829857e-04  1.639414e-02  1.792526e-06  
9.971215e-02  7.931196e+03  5.014124e-03  1.592814e-02  7.701261e-01  2.132952e-01  1.829842e-04  1.639395e-02  1.792515e-06  
9.971290e-02  7.931254e+03  5.014078e-03  1.139957e-02  7.701282e-01  2.132948e-01  1.829705e-04  1.639220e-02  1.792405e-06  
9.971370e-02  7.931548e+03  5.013848e-03  6.609086e-03  7.701391e-01  2.132930e-01  1.828997e-04  1.638317e-02  1.791838e-06  
